0.0 270.15 270.15 270.15 270.15 270.15 270.15 270.15 14.298656560979635 14.298656560979635 14.298656560979635 7.673568863359098 7.673568863359098 7.673568861165598 7.673568857658884
86400.0 261.926740293 265.7681777023 268.4020104248 269.3475664263 270.019587447 270.1335406597 270.1473353969 14.298395107411956 14.298443293100533 14.29852314634268 7.673196702248513 7.673494663766348 7.673559111941812 7.673567271926521
172800.0 261.3559217603 264.5814516351 267.362941662 268.5395075411 269.7042696969 270.0467312395 270.1219520066 14.298390684847027 14.298423670297538 14.298482739740892 7.672953922560283 7.673339238958091 7.673509445971788 7.673552309425936
259200.0 261.7947044416 264.3709636303 266.8613839245 268.0100902713 269.3815893453 269.916568074 270.0720837021 14.298394043816481 14.298420757192229 14.298468120558447 7.67283634965444 7.673207597840778 7.673440094106122 7.673523650512187
345600.0 261.9155268482 264.257573921 266.5499824803 267.6436471165 269.0910762107 269.7640627069 270.0009287212 14.298395016086005 14.298419246527931 14.298460188783695 7.672768392489387 7.6731072115534396 7.673365784713288 7.673484368490862
432000.0 260.9275047511 263.6339301207 266.1031425434 267.259653895 268.8141469225 269.5996658421 269.9131688606 14.298387644046011 14.298411597425096 14.298450061342654 7.6727067677288385 7.673024281324367 7.673293001328037 7.673438356324741
518400.0 260.6439154254 263.2634181474 265.7383931957 266.9159674531 268.5499070086 269.4290802092 269.8129574704 14.298385748860454 14.298407521462796 14.298442721644081 7.672658155798248 7.672954639705006 7.673224439964286 7.673388847512281
604800.0 259.8040733271 262.6683829244 265.3052504516 266.5509881408 268.2869962886 269.2535838629 269.7030389845 14.29838062124109 14.29840159370879 14.298434913785282 7.672612292554444 7.672893034743683 7.6731603201163745 7.673337933926421
691200.0 258.609001632 261.8416496062 264.7608277408 266.1257541088 268.0096188684 269.0706875452 269.5843929873 14.298374372443991 14.298394419050894 14.298426271270534 7.672565083121977 7.6728350542145245 7.673099508413274 7.67328658618624
777600.0 258.2108227635 261.3611724045 264.3249141667 265.7357409296 267.7287552159 268.8806562506 269.4576269582 14.298372518574375 14.298390723517779 14.298420138880875 7.672526575473606 7.6727825144800965 7.67304197617593 7.673235459104495
864000.0 255.4377575048 259.7440913274 263.4438726268 265.1320916529 267.3985632105 268.6749607214 269.321005505 14.298361979765001 14.298380280279403 14.298409466722102 7.672474780557601 7.672727530440722 7.6729853408541295 7.673184239376222
950400.0 254.4340581113 258.7518853049 262.6918364935 264.5279705578 267.0329018931 268.4495569831 269.1723049455 14.298358956619827 14.298375063431118 14.298401814253822 7.6724302463585206 7.67267371826927 7.672929107789501 7.673132586830895
1036800.0 255.8339670779 259.1119769503 262.511357878 264.1981997274 266.7044995121 268.2168772667 269.013341246 14.29836327280354 14.298376869062682 14.298400142870383 7.672408304087034 7.672630619562214 7.672876579364106 7.673081575740099
1123200.0 256.7156328821 259.544240756 262.5219219866 264.0399362454 266.4397080684 267.9924157965 268.8493418988 14.29836638110468 14.298379166533694 14.2984002390979 7.672398254930941 7.672598943055858 7.672830506030112 7.673032995701849
1209600.0 256.5972417695 259.5214523379 262.4273959368 263.8881881209 266.2163020457 267.7825049904 268.6854038808 14.29836594387086 14.298379041674396 14.298399384995028 7.672389042657752 7.672574133282987 7.672790990867604 7.672988087352225
1296000.0 256.2305975918 259.2825259111 262.2364885129 263.7006880018 266.0094759456 267.5856339475 268.5242391326 14.298364629798288 14.298377757929076 14.298397706345288 7.67237815354978 7.672552600065635 7.672756705827589 7.672947116961001
1382400.0 255.735680331 258.9267445847 261.9765264176 263.4738308427 265.8038197556 267.3972067909 268.3663905356 14.298362946380832 14.29837592849081 14.298395515159886 7.672365588852897 7.672532442163359 7.672726142950759 7.672909730883973
1468800.0 256.9431997666 259.4085878248 262.0423670748 263.399191204 265.6325211569 267.2207759761 268.2131147168 14.298367240026257 14.298378429533024 14.298396060164446 7.672361488748646 7.672516487507951 7.672699330204243 7.6728757716460985
1555200.0 255.763487005 258.8758834663 261.7822694483 263.2079945165 265.4602759867 267.0527233673 268.064458804 14.298363038344178 14.298375674622772 14.298393944956523 7.672351536433668 7.672501203823122 7.672675269309695 7.672844839337637
1641600.0 256.6133862312 259.1492487068 261.7767604757 263.1151268294 265.3075721608 266.8939574118 267.9207476944 14.29836600311672 14.29837706140936 14.298393901224856 7.672346779284679 7.672488218416727 7.672653754972802 7.672816648952669
1728000.0 257.8406640236 259.8011076814 261.9938592522 263.161264027 265.2001583445 266.750962369 267.7839482695 14.298370884121603 14.29838060431188 14.298395657993721 7.6723490059616815 7.672479359590517 7.67263531428784 7.672791251740211
1814400.0 259.0516439569 260.5549888902 262.329380509 263.3117586803 265.1466532485 266.6305323018 267.6571945803 14.298376559913379 14.29838517263629 14.298398515550058 7.672356640872442 7.67247499721386 7.672620426823247 7.672768876593944
1900800.0 259.1778554833 260.8010366529 262.5085658989 263.4237713429 265.1204383336 266.5320100272 267.5424080928 14.298377209763037 14.298386787826988 14.298400117470194 7.672362512199333 7.672472859556411 7.6726086606566835 7.672749508409503
1987200.0 260.7318991591 261.6667526064 262.9152708643 263.6463706127 265.136039636 266.4572567759 267.4412846882 14.29838632732825 14.298393037076638 14.298403967329378 7.672374607073463 7.672474036936944 7.672599970114276 7.67273310704006
2073600.0 263.2136768727 263.1587362615 263.6498340493 264.0688798086 265.2252599575 266.4145024892 267.3570938943 14.298406998008561 14.29840642605494 14.298411779694558 7.672399281604535 7.6724811304283325 7.67259508857073 7.672719899743791
2160000.0 262.7683370465 263.3295341405 263.951071457 264.3434412268 265.3327704424 266.3990057175 267.2908799316 14.298402540718353 14.298408225656749 14.298415354211869 7.672416675253871 7.672489939867114 7.67259333485761 7.67270978587463
2246400.0 264.7292179592 264.4317661589 264.5380728712 264.7288649939 265.4755645208 266.4096846458 267.2430150303 14.298425804671925 14.298421583861623 14.298423057990442 7.672443034412421 7.6725020522892455 7.6725945424661175 7.672702619492648
2332800.0 262.6905884367 263.7030600628 264.4456772063 264.8119614793 265.5787850076 266.4313847274 267.2099764196 14.29840180248751 14.298412394264405 14.298421774659431 7.672449090758177 7.672511120195482 7.672597008513653 7.672697741994571
2419200.0 260.0970804676 262.2527556878 263.8705423334 264.5718935403 265.5842855928 266.4405502353 267.1834720428 14.298382333156473 14.298397847031103 14.298414375313437 7.672432136448673 7.6725116336717765 7.672598055020145 7.67269386918217
2505600.0 259.8658724812 261.7873301818 263.5315987188 264.344830808 265.5297748438 266.4278968233 267.1558265575 14.298380975849401 14.298393985163397 14.298410439463298 7.672416925952676 7.672506827837664 7.672596611042737 7.672689867049456
2592000.0 259.9324424198 261.6733205374 263.3662224577 264.1915586443 265.4564255782 266.3967189295 267.1231682623 14.298381361645449 14.298393088195713 14.29840862064403 7.672407075332414 7.672500452000891 7.6725930767701715 7.672685187740866
2678400.0 260.2682552758 261.7842521214 263.3353831697 264.1191631887 265.390044847 266.3552392513 267.0852673748 14.298383370325551 14.298393960700178 14.298408288427405 7.672402518619325 7.672494776347698 7.672588426265703 7.672679822044659
2764800.0 261.9455335227 262.6446485568 263.6560077273 264.2435499279 265.3711325854 266.3172927241 267.0455018843 14.298395260890288 14.298401371557526 14.298411850611123 7.672410284365645 7.672493156678612 7.672584222595527 7.672674265807355
2851200.0 263.2794799482 263.5270228441 264.0962186783 264.4876044868 265.4097610894 266.2947319742 267.0089946827 14.298407691640879 14.298410388274108 14.29841716374429 7.672426274102628 7.672496400423025 7.672581745970127 7.672669229800016
2937600.0 265.6072981091 264.95150587 264.8183811072 264.9157941286 265.5254202757 266.2993338495 266.9818976093 14.298440261420641 14.298429164246906 14.298427130160242 7.672456739137799 7.672506370868052 7.6725822497873235 7.672665531399752
3024000.0 267.1713248572 266.1394568692 265.5447856014 265.4103028945 265.7064429107 266.3369831524 266.9695585571 14.29847685761799 14.298450834980788 14.298439118896548 7.672496303476083 7.672522646524914 7.6725863978840145 7.67266385829777
3110400.0 265.8673517501 265.8306705371 265.6815690436 265.6448051159 265.87305088 266.395251175 266.9721354888 14.298445230456139 14.298444507612011 14.298441644363736 7.672516946589287 7.672538383942016 7.672592911213811 7.672664207150905
3196800.0 259.6013889225 262.6237861335 264.4647850461 265.1398885724 265.8665341487 266.4320522678 266.9788310785 14.298379481566155 14.298401177139315 14.298422037763322 7.672474205942295 7.672537785183775 7.672597084636771 7.672665114956984
3283200.0 257.9716931939 261.0304059533 263.4954071031 264.5325688603 265.7211955994 266.4227265434 266.9762308512 14.298371453302552 14.298388354256971 14.298410035960417 7.672429610099122 7.672524091219056 7.672596022621848 7.672664762169018
3369600.0 257.2467242629 260.194617628 262.826117719 264.0125221286 265.51009657 266.3670971928 266.9559453116 14.298368425070967 14.2983829206944 14.298403096749846 7.672396173929297 7.67250512988563 7.672589749768954 7.672662020356162
3456000.0 256.612940708 259.5761997609 262.3025525662 263.5705443692 265.2758241016 266.2754398723 266.9155381512 14.298366001478616 14.298379342371843 14.298398280383187 7.672370643764744 7.6724852877608125 7.672579641378731 7.672656613397136
3542400.0 256.7699082756 259.4220450039 262.0085054615 263.2570983479 265.0532246288 266.1620369085 266.8571509968 14.298366583726164 14.298378501979336 14.2983957790414 7.672353910647619 7.672467503875264 7.672567511052633 7.672648926260864
3628800.0 257.7461995979 259.8091228613 262.0068176273 263.1239097705 264.8757304014 266.0433238482 266.7862144659 14.298370479955832 14.298380650089587 14.298395765076075 7.672347064026033 7.672454002481594 7.672555237942172 7.672639781481103
3715200.0 259.5308408407 260.7608084192 262.3352563133 263.2105074682 264.7740940401 265.93682028 266.7104881203 14.298379093061177 14.298386519235127 14.29839856721092 7.672351341842291 7.672446505034996 7.672544579584661 7.672630247177053
3801600.0 259.6052864522 261.0050995638 262.4893537386 263.2833192012 264.7175417492 265.8484747632 266.6362859347 14.298379503148347 14.298388178450693 14.298399943066185 7.6723550467027986 7.67244239999537 7.672535980322655 7.672621125241442
3888000.0 262.351708088 262.470742216 263.1258970054 263.604079108 264.7419666349 265.7886765385 266.5700918342 14.298398712180031 14.298399774730177 14.298406087260398 7.672372147317811 7.672444104840572 7.672530279881944 7.672613165788841
3974400.0 263.4115533107 263.3801242369 263.6813184899 263.964593237 264.8297830131 265.7619494488 266.517211986 14.298409112885038 14.29840877110111 14.298412142365917 7.672392895516997 7.672450447111017 7.672527762647925 7.672606924337636
4060800.0 264.065918914 263.9821149253 264.118565171 264.2923058685 264.9511950227 265.7650720775 266.4802235498 14.298416781096973 14.298415736279155 14.298417447633632 7.672413288162288 7.672459475471714 7.672528055783267 7.6726026188861605
4147200.0 266.0432870542 265.1925438944 264.7869047378 264.7348466307 265.1201697923 265.7983071957 266.4608730751 14.298448803877129 14.298433024992798 14.298426658927774 7.672443428126486 7.672472524051879 7.672531191526651 7.672600385946136
4233600.0 267.7515502468 266.4163935484 265.5326104126 265.255230646 265.3403093121 265.8633226658 266.460870923 14.298495985681393 14.29845701655184 14.29843889861285 7.672483358312722 7.672490410084311 7.672537410619546 7.672600385696
4320000.0 267.569699696 266.6964942789 265.9286913483 265.6340201046 265.5649242312 265.9521559226 266.479450307 14.298489551701936 14.298463822833694 14.298446456045541 7.672516000204539 7.672509775060277 7.6725460943649875 7.6726025294048155
4406400.0 264.8230847259 265.443178084 265.6041613639 265.6216978174 265.7069883163 266.0409225317 266.510068528 14.298427200891961 14.2984373023974 14.29844020362804 7.672514853792767 7.672522651960562 7.672554994016279 7.672606089008462
4492800.0 263.5334831567 264.5350003602 265.2014648556 265.4537528422 265.7605897163 266.1106158351 266.54365991 14.298410460561072 14.2984230148643 14.298433172492365 7.672500058440756 7.672527650817892 7.672562142778102 7.67261003319621
4579200.0 262.6046641626 263.8418472999 264.8213921333 265.2357988159 265.7488124419 266.1534588297 266.5725877634 14.298400999631193 14.298414030699478 14.298427175428031 7.672481832401344 7.672526563755697 7.6725666098944 7.672613462926359
4665600.0 262.7081621756 263.7063554019 264.651379227 265.0937213805 265.7132466793 266.1732846029 266.5931351911 14.298401968369548 14.298412432546346 14.298424670861024 7.672470481609661 7.6725232702053585 7.672568696115229 7.672615917914996
4752000.0 262.3979074224 263.4877497233 264.4937175908 264.9708574592 265.6675104074 266.1761071309 266.6045692572 14.298399121706291 14.298409950982922 14.298422438410672 7.672460991627787 7.672519075530458 7.6725689941137905 7.672617290892261
4838400.0 261.0961200408 262.749203513 264.1263391315 264.7466448154 265.5916507621 266.1617218184 266.6062963163 14.298388814335029 14.29840235799634 14.298417546735799 7.672444433923344 7.672512230712737 7.672567477914424 7.672617498702364
4924800.0 260.6960632903 262.3422937698 263.8337545771 264.5274990607 265.4947731782 266.1309144948 266.5979344855 14.298386090701747 14.298398629172084 14.29841393390468 7.672429086574092 7.672503688154637 7.672564252285631 7.672616493607811
5011200.0 261.631675517 262.6848680321 263.8595114528 264.4622228585 265.417386051 266.092445829 266.5813348717 14.298392765100209 14.298401748621263 14.298414242575936 7.672424626187415 7.672497012592403 7.67256026504082 7.672614506099306
5097600.0 260.4825528547 262.1483983089 263.6119885263 264.3037556456 265.3326038597 266.0476205105 266.5579687377 14.298384709409502 14.298396951930986 14.298411346992616 7.672414184361096 7.672489857490595 7.672555674809508 7.672611725813611
5184000.0 260.8817060571 262.20475064 263.543601935 264.2102176907 265.2542591701 265.9992283274 266.529336479 14.298387331881829 14.298397433100442 14.29841057397913 7.672408174232778 7.672483381839938 7.672550785574279 7.672608346365609
5270400.0 260.4774732098 261.9843313249 263.4050760896 264.0988518103 265.1762029381 265.9482181422 266.4965659838 14.298384677131823 14.298395579422044 14.298409042261676 7.672401201816833 7.672477059681389 7.672545704778166 7.672604515090215
5356800.0 260.7120393472 262.0308110201 263.36179464 264.0306980947 265.1066976082 265.8967612517 266.4608770296 14.298386196018516 14.298395964026165 14.298408572813914 7.672397006713816 7.672471532748478 7.672540653743428 7.672600386398305
5443200.0 261.1614761965 262.2508611162 263.4167745689 264.0239172054 265.0561394646 265.8486617794 266.4240122485 14.298389277039151 14.298397830618184 14.298409169887268 7.672396570649804 7.67246756789565 7.672535998303585 7.672596168860012
5529600.0 261.3277539067 262.3759024123 263.4659501574 264.0340457697 265.0215691797 265.806154658 266.3876711395 14.29839047796137 14.298398926198136 14.29840970982454 7.6723971716736985 7.672464882243138 7.672531936186334 7.672592057384194
5616000.0 260.9261641423 262.195953159 263.3952705142 263.9928371593 264.9855990022 265.7671529563 266.3523996846 14.298387634873897 14.298397357645626 14.29840893552989 7.6723946766536795 7.672462117230168 7.672528251264551 7.6725881100360755
5702400.0 260.6686186274 262.0163960988 263.2935624297 263.9232471112 264.9417641055 265.7285835228 266.3177352727 14.29838591042733 14.298395844393504 14.298407841320337 7.67239051433291 7.6724587854907975 7.6725246462467895 7.672584271347996
5788800.0 261.1779853183 262.2221589946 263.3377981382 263.9170245757 264.9069098725 265.6917817163 266.2837399481 14.298389394746879 14.298397582773525 14.298408314363005 7.672390128993591 7.672456158466316 7.672521242102667 7.672580545355807
5875200.0 261.8201641572 262.5883713582 263.4877043455 263.9809247635 264.8943298679 265.660856525 266.2515810613 14.298394246922385 14.298400848906406 14.298409950479382 7.672393925100827 7.6724552079831865 7.672518408071403 7.6725770553044
5961600.0 262.419755704 262.9821256329 263.6863877263 264.0919682073 264.9070210636 265.6394925535 266.2230137289 14.298399316640792 14.2984046304496 14.298412200993505 7.672400673928856 7.672456145199486 7.672516464226062 7.672573982903148
6048000.0 262.6445316873 263.2015157079 263.8366259541 264.196920048 264.9348470481 265.628122848 266.199288412 14.29840137046758 14.298406870848266 14.298413968228397 7.672407221373356 7.672458226778368 7.672515434348805 7.672571450944776
6134400.0 262.9847624662 263.4440340476 263.9902239254 264.3058481274 264.973231512 265.6258677765 266.1809682701 14.29840465678676 14.298409468494059 14.29841583652226 7.672414188430616 7.672461127894183 7.672515230463912 7.672569507926808
6220800.0 263.0389233574 263.5463312017 264.0892247967 264.3911073682 265.0138224239 265.6304303363 266.1678370891 14.298405200892592 14.298410604612332 14.298417075184634 7.672419770431929 7.6724642297008465 7.6725156431065376 7.672568121673094
6307200.0 263.2532971814 263.6971869594 264.1945342949 264.4742145839 265.0558079711 265.6400146827 266.1593231244 14.298407414514298 14.298412326101388 14.298418423638289 7.6724253191651535 7.672467473377914 7.672516511597972 7.672567225714801
6393600.0 263.098676035 263.6688303041 264.2264961401 264.5206096904 265.0914510796 265.6519326509 266.1544190999 14.298405808151518 14.298411998219047 14.29841883936003 7.672428469430856 7.672470256102436 7.672517594734957 7.672566710660726
6480000.0 263.2095918748 263.7317098929 264.2748516612 264.5646186559 265.1227678388 265.6646572346 266.1521226115 14.29840695525848 14.298412728017153 14.298419474154418 7.6724314873072705 7.672472722544415 7.67251875508219 7.672566469722033
6566400.0 263.2330514379 263.7675706372 264.3131925522 264.6019120027 265.1505151242 265.67740234 266.1516290565 14.298407201254692 14.298413148723323 14.298419982547012 7.672434069956664 7.672474924736953 7.672519921360534 7.672566417958312
6652800.0 263.7533761848 264.0504879351 264.4498243868 264.6855633735 265.1865045891 265.692041377 266.1529289546 14.298412981808704 14.298416587226923 14.298421831661662 7.672439938527247 7.672477802864308 7.672521266000276 7.672566554301674
6739200.0 263.2644816027 263.8779931466 264.4262189279 264.7030361159 265.2140616618 265.7067014522 266.1555617322 14.298407532712819 14.298414465147882 14.298421507947884 7.672441187971001 7.672480026736902 7.67252261800941 7.672566830600937
6825600.0 263.9341438546 264.1909204371 264.5610189574 264.7811097716 265.2487152266 265.7227922425 266.1595590945 14.298415146982018 14.298418376828003 14.298423381092322 7.67244679729486 7.6724828440234845 7.672524108261976 7.672567250516749
6912000.0 264.0307361327 264.3224624879 264.6611213786 264.8582984801 265.2888852207 265.741323329 266.1652126334 14.298416340057905 14.29842010614427 14.298424811597831 7.672452454519765 7.672486141826135 7.6725258327572865 7.672567845253572
6998400.0 264.4008638569 264.5576053353 264.7996004241 264.9559526747 265.3370219733 265.7633898458 266.1729828075 14.298421162237606 14.298423332911637 14.298426848552774 7.672459767861456 7.672490139567038 7.672527897832003 7.672568664266181
7084800.0 263.6495806657 264.2450205693 264.7241254221 264.9543153692 265.3688295215 265.7848358286 266.1820876662 14.298411776781663 14.298419081710342 14.298425729835383 7.672459654275661 7.672492811952721 7.672529917001953 7.672569626346962
7171200.0 262.9531132015 263.8271099132 264.5452488525 264.8730296459 265.37167036 265.7997195071 266.1904523225 14.298404341582204 14.298413854561753 14.298423158845448 7.672453572507429 7.67249305659535 7.672531325426375 7.6725705124874155
7257600.0 262.806201872 263.6496211829 264.4250798159 264.7938798895 265.3561848288 265.805982852 266.1961999442 14.298402904377673 14.298411777246962 14.298421492376326 7.6724477597412255 7.672491757855565 7.6725319198649595 7.672571122650896
7344000.0 264.1312907688 264.2730228198 264.6419189445 264.8779343842 265.365356328 265.8112720088 266.2001264947 14.298417609952631 14.298419450016272 14.298424534509493 7.672453922741123 7.672492527548089 7.672532422662372 7.672571540084588
7430400.0 264.746663163 264.7329502758 264.8871850667 265.0223076342 265.4052960174 265.8229326653 266.2047046193 14.298426061739686 14.298425859583503 14.298428173059502 7.672464843327748 7.672495904552455 7.672533533771296 7.672572027397621
7516800.0 264.405509194 264.6858069661 264.9478481748 265.0980217605 265.449401364 265.8404209412 266.2113529127 14.298421225422567 14.298425169699067 14.298429107455016 7.672470741034366 7.6724996792538205 7.672535206993536 7.672572736244563
7603200.0 264.1205148785 264.5496361643 264.9274504558 265.1177922758 265.4824833728 265.8595173976 266.2197873466 14.298417472472913 14.298423220589896 14.298428791689554 7.672472305476308 7.672502542156552 7.6725370434872415 7.672573637542296
7689600.0 263.395924615 264.1575058745 264.773095573 265.0542216272 265.4900646428 265.8741979829 266.2282233919 14.298408942643217 14.298417945808785 14.29842645333603 7.6724673385449895 7.672503205478742 7.672538462032551 7.672574541259614
7776000.0 263.6659934001 264.2026897795 264.7538845867 265.0308354065 265.4898507306 265.8838119832 266.2353465449 14.298411965527059 14.298418529426732 14.298426168477848 7.672465526694491 7.672503189604726 7.672539394193218 7.672575306098539
7862400.0 264.3289112825 264.5456176251 264.8867084544 265.0906542527 265.5040115759 265.8929487691 266.2415592796 14.2984201922882 14.298423164033842 14.298428165774077 7.672470173331471 7.6725044240691815 7.672540282435777 7.672575974500414
7948800.0 265.175865546 265.0622403901 265.1375784405 265.23328243 265.5462997465 265.9079451346 266.2488018272 14.298432750135344 14.2984309085802 14.298432123620715 7.672481559806018 7.672508137342918 7.672541745298451 7.672576755256647
8035200.0 264.9813312824 265.1010821138 265.2345544972 265.3270564454 265.5961978461 265.9290919577 266.2584004537 14.298429629296644 14.298431532099071 14.298433722576963 7.672489287579768 7.672512576621965 7.672543818719052 7.672577792589881
8121600.0 265.2719165349 265.281030823 265.3557576742 265.4229926147 265.6503395108 265.9552881287 266.2708462364 14.298434349384793 14.298434503213693 14.2984357783988 7.672497392072767 7.672517463360643 7.672546404562489 7.672579142044741
8208000.0 266.1767835237 265.8040828044 265.6235455234 265.5929899646 265.7238865432 265.9888497832 266.287019649 14.298451638805945 14.298443988307215 14.298440561563552 7.672512272100625 7.672524218509419 7.672549745816649 7.672580903170545
8294400.0 266.8109631083 266.2755445935 265.9140166756 265.7971446498 265.818693951 266.0321714761 266.3081381001 14.298466782041778 14.298453808797964 14.298446160899806 7.672531085185177 7.6725331332987485 7.672554106528939 7.672583215620144
8380800.0 267.2228026893 266.631688342 266.1725916636 265.9993378913 265.9272156775 266.0853995561 266.3350482319 14.298478399540139 14.298462194735748 14.298451548091894 7.672550810049125 7.672543635138468 7.672559539526161 7.672586183551134
8467200.0 267.4616000539 266.8762407292 266.3821945285 266.1801902207 266.0401638966 266.1465824643 266.3677915641 14.29848592685592 14.298468519172507 14.298456225098517 7.672569448856229 7.672554916993633 7.672565889137135 7.672589827416941
8553600.0 267.127210235 266.8005549934 266.447570893 266.2852490408 266.1398083224 266.2106859209 266.4051153453 14.298475557752953 14.298466508452739 14.298457745298247 7.672580728214843 7.67256518070869 7.67257266506644 7.672594025276264
8640000.0 266.5630341467 266.5253406506 266.3875332015 266.3060937702 266.2125016618 266.2712507285 266.4445701685 14.298460505785703 14.298459593762752 14.298456348109372 7.672582996972419 7.672572858993995 7.672579185986902 7.672598514938474
8726400.0 266.4519736201 266.4216711168 266.3537089475 266.3124006345 266.2648407398 266.3250551669 266.4837838176 14.298457848766569 14.298457139422467 14.298455572106503 7.672583685736326 7.6725784902672896 7.672585078609025 7.672603031168012
8812800.0 265.8016971373 266.0726093855 266.2152958662 266.2580187401 266.2915852533 266.3691124829 266.5205288765 14.298443941898489 14.298449417165813 14.298452477464737 7.672577752010125 7.672581402211107 7.672589975170352 7.672607312832517
8899200.0 266.2200658052 266.2061332 266.2409177712 266.263958905 266.3146292074 266.4056519007 266.5539618705 14.298452582003886 14.298452277067762 14.298453040730664 7.672578395186748 7.672583930239457 7.672594085967916 7.672611251074723
8985600.0 266.8814947668 266.5744044027 266.4026703471 266.3512624852 266.3538646505 266.4406242954 266.5850904358 14.298468660604074 14.298460783007894 14.298456697975464 7.6725879843812175 7.672588273726036 7.672598063486285 7.672614954857723
9072000.0 267.047766538 266.7557816235 266.5309735717 266.4462508306 266.4054164424 266.4775518982 266.6154578365 14.29847326547671 14.298465341943475 14.298459729381277 7.672598711381819 7.672594059467931 7.672602309799838 7.67261860295179
9158400.0 266.9274739971 266.7551038795 266.5831383647 266.508678881 266.4569050713 266.5160128853 266.6458702463 14.298469908750885 14.298465324415114 14.298460996618067 7.672605930561737 7.672599929707692 7.672606783992098 7.672622291471683
9244800.0 267.4604402735 267.044464414 266.7354545566 266.6127506295 266.5167497044 266.5570680941 266.6770339209 14.298485888726953 14.29847317151832 14.298464817864591 7.672618286803936 7.672606870327501 7.672611619053642 7.672626107984242
9331200.0 267.9141751504 267.361367146 266.9260488821 266.7479066504 266.5894127842 266.6025912843 266.7098632225 14.298502127912428 14.298482689781876 14.298469869780558 7.672634954130483 7.672615472956724 7.672617053032166 7.6726301694569115
9417600.0 266.9992043883 266.9912858057 266.8486457032 266.7610092369 266.6438960574 266.6477343795 266.743710428 14.298471894159698 14.298471672652202 14.298467780323392 7.672636590948314 7.67262205194241 7.672622518710618 7.672634401560816
9504000.0 266.8726916545 266.8581028557 266.7950620161 266.751563767 266.6803238867 266.6885168309 266.7770880098 14.298468423773604 14.298468032789161 14.298466364433349 7.672635392570787 7.672626513550905 7.672627523778056 7.672638620104463
9590400.0 267.1887191227 266.9928871505 266.8468832355 266.7839590813 266.7148434145 266.7256543856 266.8092405161 14.298477375577884 14.298471717397328 14.29846773336013 7.672639497716241 7.67263078959697 7.672632138224457 7.6726427268806106
9676800.0 267.7836275435 267.3338412009 267.0099111651 266.8813338371 266.7631654046 266.7632452469 266.840788672 14.298497167003715 14.298481820834075 14.29847219458944 7.672652105850203 7.672636855750942 7.672636865049268 7.672646798199979
9763200.0 269.3186834816 268.2126168407 267.4306029457 267.1261393366 266.8530431207 266.8099397126 266.8743787339 14.298577555542899 14.298514480505649 14.298484913359689 7.672685694405765 7.672648396087991 7.672642816665003 7.672651179173287
9849600.0 269.6040851541 268.5951795671 267.7292780601 267.3570888355 266.9677413146 266.8687320724 266.9125003407 14.298600401779685 14.298532746849308 14.298495173888798 7.672720056280824 7.6726636274366715 7.6726504393479615 7.6726562098027005
9936000.0 269.5532257949 268.7039194503 267.897391993 267.5264522832 267.0840006306 266.9364069363 266.9558608828 14.298596058245355 14.298538527760263 14.298501475972115 7.6727470676641865 7.672679669933109 7.672659396881687 7.672662008979784
10022400.0 269.4673321938 268.7256538129 267.9946980095 267.6457353395 267.1899735194 267.0079154794 267.0035598364 14.298589001798728 14.298539718165463 14.298505316359611 7.672767093186795 7.6726948504272166 7.672669081863814 7.672668485332745
10108800.0 269.1342295306 268.5917661702 268.0026703277 267.7055494054 267.2768318608 267.0779999248 267.0536811229 14.298564558677226 14.29853256996583 14.29850563760667 7.672777436844355 7.672707707379154 7.672678801023177 7.672675402584081
10195200.0 269.4025372479 268.7203055493 268.0874067618 267.7839484838 267.3558174247 267.1453427007 267.1047034393 14.298583897998812 14.298539424128794 14.298509116183292 7.672791409888697 7.672719742413058 7.672688359224836 7.672682565021609
10281600.0 269.3697759745 268.7514348722 268.146756011 267.8522577615 267.4285696185 267.2097458549 267.1556771547 14.29858138569383 14.298541145847313 14.298511624542797 7.672803922446655 7.672731128945328 7.672697708149245 7.672689845528139
10368000.0 269.9217345816 269.0598157995 268.3132985094 267.9698963912 267.5081177762 267.2736850264 267.2066587634 14.298630710005643 14.29855965536352 14.298519000636624 7.672826324751919 7.672743928827775 7.6727071976548995 7.672697255278018
10454400.0 271.8399741278 270.1344969076 268.8261246495 268.2730675764 267.633149041 267.3468339647 267.2601730553 14.299140369594268 14.298654678204159 14.29854538052733 7.672889394346109 7.672764835319756 7.672718317094834 7.672705174675185
10540800.0 272.1871708745 270.6029895401 269.1950532359 268.5619095677 267.7861418451 267.4330086699 267.3188585944 14.299458210154109 14.298721977347045 14.29856870707309 7.672957434556314 7.672791788132812 7.672731791069752 7.6727140307499
10627200.0 271.9796021066 270.6639172932 269.3753747361 268.7612802154 267.9365442127 267.5280325977 267.38327184 14.299244973781438 14.298732643724646 14.298581811868848 7.673009607778967 7.672819862021748 7.672747139929438 7.672723964006439
10713600.0 270.4543261046 269.9479597914 269.1834210104 268.7532567499 268.0393531374 267.6193455253 267.4504747549 14.298698023368809 14.298633487983219 14.298567903623994 7.673006931742261 7.672839989239073 7.672762399134611 7.6727345729380385
10800000.0 270.238631507 269.6975343148 269.0674830956 268.7197099691 268.1048491751 267.6996844386 267.5166691505 14.298667719719347 14.29860872478109 14.29856015211091 7.672997642994798 7.672853226099492 7.6727762582035215 7.67274527647877
10886400.0 270.1284463914 269.5871784791 269.0078458244 268.6978840523 268.1504191756 267.7681842137 267.5792816394 14.29865394877574 14.29859894379608 14.298556337996835 7.672991724661581 7.672862638587309 7.672788410142331 7.6727556409409114
10972800.0 269.4781067342 269.2306543448 268.8545464185 268.6277467049 268.1732450807 267.8241524092 267.6365818321 14.298589868400917 14.298571196450975 14.298547031622485 7.6729732780791835 7.67286740108536 7.672798576963361 7.672765337636138
11059200.0 269.4941652928 269.1537738308 268.7867141548 268.5827308497 268.1858917291 267.8693976719 267.6879209681 14.298591169719213 14.298565877555756 14.29854312755286 7.672961787249821 7.672870052599119 7.672806957486246 7.672774202787904
11145600.0 269.9408855476 269.3584209772 268.8525450273 268.6075796091 268.2070293431 267.9090199003 267.7341575336 14.29863273404059 14.298580525318991 14.298546914622266 7.672968112265693 7.672874547947113 7.672814418369695 7.672782334372555
11232000.0 270.3118157754 269.5969484604 268.9714771792 268.6782064251 268.24353643 267.9481199045 267.7771107393 14.298677472512377 14.298599784596519 14.298554066811992 7.6729864491730755 7.6728824238350475 7.672821895180073 7.672790017121825
11318400.0 271.3834622073 270.2118245463 269.2680530597 268.8522117517 268.3118633824 267.9934254692 267.8196009985 14.298916028775187 14.298664271903407 14.298573861953837 7.673034345599257 7.672897511802886 7.6728307040704795 7.672797742004581
11404800.0 271.9311969572 270.6586926736 269.5533521891 269.0539942294 268.4070549255 268.0487751596 267.8643740701 14.299205927635454 14.298731708105331 14.298596068883477 7.6730951375512335 7.672919283491241 7.672841683650718 7.672806019731191
11491200.0 271.696652485 270.6788991443 269.6723394651 269.187077829 268.5040933031 268.1115671842 267.9124716994 14.299054369990763 14.298735349147552 14.298606435659952 7.673138553815563 7.672942410988875 7.672854439100354 7.672815073827032
11577600.0 272.1850829304 270.9679636864 269.8604536084 269.3379038406 268.6053315033 268.1799752973 267.9640308364 14.299455596261117 14.298795020674188 14.298624395582356 7.6731916784256855 7.672967621854823 7.672868711644072 7.6728249708090415
11664000.0 272.3239831865 271.1362518804 270.0141491106 269.4766963134 268.7076566337 268.2524005477 268.01875657 14.29965908564105 14.298837867746546 14.298640711191489 7.673244493227939 7.6729943016251925 7.672884267991573 7.672835698795756
11750400.0 272.3911339022 271.2411876047 270.1337119356 269.595940448 268.8068197585 268.3269783552 268.076033156 14.29978491775745 14.298868511216755 14.298654583404407 7.67329320414023 7.673021383792232 7.672900787473311 7.672847181029098
11836800.0 272.4042764031 271.301227583 270.224160647 269.6951309602 268.8998565517 268.4018279253 268.1350295168 14.299812265882968 14.298887649491224 14.29866585048214 7.673336302034344 7.673047965230292 7.672917902331644 7.6728592892566425
11923200.0 273.2199211855 271.7600578675 270.4689005176 269.8642492572 269.0044312118 268.4791886906 268.1958143528 14.961116303996901 14.29909017421213 14.298700251382892 7.673416559536201 7.673079336998843 7.672936182645756 7.672872073904847
12009600.0 274.3671093127 272.4037463348 270.7984197546 270.0808117055 269.1219458464 268.5599499954 268.2582550988 15.959640190542293 14.29981114376189 14.298758198756158 7.673533144462565 7.67311662129457 7.6729559408258945 7.67288554613843
12096000.0 273.2282248556 272.1557219719 270.8888507747 270.2381607999 269.2513327125 268.6477497476 268.3239695667 15.604123306603709 14.299420030406345 14.298777134364526 7.673627976884082 7.673160347294613 7.672978245861927 7.6729001108746715
12182400.0 273.2034499119 272.0564369407 270.8911520732 270.2986683333 269.3548724801 268.73606342 268.3925414174 14.563245365231344 14.299314239402507 14.298777636523397 7.673666635297117 7.673197463758704 7.673001599679726 7.672915748901196
12268800.0 272.8220378866 271.8668142835 270.8463516023 270.3149647236 269.4305028033 268.8169079257 268.460934874 14.301872258390022 14.29915866673685 14.29876804553945 7.673676764924847 7.6732258578698245 7.673023834403489 7.672931813529859
12355200.0 272.6287736342 271.7381578404 270.8042629603 270.3170454794 269.4885335371 268.8893102937 268.5269014733 14.300499200390309 14.299077434847648 14.29875937706998 7.673677592870197 7.673248428814856 7.673044481894073 7.672947769979512
12441600.0 272.5232109626 271.6626105958 270.7779366403 270.319094471 269.5353437901 268.9536769077 268.5893872487 14.30011338150501 14.29903643690906 14.298754115215235 7.673678603251278 7.673267165021071 7.67306345136654 7.672963321083775
12528000.0 272.3876605486 271.5826145611 270.7509843427 270.3188702868 269.5756588516 269.0124921715 268.6489699185 14.299777851520435 14.298997434947294 14.298748850849154 7.673678136997775 7.673283698722079 7.673081314054549 7.672978562125226
12614400.0 272.5990043244 271.6667159838 270.7828873571 270.3415430455 269.6131638229 269.0652989782 268.7046153044 14.300375047388952 14.29903855487053 14.298755095560551 7.673693542845177 7.673299445043061 7.67309780138419 7.672993174416168
12700800.0 274.5474231123 272.4988952714 271.0865393969 270.4867352097 269.6705672937 269.1171089546 268.7572449206 15.935872827471071 14.3000426424945 14.298824464943145 7.673800270412038 7.673324348193626 7.673114407821862 7.673007344129939
12787200.0 275.1499326939 273.1687437501 271.519556723 270.774468782 269.7862688089 269.1821436185 268.8115110449 15.923760803024969 14.380548111037093 14.298969453130079 7.674052157311528 7.673377366351637 7.673135882666128 7.67302232363015
12873600.0 274.6834623542 273.1770073179 271.6812420303 270.9553785936 269.9093547173 269.2581668371 268.8699325858 15.9128269088216 14.401321969814694 14.29904614628912 7.674244023081987 7.673437994955186 7.6731619192069624 7.673038885625388
12960000.0 273.2329555197 272.5696087171 271.5221204846 270.9530456054 269.9953624895 269.3340045288 268.930914427 15.90141757699447 14.300265245908772 14.298970547473486 7.67423710721121 7.673483044266066 7.673188952371398 7.673056675215961
13046400.0 275.2406271947 273.2046568384 271.7758962886 271.0999869481 270.0887179388 269.4101005387 268.9934422939 15.89283758696125 14.578270961851295 14.299099646952937 7.674420369222025 7.6735350291651745 7.673217207892742 7.673075471700142
13132800.0 273.7653015199 273.0141520504 271.7885796073 271.1656123796 270.1725779965 269.4848332079 269.05659853 15.881960882561742 14.30730094348175 14.29910739561049 7.674508554846948 7.6735845231522655 7.673246128453559 7.673095054578235
13219200.0 273.224211971 272.5161386108 271.6164539337 271.1180853511 270.2245630242 269.5522329075 269.1183249656 15.213925623824691 14.300092232899587 14.299013424337685 7.674438909018567 7.673616448409252 7.673273268103776 7.6731148022141795
13305600.0 273.1877258615 272.3832858821 271.533381824 271.0785097244 270.2567054421 269.61009717 269.1767192081 14.442100266898768 14.299769045003961 14.298975396525758 7.674385347300595 7.67363666401117 7.673297413741515 7.673134063099897
13392000.0 272.8532631635 272.1787731359 271.4325644344 271.0268509302 270.2740945713 269.6583053649 269.2305684379 14.302267112903412 14.29944776703684 14.298934303449599 7.674319349479696 7.673647683733426 7.6733181567936715 7.673152346502228
13478400.0 272.716953268 272.058108574 271.3581837771 270.9818191193 270.2830180268 269.6980989367 269.2794167567 14.30097000820017 14.299315857486977 14.298907020873777 7.674264896517534 7.673653310797701 7.673335726822559 7.673169383231543
13564800.0 272.6907247057 272.0116387198 271.3186288689 270.9536204403 270.2896722153 269.7315825192 269.3234927176 14.300810596644897 14.299272689530875 14.298893436833493 7.674232121971861 7.673657531789795 7.67335083576334 7.673185138336146
13651200.0 272.68458379 271.9939978009 271.3000473944 270.9394751709 270.2973985005 269.7608818826 269.3634499118 14.300775932302434 14.299257233085532 14.298887261024493 7.6742160204337075 7.673662527395358 7.673364307770842 7.673199746211225
13737600.0 272.6831430673 271.9876794942 271.2929960693 270.934844273 270.307275168 269.7876239966 269.4000760634 14.300767935041724 14.299251814119305 14.298884950569745 7.674210756004099 7.67366901376819 7.6733768139166605 7.673213416711263
13824000.0 272.6831663905 271.9865188296 271.2925393982 270.936386295 270.3193138786 269.8128815942 269.4341122766 14.300768064101456 14.299250825220147 14.29888480155955 7.674212408214916 7.673677018307805 7.673388814407743 7.673226368248282
13910400.0 272.6833991684 271.9879152964 271.2960241684 270.9419334229 270.3331577858 269.8372952339 269.4661602957 14.300769352926812 14.299252015268406 14.298885940558849 7.6742185550185065 7.6736863299667615 7.67340059234994 7.673238787548805
13996800.0 272.6840115856 271.9909429067 271.3020540191 270.9501497244 270.3483938082 269.8612076682 269.4966753499 14.300772750006113 14.29925460545668 14.298887921824594 7.674227749392541 7.673696698859197 7.673412302336921 7.67325082044212
14083200.0 272.6856866148 271.9954758357 271.3099768198 270.9602840111 270.3646878817 269.8848010729 269.5259916783 14.300782088313948 14.299258509513557 14.298890545297631 7.674239203086327 7.673707923991212 7.673424028462484 7.6732625763386775
14169600.0 272.686824608 272.000486096 271.3190177733 270.971680333 270.3817444351 269.9081619168 269.5543453975 14.300788472143172 14.299262861404134 14.298893567461217 7.6742522200291 7.673719824307638 7.673435811426643 7.673274133213564
14256000.0 272.8266084617 272.0767956807 271.3581172853 270.998432124 270.4024797204 269.9319495711 269.5820625782 14.30192517503433 14.299334297762973 14.298906997526 7.674283650969246 7.673734523304375 7.6734479899087304 7.673285612676168
14342400.0 275.8498202169 273.2186324556 271.8473716253 271.2525798469 270.4750111929 269.9662664897 269.611922614 15.875885686691262 14.905231710641214 14.299145335379052 7.674633285447356 7.673788166778338 7.673465887798572 7.673298185993124
14428800.0 276.0196307322 273.2316742304 272.035717304 271.4349829641 270.5660152278 270.0090879592 269.6441612056 15.87385578282123 16.17321474472854 14.299294596502449 7.674948782768741 7.673859866155937 7.673488783655836 7.673312007411755
14515200.0 276.6402589787 274.4241660063 272.5941528022 271.7601788701 270.6928341344 270.0688476053 269.6833611625 15.87305874922763 16.238133542445844 14.300356105049694 7.675752493515376 7.673969121399995 7.673521827025555 7.6733291684538525
14601600.0 277.2687287168 275.0582830173 273.053368131 272.1113173004 270.861526999 270.1479080222 269.7312832671 15.872293318670481 16.213096392622617 14.311163887007954 7.677274724560299 7.674134265463823 7.673567615969348 7.67335069615378
14688000.0 275.8966608942 274.562243232 273.0377647696 272.2330875533 271.0081234039 270.2407480841 269.7904050565 15.870817640184194 16.1908082291158 14.309297419689393 7.678043702941976 7.6742991217461825 7.673624644889766 7.673378122849488
14774400.0 276.3963868503 274.738344655 273.1420807389 272.3518102942 271.1337961865 270.3345542366 269.8552519503 15.869832008841206 16.170871472650518 14.34362639869325 7.6790977164720005 7.6744600244703145 7.673686186311733 7.673409366317513
14860800.0 277.6574625801 275.3277430952 273.2148949755 272.4482986414 271.243669118 270.4257653012 269.9231322427 15.869219407251238 16.160042593084803 14.777470685935889 7.680256936857452 7.674618582342615 7.673750194637471 7.673443451008212
14947200.0 277.9655072901 275.5535486134 273.2267963594 272.5057804053 271.3359506474 270.5119117364 269.9918162331 15.86823706491086 16.155013593373862 15.441118957153723 7.681094043179725 7.674766813306846 7.673814818466131 7.673479468860559
15033600.0 276.9808663868 275.1741628831 273.23016167 272.5450602651 271.413086813 270.5917233559 270.0596114588 15.866574237161606 16.152037350054453 15.88595305135092 7.68175069666278 7.674902938799838 7.673878674627405 7.673516631008142
15120000.0 277.5180001183 275.338489018 273.2329798589 272.5759458628 271.4787545725 270.6650372177 270.1254058494 15.86568558912043 16.150789068141545 16.487356674236793 7.682333091843277 7.67502887446891 7.673941039934824 7.673554330197719
15206400.0 277.946386165 275.7477352329 273.7154678621 272.8292363432 271.5848156742 270.7419910679 270.1910334165 15.86478055381418 16.149730580680686 16.563876776779132 7.700339713138515 7.675259100557637 7.674010692319655 7.673593646829208
15292800.0 278.3739513613 276.1007532476 273.9736172437 272.9717342785 271.6954591993 270.8235110956 270.2579694109 15.863904102924712 16.148708882433123 16.56584662026699 7.850033491733974 7.675536592638428 7.674089634014752 7.673635632633096
15379200.0 276.6999416072 275.3901159291 273.8253390135 273.0027050083 271.7825751925 270.9035243387 270.3255167238 15.861877357773762 16.147556905895122 16.567941155858488 7.925780524004776 7.675786231618595 7.674172832620511 7.67368007107338
15465600.0 277.8951920799 275.8278801828 273.9368258953 273.0277990036 271.8521084829 270.9784112247 270.3921970651 15.861325389380076 16.14653510945049 16.569949745355785 8.106739220806787 7.676009495272767 7.67425639924848 7.67372612916832
15552000.0 279.7403330685 276.7884511648 274.2127413226 273.0490067239 271.9101402405 271.0472471338 270.4568275783 15.86164879247936 16.14574537717791 16.571982151612936 8.52809959756555 7.676215264973067 7.674338599787546 7.673773003947679
15638400.0 279.7447695432 276.978976444 274.3025000916 273.0623135884 271.9592040817 271.1101126101 270.5186994148 15.860443045340775 16.144784188108687 16.57411133444559 9.029441945333854 7.676405020403815 7.674418642821833 7.673820090698057
15724800.0 276.8125731083 275.6330019233 273.9621247777 273.0698309038 272.0010782234 271.1674191321 270.5774668511 15.85725952348137 16.143397261675812 16.576289853190644 9.246938613538873 7.67657984398045 7.674496144748544 7.673866966064275
15811200.0 277.6361040564 275.7701940815 273.9678955154 273.0760850447 272.0376328718 271.21977895 270.6330450253 15.856539315746065 16.1423977109718 16.578339478742752 9.477798324298332 7.676743358687233 7.674571083512417 7.67391336317046
15897600.0 277.0849088485 275.5352490285 273.9090552911 273.0812912149 272.0701417432 271.2678366167 270.6855153629 15.855168003284323 16.14137316100006 16.580389719725186 9.666229455194735 7.676898245433713 7.674643628878831 7.6739591354321055
15984000.0 278.3034122974 276.0694558623 274.0489865899 273.0864515149 272.0995850223 271.3122010006 270.7350548408 15.854754230926762 16.14045182623627 16.58238380767128 9.978483582601344 7.677047011005921 7.674714053395013 7.674004223172534
16070400.0 280.4706809236 277.201028597 274.3735472481 273.0922243709 272.1268473703 271.3534460664 270.781895255 15.855594053016125 16.139868906669957 16.584399485765413 10.562098599277663 7.677192688937821 7.67478272615587 7.6740486338188605
16156800.0 279.6103111391 277.0134540899 274.3650046807 273.0980820846 272.1526119546 271.3920934226 270.826295069 15.853494753388096 16.13880266528666 16.586508226328238 11.134087100679736 7.677338053675399 7.674850073056426 7.674092425628722
16243200.0 274.7834857823 274.6916166247 273.7393598305 273.1016593003 272.1763569691 271.4283966205 270.8684673476 15.85031316814492 16.13751322797949 16.588690588105976 11.193071552263769 7.677478893885657 7.674916159598641 7.674135639013516
16329600.0 277.8723849885 275.7157067102 273.953863023 273.1058711998 272.1987391822 271.4626377038 270.9086056851 15.849986605912248 16.136528316395637 16.5905794080308 11.433891888673395 7.677618346447212 7.674981164822166 7.674178317169799
16416000.0 279.0422974439 276.4648170442 274.1831795566 273.1116455018 272.2207330866 271.4952189177 270.9469279622 15.849738782028703 16.135743655562433 16.592518163580188 11.862530601075822 7.677762474608609 7.675045580388555 7.674220552542072
16502400.0 280.5023818831 277.3055527268 274.4429157583 273.1208637387 272.243964733 271.5267610271 270.9837273894 15.8500445309257 16.13516032453855 16.594513871899004 12.494864986472964 7.677923430491452 7.675110467923092 7.674262551843683
16588800.0 282.2925259448 278.3226219881 274.7577284272 273.1378585748 272.2717382917 271.5583774148 271.0194729705 15.85111997982976 16.134889562340142 16.596584181854535 13.362717782490844 7.678129411239192 7.675178155071142 7.674304772914909
16675200.0 280.5839966856 277.8125875265 274.8717368028 273.3832604281 272.3286918882 271.5957538774 271.0559011615 15.847695074956505 16.133601756470863 16.598655215195976 13.886746174048067 7.678609850687686 7.675261816875861 7.674349321006159
16761600.0 281.687658401 278.3567253153 275.2511816022 273.5748130957 272.3756920023 271.6356504744 271.0933631179 15.847869092149582 16.133056972614696 16.600733885988674 14.473784618990155 7.67905690405128 7.675355793509966 7.674396821192864
16848000.0 282.2432464641 278.772333317 275.4802257128 273.6404304579 272.4104147536 271.6743765968 271.1310836819 15.847402886273967 16.132470771452297 16.60286044314928 15.219432087543527 7.679420747096017 7.675451998240114 7.674446475805751
16934400.0 283.0054275004 279.2476660607 275.6929657195 273.6899384982 272.4374369324 271.7103977593 271.1681695342 15.847267308809313 16.131985097220863 16.605019492340205 16.080299381051095 7.67972715576912 7.675546248744278 7.674497184650482
17020800.0 283.4625669511 279.581556568 275.8521522042 273.7280429544 272.4607428986 271.743689373 271.2040802801 15.846699703485523 16.131405551908735 16.607192165274746 17.023305150553284 7.680011373275794 7.6756377606825446 7.674548175682296
17107200.0 282.5574270144 279.2126077724 275.7552027136 273.7194339504 272.4837868144 271.7750258554 271.2386988957 15.844073257121428 16.13013813848412 16.609290080697637 17.92583722745582 7.68031510372831 7.675728050783413 7.674599192155827
17193600.0 283.0985287925 279.4071795194 275.8146832277 273.7332223068 272.5103355068 271.8057190306 271.2722956916 15.843639524339135 16.129433406615583 16.611405639990643 18.839450590962638 7.680698972170587 7.675820672551061 7.6746505473471744
17280000.0 282.859879304 279.3323054934 275.8026643771 273.7357800953 272.5433286693 271.8372823968 271.3054276477 15.842037925036568 16.12847450533534 16.613491134459704 19.726509268445493 7.681233390607195 7.675920553188476 7.674703070808333
17366400.0 283.3932005047 279.5936090091 275.9185958788 273.7982051614 272.5885395887 271.8719084856 271.3389996725 15.841612492526174 16.12785834227554 16.615598012771176 20.54460938356894 7.682091658367759 7.676035945899319 7.674758302174486
17452800.0 282.5721039746 279.3744100892 276.1189897379 274.2908651278 272.6381288962 271.9096698593 271.3736147429 15.83914403485421 16.126756539492863 16.61769329329891 20.37742751606886 7.683233714983668 7.676169320550509 7.674817491250162
17539200.0 279.539714119 277.8640364466 275.6411356023 274.2218788716 272.6695745795 271.9460008859 271.4084960827 15.834287889084168 16.12464427984059 16.619561103659642 20.254382190777257 7.684063325004199 7.676305743594704 7.674879576583242
17625600.0 278.5911113628 277.0622362256 275.2476675136 274.0809100444 272.6913573754 271.9789424609 271.4426087683 15.832407834366252 16.123340560966337 16.62142334002057 20.155599178637942 7.684696770551654 7.676436944727602 7.67494280997803
17712000.0 281.2317994565 278.1978696315 275.6072937391 274.1821591013 272.7083754094 272.0084515055 271.4753047237 15.834032576083922 16.123172129003965 16.62336186817931 20.07440785684734 7.685233877368219 7.676561069522668 7.675005896773881
17798400.0 276.566789792 276.1029458069 274.866461735 273.9503839238 272.7225634743 272.0350249294 271.506326262 15.829177592858548 16.12133665946435 16.625175102737533 20.004086409123452 7.685714473618314 7.6766786125565005 7.67506813232325
17884800.0 277.7437788758 276.2251850627 274.7633181104 273.8763192213 272.7350072732 272.059213334 271.535655744 15.82872330169219 16.120544038683533 16.626971927913072 19.941230617058476 7.6861643993561355 7.67679071242893 7.675129229070753
17971200.0 279.3203151626 277.0268354863 275.0476394171 273.961985875 272.7465776144 272.0815365877 271.5634050969 15.828892997200837 16.12001006404518 16.628749999819828 19.884953389451155 7.686611362646717 7.676898787026256 7.675189166793858
18057600.0 280.6797507235 277.890631154 275.4425774816 274.1141564824 272.7582500893 272.1025246187 271.5897666723 15.829246630489813 16.119679093856668 16.63059457648413 19.83504927173887 7.687097232389042 7.677004706023687 7.675248132002624
18144000.0 281.3638425595 278.4410835781 275.7443811567 274.2471701583 272.7712901431 272.1227875687 271.6150058737 15.828981562822594 16.119266667995962 16.632495349240795 19.791019327238192 7.687691059626561 7.677111177153044 7.675306532789126
18230400.0 279.1065540879 277.4447435202 275.4265915928 274.1641103196 272.7858949872 272.1427988551 271.6394045546 15.825457670378203 16.117796024490055 16.634279200758215 19.75148232609621 7.6884232612192145 7.677220637710655 7.675364891028455
18316800.0 277.3745696748 276.3555876752 274.9410364926 273.9842494583 272.8009050865 272.1626539462 271.6631618422 15.823267032817279 16.116551711469842 16.63603084996044 19.714902280831815 7.689250897185671 7.677333741037324 7.675423602378042
18403200.0 280.5506189777 277.696141711 275.3600439797 274.0989642348 272.8178973714 272.1826964013 271.6864860685 15.824916540516119 16.116375235710553 16.637799336734535 19.680755825892923 7.690309341797978 7.677452741007531 7.6754831449872825
18489600.0 279.4998031998 277.4620097704 275.3532253057 274.1188616063 272.8370254673 272.203241553 271.7095932197 15.822763704619392 16.115460743158565 16.639567302221533 19.648806026677967 7.691682226743517 7.677580088814583 7.675544083283251
18576000.0 281.3519665723 278.3516749183 275.7039958184 274.2461099646 272.8591005151 272.2246718939 271.7327217444 15.823785484504505 16.115278660191194 16.641394841197446 19.61873098229736 7.693574009263805 7.677719103349519 7.675607118377914
18662400.0 281.9670724989 278.8670001943 275.9817397503 274.3675225329 272.8829957861 272.247056987 271.7560480428 15.823502531681308 16.114932605050246 16.64326396278797 19.59028200932894 7.696103097882476 7.677871537979113 7.675672865071889
18748800.0 278.5179683173 277.2608569359 275.4188256107 274.1950163742 272.9037879041 272.2694733516 271.779457491 15.818723966897748 16.113053920616764 16.64492935189612 19.562828935817624 7.698799867679995 7.67803215154603 7.675741153354473
18835200.0 279.4373059582 277.385920748 275.3968778307 274.2277760248 272.925731926 272.2920000004 271.8028919119 15.818514938804196 16.11236787685613 16.646644070963404 19.53507690414563 7.702488449250581 7.678202226848694 7.675811952179937
18921600.0 278.2921142598 276.8628422949 275.251118834 274.2751386624 272.9432238613 272.3137532997 271.8261080615 15.816586796613894 16.111374022002718 16.648318673086663 19.50629372369743 7.7061442466789325 7.678375383114956 7.675884626048912
19008000.0 279.3021095264 277.2726548088 275.4108956168 274.3647706659 272.9555149425 272.3338489732 271.8487267599 15.816431689890328 16.11082361593419 16.650002304636164 19.4768390936878 7.709122707267991 7.678543757228249 7.675957987128065
19094400.0 278.4163187088 276.9245662688 275.3157317961 274.3505037049 272.9646173385 272.3520621146 271.870449479 15.814727066222241 16.10992694630931 16.651656280429055 19.447078216722808 7.71158595654135 7.678703872240446 7.676030945897135
19180800.0 277.4523439655 276.3611272162 275.0699808277 274.2486100848 272.9718087061 272.3685438846 271.8911297327 15.813184790199196 16.10900364216719 16.65328026882875 19.417245801847812 7.713714784002044 7.678855363857319 7.6761028024804006
19267200.0 278.7698244592 276.892147666 275.2259724457 274.2899724229 272.9779538283 272.3835832707 271.9107490579 15.813119779947986 16.108472258768803 16.654900746750197 19.387289694763915 7.715677848514344 7.678999428224416 7.676173245920332
19353600.0 280.3650316674 277.8192986785 275.6370252924 274.4695229363 272.9836454256 272.3974924009 271.9293713721 15.813673482897327 16.108250526118912 16.65658108057752 19.357215432351737 7.71765257124028 7.679137921913664 7.67624225761547
19440000.0 279.8529577699 277.7884187803 275.7289426981 274.5513655102 272.9893050107 272.4105626039 271.9471053252 15.812126084513427 16.107518357686303 16.65824892223488 19.32724840479666 7.719816391140029 7.679272931626923 7.6763100139165035
19526400.0 281.8460039737 278.8107451315 276.1781366636 274.7579623037 272.9956837531 272.4231352543 271.9641004996 15.813484642287712 16.10757712372966 16.660032706679228 19.29731788783299 7.722602645047311 7.6794075000954685 7.676376897411257
19612800.0 281.7720132886 279.0264854123 276.3828195207 274.8937844232 273.0038113535 272.4356533656 271.9805602235 15.812331702645926 16.107060231136003 16.661795428094802 19.267571717667053 7.726800844570339 7.679546310673357 7.676443573793401
19699200.0 281.3599132696 278.8906548984 276.3910014609 274.9326830494 273.0147287486 272.4486417858 271.9967453892 15.810751819791205 16.10623469210522 16.663488059546406 19.23811833895315 7.733714052196581 7.679695707641743 7.676511040970891
19785600.0 282.4338009447 279.4157440835 276.6163442998 275.0383083185 273.0297967499 272.4627418245 272.0129848463 15.811168115391446 16.10602636054414 16.665270158431653 19.20892410256913 7.746316883246521 7.679864446381171 7.676580713881305
19872000.0 279.3674305952 277.9899204269 276.0959383412 274.8512185086 273.0475602696 272.4781539731 272.0295435996 15.80648458811498 16.104140322988545 16.666741140458026 19.180242435501846 7.767484371854492 7.680057196579615 7.676653889056497
19958400.0 280.5745099495 278.2705215455 276.0891105954 274.8066590868 273.0664778231 272.4946867956 272.0465441302 15.80677513891556 16.103657148836856 16.668360541545308 19.15194799462554 7.802650952042383 7.680274300014247 7.676731359374675
20044800.0 278.5308882691 277.2815594728 275.6764868364 274.6265013531 273.0836257428 272.5116372622 272.0638908026 15.803860741742291 16.10235944607867 16.669855165691676 19.12416286034489 7.854265215537233 7.680508862657899 7.6768129703864805
20131200.0 278.3644836904 276.9569432051 275.4408270337 274.4871805086 273.0977011947 272.5282272727 272.0813290572 15.802828524285248 16.10154106063351 16.671370323535808 19.096827842112262 7.921588680971464 7.680751139341874 7.67689775059736
20217600.0 279.1000563377 277.2345425615 275.4870725834 274.4737097714 273.1091218598 272.543988787 272.0985836736 15.802501997510857 16.10101327835093 16.672904960698958 19.069814139032474 8.005428035941009 7.68099392020863 7.67698447637086
20304000.0 279.1176335109 277.2985202742 275.5180692862 274.4838749318 273.1184439449 272.5587303738 272.1154386269 15.8015945792908 16.100393434073904 16.67443315245415 19.0431139918387 8.106355505476605 7.681233005561305 7.677072057494034
20390400.0 276.8709757448 276.1742247908 275.0672649589 274.2997813122 273.1257394688 272.5723549129 272.1317373837 15.799279532725206 16.099326824014987 16.675902466475275 19.01690547590443 8.213926347201383 7.681465103124294 7.677159576092829
20476800.0 278.2324983881 276.5956453562 275.1282783285 274.2818987536 273.1316085371 272.5848990238 272.1473899275 15.799145229336588 16.098811081562292 16.677369463170535 18.99096709883181 8.325541759963757 7.681688944097165 7.677246371293501
20563200.0 276.4115696816 275.7541653186 274.7909192982 274.137140947 273.1363081736 272.5964385409 272.1623564041 15.797407046658135 16.097988014629628 16.678831176199395 18.965456017837365 8.43316717131028 7.681904046318726 7.677332000413051
20649600.0 275.4561567319 275.0665285262 274.4257642217 273.9508175248 273.14001982 272.6070539178 272.1766282081 15.796459597051584 16.097353747124483 16.680294270552366 18.940367666216996 8.527548451942927 7.682110202440664 7.6774161700611945
20736000.0 276.9357675661 275.6370420488 274.5602290337 273.9619426952 273.1430681995 272.6168521658 272.1902224997 15.79594545154097 16.096744085384916 16.681657879751825 18.915455807552068 8.611287416541181 7.682307961025658 7.677498730829773
20822400.0 276.5218801612 275.55115518 274.556799016 273.9748098585 273.1463000903 272.6260410041 272.2031984471 15.79497315306003 16.096128686893117 16.6830450120824 18.890778944270878 8.734822782111886 7.682500311564498 7.677579803895247
20908800.0 276.9373763918 275.7598823683 274.6694924899 274.0636793378 273.1505351671 272.6349003119 272.2156617045 15.794288267050854 16.09554213345527 16.684407392129415 18.86623313970381 8.997229569277412 7.682692427273735 7.677659847612598
20995200.0 277.0930098044 275.9020574677 274.7737268619 274.14352287 273.1541515911 272.6434108416 272.2276743791 15.793520331002476 16.094959477821465 16.685773401108147 18.841864004438058 9.279152332421571 7.682883468514162 7.677739096744082
21081600.0 276.1643723767 275.475625485 274.6349702333 274.1077569628 273.1570319607 272.6514955063 272.2392529876 15.79240725535452 16.094319603720145 16.68715861854491 18.817780663579622 9.540295849239653 7.683071145194488 7.677817511051475
21168000.0 276.0367801386 275.3141798164 274.5379859167 274.0570650187 273.1593487386 272.6591261542 272.2503993399 15.791582970411076 16.093725315972506 16.688523768022034 18.79395192099391 9.770392279922365 7.683254097488832 7.677894953157198
21254400.0 273.5913934676 274.023684246 273.9750158536 273.7951435804 273.1610446792 272.6662923071 272.261112633 15.791237496905778 16.0933935746572 16.689991829377217 18.77059756279047 9.913302018572725 7.683431302393863 7.677971263286883
21340800.0 273.2283447091 273.5143865813 273.6092391204 273.5613820762 273.1622193075 272.673002666 272.2713954696 15.61933372858922 16.092566489841662 16.691416386952014 18.747607122268505 9.962339659806512 7.683602186116838 7.6780463019319845
21427200.0 273.220697524 273.3537083004 273.4254942697 273.4132896793 273.1630119995 272.6792848721 272.2812572543 14.998522043766691 16.08783170467753 16.692726356631162 18.72487529604414 9.94158773881815 7.683766694325333 7.678119978947338
21513600.0 273.1812264836 273.2686228219 273.3231782899 273.3244835937 273.1635262517 272.6851766797 272.2907141219 14.415042133834802 16.07180471823327 16.693880058603696 18.70236168784599 9.875478033023642 7.683925122593512 7.678192259424539
21600000.0 273.0919109087 273.2307797548 273.2683782424 273.2737433151 273.1638291255 272.6907174368 272.2997867621 14.318635554268965 15.994921669806628 16.694608611757584 18.68004598412947 9.78176551669435 7.684077913811217 7.678263152676344
21686400.0 273.0150947477 273.2299208118 273.2472166034 273.2506167267 273.163998228 272.6959474197 272.3084988789 14.307366940726306 15.846269923896887 16.69480824812323 18.65791136700059 9.679953927010365 7.684225642839082 7.678332703929264
21772800.0 273.6642013099 273.3123847672 273.2723685985 273.2551771482 273.1640664359 272.7009025805 272.3168750977 15.83419918654997 16.045119367899908 16.695710345478517 18.63593735459247 9.576568387243249 7.68436886368024 7.678400979844547
21859200.0 276.7378103349 274.9996993968 273.9141425781 273.4958766817 273.1640671265 272.7056928422 272.325047679 15.832914026060998 16.044641031391123 16.696307668551942 18.613854403232455 9.475094275432564 7.6845104320123445 7.6784689659724625
21945600.0 277.8746295676 276.0537450277 274.5827583768 273.8962339835 273.1647404873 272.7102812034 272.3328867864 15.8322919510992 16.044826298426774 16.69707766402344 18.591665872497163 9.512506921059698 7.684648998794217 7.6785354881265215
22032000.0 276.3671561345 275.6423173688 274.6580743723 274.066306279 273.1660263717 272.7148414345 272.3404999804 15.830463581323576 16.044872472885668 16.698054546311113 18.569641503512766 9.660612199896857 7.684789684535875 7.6786013575554986
22118400.0 274.5137658851 274.5652488132 274.2187350454 273.9007432558 273.1672500376 272.7193896858 272.3479019945 15.829376103737669 16.04500583016345 16.699127039066582 18.548067758684383 9.792495974449986 7.684933043735914 7.678666628986264
22204800.0 275.1143899521 274.6105868755 274.1276618844 273.8173471908 273.1682771848 272.7238679391 272.3551499107 15.828213753501082 16.045062640481476 16.700109660866406 18.526695550196905 9.889012816214079 7.685077262143495 7.67873174928197
22291200.0 275.2613031915 274.675868437 274.1193564474 273.789764338 273.1691838412 272.7282459142 272.3622426362 15.827138807622752 16.045114239955474 16.701062753674734 18.505494763720264 9.967194225343793 7.685221286551365 7.678796664600846
22377600.0 274.7397176422 274.4180890051 274.0039675835 273.7303064209 273.1699690398 272.7325075645 272.3691773271 15.826148632922115 16.045225852778277 16.702048617813478 18.484522521249524 10.023630837994308 7.685364458721831 7.6788613025188965
22464000.0 273.8297431888 273.8883844368 273.7510194756 273.601892209 273.1705673574 272.7366361583 272.3759498199 15.82542316076974 16.045446617703274 16.703086052310027 18.463838424671344 10.038398556702425 7.685506047213935 7.67892557466115
22550400.0 273.3806791328 273.5219642018 273.5268280701 273.4670902938 273.1709474476 272.7406145231 272.3825545728 15.824666790246535 16.045653149681677 16.704115089076986 18.443414952839625 10.004377934049474 7.685645253709009 7.678989375056528
22636800.0 273.9232640484 273.6933046913 273.5285005615 273.4296061277 273.1711897018 272.7444388922 272.3889881596 15.82339515253144 16.045597814588792 16.705026733270245 18.423129756463116 9.946898497640378 7.685781711324886 7.679052613636827
22723200.0 274.4618689215 273.9953656516 273.6442452091 273.4688658401 273.1714063429 272.7481233729 272.3952528548 15.822202413744385 16.04550058116045 16.705882673452788 18.402945781909963 9.894653413477156 7.685915695937523 7.679115254267018
22809600.0 275.2271915498 274.4569765297 273.8635785266 273.5757632685 273.1717218126 272.7516982531 272.4013585318 15.821059348242882 16.04539242985758 16.706705665300326 18.38283230810675 9.873892201797972 7.686048124102949 7.679177339099825
22896000.0 276.252026207 275.0983276531 274.1910103358 273.7498586326 273.1722622524 272.7552063528 272.407322961 15.820102617139506 16.04533972591834 16.707522045615676 18.36275969421161 9.909793257266656 7.686180468766244 7.679238998191541
22982400.0 275.4387712954 274.8545063068 274.1851502033 273.7957717338 273.1729252874 272.7586734023 272.413164715 15.818971679574995 16.045397267105294 16.708464355065303 18.342896699306767 9.973606416602982 7.68631365497363 7.679300381113869
23068800.0 274.2897083846 274.2283153853 273.9363147729 273.7001697355 273.1735209759 272.7620933389 272.4188947344 15.81815197183487 16.04555518268185 16.709482154444384 18.32332065421629 10.017590610199782 7.686447422665442 7.679361566967513
23155200.0 273.8657677453 273.861189068 273.7211450853 273.5798288873 273.1739613383 272.7654433363 272.4245147046 15.817345267761423 16.045700808754535 16.71048966925819 18.303990987164717 10.022018839493258 7.686580819703803 7.679422540215177
23241600.0 273.2277134899 273.4336307575 273.4795664428 273.4394378783 273.1741919111 272.7686958908 272.4300193487 15.542044442603812 16.04512257607447 16.71150853176745 18.28491612945254 9.977001735845324 7.686712635796058 7.679483208282488
23328000.0 274.1472077409 273.7831732387 273.5512242682 273.4316242743 273.1743203199 272.7718409324 272.4354034019 15.816121345751732 16.044958321987473 16.712362355760487 18.265929157250188 9.916821029167739 7.686842305413569 7.67954347424656
23414400.0 274.9377199864 274.2569251137 273.7567471206 273.5187448392 273.1744955599 272.7748927365 272.4406677976 15.81494859227968 16.04479661251501 16.713160623248744 18.24699863163722 9.877783243519437 7.686970261926577 7.6796033077302965
23500800.0 276.0862666882 274.9598760635 274.1024864717 273.6949579384 273.1748823214 272.7778879057 272.4458230514 15.81397328136818 16.044680521202245 16.71393505645517 18.22808896164722 9.89394431194414 7.6870979360408525 7.67966278957573
23587200.0 275.5855490394 274.8886787769 274.1714616483 273.7740597198 273.1754309019 272.7808564678 272.4508841717 15.812912132094976 16.0447079956467 16.714831410199857 18.209350194361676 9.947248761734853 7.687226571846273 7.679722060147639
23673600.0 273.2239007542 273.6884661401 273.7041745987 273.5905063909 273.1758370106 272.7837863745 272.4558583578 15.191156916299997 16.042775113851214 16.715906270157344 18.190994213502222 9.959304234197162 7.68735562906351 7.679781176015243
23760000.0 273.2136272491 273.3939288143 273.4628771175 273.4350217671 273.1760154158 272.7866461161 272.4607424814 14.743074522265282 16.03613228490477 16.716860151563463 18.1728659626484 9.915975957288584 7.687483653358565 7.679840072657882
23846400.0 272.8269721438 273.2299354617 273.3177343091 273.3269926015 273.175970971 272.7894069709 272.465527611 14.301929451565702 15.84864161093387 16.71709397249801 18.15492113541249 9.82832281764595 7.687609225782062 7.679898611221216
23932800.0 273.0622603234 273.229304796 273.2671541798 273.2734249752 273.1757450849 272.7920519792 272.4702041763 14.312475998716607 15.751191419513612 16.717074730328164 18.137119353980264 9.715069902871889 7.687731391776539 7.679956638006295
24019200.0 273.421292106 273.2302385794 273.2469137706 273.2501851172 273.1754135713 272.7945789773 272.4747660851 15.837501485557903 15.898940637259187 16.717362279712365 18.119455230744563 9.598020755881574 7.687849848379199 7.680014036084156
24105600.0 273.9740748064 273.6457522685 273.3981500973 273.2989127418 273.175010379 272.7970312366 272.4792542765 15.836097337713918 16.01907624174309 16.71798469065779 18.101824100861 9.482204277730293 7.687966463952034 7.680071287760303
24192000.0 273.6289402496 273.5486043375 273.4126823135 273.3290715293 273.1745232487 272.7993550538 272.4836076113 15.835139323050067 16.01945870821773 16.71870275042307 18.084343015119806 9.369399700089934 7.688078514639069 7.6801275745223965
24278400.0 273.2116308953 273.2847912713 273.3021042596 273.2869404665 273.173957288 272.8015744684 272.4878453649 14.69587005835676 16.01593834830544 16.719481262931744 18.067061608695425 9.259329379787944 7.688186961751434 7.680183095661486
24364800.0 271.6430598335 273.2201376302 273.2511977499 273.2548822258 273.1732978294 272.8036675262 272.4919399165 14.299026512969109 14.971242820515082 16.702056959745516 18.04996759442648 9.152038482679338 7.688290540216687 7.680237436976407
24451200.0 270.8087404568 272.6320013279 273.2320956996 273.2392173199 273.1725370451 272.8056587565 272.4959211835 14.29876028405751 14.300513540916427 16.26693062878602 18.032988870784028 9.046832882844578 7.688390277766688 7.680290943616355
24537600.0 270.3801291019 271.9373382262 273.2260828038 273.2333771635 273.1716592638 272.8075441634 272.4997890004 14.298687053215144 14.299210704579234 15.370733969496207 18.015214447904686 8.94385134186376 7.688485810708505 7.680343568820331
24624000.0 270.806610101 272.0006128657 273.2081913212 273.2329485057 273.1706474613 272.8093174988 272.5035418244 14.298759852075824 14.299262972017655 14.630288251376587 17.949042329305783 8.843355036076522 7.688576654268948 7.680395246504328
24710400.0 271.513629521 272.2726204992 273.1237894948 273.2327631938 273.1694822811 272.8109705235 272.5071766526 14.29896693655455 14.29957614187471 14.33092776959462 17.79593321031313 8.745658644479509 7.688662211931378 7.680445889038968
24796800.0 272.0284580915 272.5048567163 273.0612511816 273.232568198 273.1681415608 272.8124931332 272.5106892458 14.299287890457327 14.300059479817781 14.312317390106884 17.603267379783954 8.651120751633389 7.688741779678402 7.68049538942377
24883200.0 271.6241914506 272.3436878395 272.9976785056 273.2323172113 273.166600181 272.813873163 272.514073924 14.299017182520352 14.299693783344766 14.306282553479749 17.370264289074605 8.560147124603196 7.688814534957025 7.680543617535099
24969600.0 272.3054615274 272.6319001134 273.0598885104 273.2321180561 273.1648303617 272.8150963135 272.5173235424 14.299627983342079 14.300513088442493 14.31210734334783 17.194690735817076 8.473194943099621 7.688879533364345 7.680590418933213
25056000.0 272.2157333049 272.6416634845 273.0666876032 273.2319220492 273.1628027269 272.816146228 272.520429494 14.29949517046333 14.300557585704908 14.313204144052452 17.029879869573993 8.390773963578297 7.688935715381989 7.680635614150346
25142400.0 271.9835633661 272.5327822957 273.0363398435 273.2316891453 273.1604886601 272.8170048598 272.5233817307 14.29924831623599 14.30014279424204 14.309152801089553 16.84502729006355 8.31344122793018 7.688981931606173 7.680678998397269
25228800.0 272.0194528234 272.527397152 273.0277934802 273.2314374573 273.1578646414 272.8176533203 272.5261687727 14.299279694061683 14.300126131628717 14.30835786299562 16.65705736830905 8.241784510082342 7.689016997508246 7.680720341313152
25315200.0 272.3783344357 272.6945026779 273.068191932 273.2312237952 273.1549192686 272.8180741942 272.5287790268 14.299759200840363 14.300832398720383 14.313464162646484 16.504629835773926 8.176388798764828 7.689039831682936 7.680759406620496
25401600.0 272.499029884 272.7821122088 273.0943680929 273.2310362979 273.1516629431 272.8182545457 272.5312015022 14.300043019201297 14.301467205773983 14.31931539450029 16.375546458365918 8.117780469449892 7.689049634685962 7.680795963881507
25488000.0 272.4963645501 272.7977717708 273.1015653591 273.2308530111 273.1481386657 272.8181906448 272.5334279289 14.300035589967852 14.301614858769018 14.321511626036973 16.253974388033917 8.066349602433197 7.6890461601093145 7.68082982229052
25574400.0 272.3765004643 272.7448055701 273.0891958358 273.23064694 273.1444297466 272.8178933357 272.5354553835 14.299755587435588 14.301162484886698 14.317921476475723 16.123808145697677 8.022262668528779 7.689030012084347 7.680860873605995
25660800.0 272.5467957865 272.8135979575 273.1028849697 273.2304549699 273.1406582199 272.8173924157 272.5372890903 14.300187584476673 14.301778415176235 14.321950871565415 16.006166527471528 7.985391334283102 7.689002872078167 7.680889139007712
25747200.0 272.425603113 272.770093174 273.0943486856 273.2302444926 273.1369695329 272.8167375875 272.5389445026 14.299858810330514 14.30136233454382 14.319309894285327 15.882755908471456 7.955290698343984 7.688967519395169 7.680914805472333
25833600.0 272.2681634753 272.6875117134 273.0714749806 273.2299894395 273.1335060898 272.815994228 272.5404476457 14.299569411098663 14.300792342201401 14.314055409688716 15.741833501263041 7.931246459221352 7.68892755928882 7.680938234860066
25920000.0 272.0941739902 272.5887859353 273.0414791072 273.2296698879 273.1303800271 272.815234474 272.5418331389 14.29935204721119 14.300335541579217 14.309692706426683 15.57756024169003 7.912378465203325 7.688886905839149 7.680959935591573
26006400.0 271.915159681 272.4844302491 273.0090450547 273.2292679656 273.1276568427 272.8145265704 272.5431403233 14.299193682749236 14.300003072530963 14.306959126456375 15.38787333726263 7.897762592920378 7.688849196687425 7.680980502908758
26092800.0 271.6754795085 272.3504128553 272.9688303726 273.2287458742 273.1253545391 272.8139260923 272.5444085878 14.299043116406681 14.299706026701237 14.304954797880644 15.166262259846668 7.886531746504359 7.68881733759141 7.681000544844136
26179200.0 271.6094248548 272.293323023 272.948511143 273.2281168249 273.1234543476 272.8134714875 272.5456733306 14.299010043786035 14.299608347338635 14.304252783908835 14.928988869817058 7.877936075059855 7.688793295485924 7.6810206170026785
26265600.0 271.740177323 272.3441319648 272.9593379917 273.2274405812 273.1219155115 272.8131838683 272.5469632874 14.299078592611853 14.299694585442584 14.304607754229348 14.701793771317089 7.871363914343574 7.688778118897786 7.681041178220393
26352000.0 271.1551528936 272.0758724838 272.8888487305 273.2264280438 273.1206882674 272.8130697807 272.548299521 14.298843143311656 14.299333371315772 14.302835469977191 14.417262568016136 7.866335992200333 7.688772106277727 7.681062572357318
26438400.0 270.8242631074 271.8684477627 272.8255493804 273.2249151307 273.1197226568 272.8131251727 272.5496957195 14.298763456149139 14.29915980565966 14.3019127773008 14.081456276266396 7.862486441682107 7.6887750250137 7.681085030880649
26524800.0 270.6629309209 271.7523460624 272.7870990917 273.2226777343 273.1189733032 272.8133392594 272.5511592317 14.29873246677743 14.299085641530846 14.301512809534925 13.715882070028204 7.859540188681426 7.688786315003093 7.681108687411111
26611200.0 270.4671103931 271.6363053615 272.7499371307 273.2190350932 273.1184013011 272.8136977667 272.5526925852 14.298699976391584 14.299023145471308 14.301200946312044 13.323796149692638 7.857291860954471 7.688805254098468 7.681133600350652
26697600.0 270.5166412441 271.6350340435 272.7398002039 273.2126347133 273.1179743909 272.8141850163 272.554294665 14.298707726674495 14.299022515087692 14.301125919277933 12.933395224758499 7.855588213498351 7.68883106079799 7.681159770343853
26784000.0 270.2692339378 271.5081156522 272.6867038327 273.1962638696 273.1176663152 272.8147854509 272.5559620276 14.298671736117086 14.298964612191845 14.300787793100824 12.527761055377377 7.854314402578591 7.688862967997082 7.681187160394637
26870400.0 270.2729812579 271.4587261485 272.6127248802 273.1515732385 273.1174558822 272.8154845121 272.5576899058 14.298672233948047 14.298944484572043 14.300430517106026 12.145654987208047 7.8533836559974075 7.688900264159837 7.681215711331408
26956800.0 269.9955064287 271.2849320491 272.4966055231 273.1014030072 273.1173260116 272.8162688687 272.5594726875 14.298638645286067 14.298882330251812 14.300036259092334 11.753486999285512 7.852729721266595 7.688942301650481 7.681245348998465
27043200.0 269.8629016903 271.1726005708 272.426440767 273.0777714207 273.1172915674 272.8171310697 272.561305615 14.298624643203926 14.298848105004364 14.29986069587866 11.333859485622389 7.852420248403436 7.688988745508046 7.681276012150969
27129600.0 269.6659793588 271.047759461 272.3683355434 273.0624819465 273.1173357197 272.8180641441 272.5631844978 14.29860586317092 14.298814460525707 14.299739711284785 10.888655729733395 7.8523813822187805 7.6890392857370635 7.681307647899587
27216000.0 269.1933973069 270.7871459975 272.2683360086 273.0410457821 273.1174377587 272.8190595182 272.565104961 14.298568592399361 14.298755942225027 14.299569670352689 10.4043251896869 7.852533046448736 7.6890935224903245 7.681340199073811
27302400.0 268.1257736255 270.2067168536 272.054276914 272.9984607459 273.1175821807 272.8201078941 272.567062213 14.298510730793959 14.298663622276838 14.299312156070705 9.827711532315401 7.852820788477484 7.689151010025478 7.681373600022564
27388800.0 267.5928768248 269.8237436624 271.8905435998 272.9625388578 273.1177573945 272.8212002261 272.5690511705 14.298490347719005 14.298620727170396 14.299175509293143 9.187478761063147 7.853205789251761 7.689211307646184 7.681407778369953
27475200.0 267.6874002901 269.7880284367 271.8511496702 272.9469095391 273.117954515 272.8223282421 272.5710667075 14.298493665869689 14.29861723694857 14.299147893869673 8.559507483634368 7.853658953264675 7.689274007568228 7.681442659051129
27561600.0 268.2063376547 270.0294877433 271.918173558 272.9419463543 273.1181664522 272.8234845852 272.5731038502 14.29851420485145 14.298642429926998 14.29919595898862 8.029780425703091 7.854157150834709 7.689338742991216 7.6814781675111306
27648000.0 268.1569891658 270.0267209838 271.8734937553 272.8454225327 273.1183868896 272.8246627067 272.5751578797 14.298512063217132 14.298642118623299 14.299163342781007 7.7163632629137195 7.854679185817208 7.689405182763945 7.681514231523191
27734400.0 267.7955901699 269.7938679986 271.6848203269 272.6443682277 273.1186101863 272.8258567372 272.5772243686 14.298497611268001 14.298617802407135 14.299048040021416 7.685675170802029 7.8552057738329095 7.689473024876059 7.681550781857358
27820800.0 266.4911817525 269.0614239828 271.3377086906 272.4703540275 273.1188322383 272.8270615246 272.5792992192 14.298458776405699 14.298559759392754 14.298899913390935 7.681453321781209 7.85572338483314 7.689541999406759 7.681587753079019
27907200.0 265.7224967795 268.5009994162 271.0450131963 272.3337584687 273.1190501104 272.8282726467 272.5813786907 14.298442418575524 14.298527963914015 14.298813766370726 7.67965884955852 7.856222540246075 7.689611870338299 7.681625084140558
27993600.0 264.6051940581 267.8051614953 270.7168714799 272.1943381888 273.1192596254 272.8294860616 272.5834593537 14.298424008135989 14.298497968196433 14.29874235923007 7.678430173351842 7.856687608789242 7.689682416372473 7.68166271775602
28080000.0 263.3966644265 267.0364195695 270.356455357 272.044505579 273.1194533716 272.8306974578 272.585537892 14.298408950693515 14.298472943056844 14.298683678667755 7.677480000059206 7.8570890155268085 7.689753393304391 7.681700596913638
28166400.0 262.3100350995 266.3049488576 269.9894160631 271.8693402468 273.1195962581 272.8318980395 272.5876099482 14.298398345850023 14.298454467284323 14.298637975791896 7.6766211558217465 7.857278621419519 7.689824283366961 7.681738643619084
28252800.0 261.9324592967 265.8493367095 269.5561637119 271.4215781221 273.1192788331 272.8330186697 272.5896557522 14.298395154062892 14.298444874522046 14.298596305726697 7.675113236000227 7.855518962341286 7.689890949281877 7.6817764912739985
28339200.0 261.4461074909 265.4242236484 269.2025504455 271.129250429 273.1176146178 272.8338593555 272.5916129481 14.298391354111732 14.298436968956974 14.298569227480577 7.674585187964743 7.848468399048391 7.689941279454376 7.681812965754424
28425600.0 260.7132076984 264.91400661 268.8816882118 270.9203636292 273.104691588 272.8327227274 272.5930261821 14.298386203730994 14.298428584446956 14.298548629405929 7.674309969326767 7.807506419324755 7.689873296866848 7.681839466278298
28512000.0 261.7727302839 265.1943778102 268.6775529242 270.4716885128 272.6022511162 272.740485963 272.5718516378 14.298393869265873 14.298433055281805 14.29853709957487 7.6738335377112 7.682181199118895 7.685640711922305 7.681456310420573
28598400.0 260.8616027947 264.6204068881 268.1278766455 269.853753597 271.979263918 272.5369393514 272.5073416673 14.298387195613161 14.298424225615149 14.29851082002288 7.673431408470228 7.67649760162538 7.680883753252521 7.680448202051374
28684800.0 261.0387005959 264.4272335536 267.7063057425 269.3414138529 271.4799530098 272.2828659222 272.401169647 14.298388412049572 14.298421521830345 14.298494343707358 7.6732049738900825 7.675042900777789 7.6781321731543235 7.679175402893253
28771200.0 259.983278083 263.7092678311 267.1319521983 268.8106271575 271.0372888171 272.0120802302 272.264060493 14.298381658951955 14.298412466404768 14.298475696539333 7.673031419022483 7.674342890755186 7.676576788872254 7.677992592643394
28857600.0 260.0239816737 263.4442225928 266.7285076205 268.373423361 270.6394712438 271.7395226069 272.1065612857 14.298381898714442 14.298409470565593 14.29846463953423 7.672918187929233 7.6739299037405875 7.675626064626214 7.677025567871201
28944000.0 260.261199826 263.3935982512 266.4709452992 268.0412210314 270.289100087 271.4741898294 271.9371968717 14.298383327014566 14.298408917351384 14.29845829623058 7.672845373628134 7.673663715445152 7.6750037105034625 7.676271906206735
29030400.0 259.7531618598 263.0303073901 266.1374475368 267.7076997696 269.9676869476 271.21846347 271.7617191591 14.298380331634316 14.298405113932798 14.298450791963 7.672781936680365 7.673472595960261 7.6745691497494795 7.675689191775736
29116800.0 258.9950732109 262.4765365871 265.7165638076 267.3374016702 269.6553996208 270.9697658424 271.5830192704 14.298376272499246 14.29839982707305 14.298442305801235 7.672720556201673 7.673321653382287 7.674246451301263 7.675232845850107
29203200.0 259.5822356125 262.5648945687 265.5445439098 267.0842132618 269.3726490712 270.7304256854 271.4035116058 14.298379375682103 14.298400632561808 14.298439114517645 7.672682689627819 7.673206999433691 7.6739999342348435 7.674870549016248
29289600.0 260.7366513808 263.1012147216 265.6322177975 266.9953080967 269.145309049 270.5081758559 271.2268372538 14.29838635880919 14.298405834118988 14.29844072230819 7.672669723510758 7.673126697162301 7.673811926307108 7.674581499954742
29376000.0 260.3929916095 263.0007456751 265.5413136174 266.8705831858 268.9480057279 270.3039410484 271.0557644727 14.298384144142156 14.29840481673465 14.298439056004787 7.672652760119394 7.673064278181469 7.673665645403136 7.674349150880006
29462400.0 261.0494534314 263.2766764801 265.577498612 266.8084584472 268.7825043827 270.1181581312 270.8922535985 14.298388487083708 14.298407661900029 14.298439714370042 7.672644391073903 7.673016367536018 7.6735500986229495 7.674160742609602
29548800.0 262.6483818196 264.1265543977 265.8948713844 266.9089055892 268.6735992608 269.9564638875 270.7390949811 14.298401406435778 14.298417549482972 14.298445777678834 7.672657077644742 7.672986682396034 7.673460735045067 7.674007984039454
29635200.0 263.3188386261 264.6565059923 266.1699806895 267.041149568 268.6110360827 269.8214011742 270.5989068342 14.298408111085005 14.2984247448817 14.29845149165057 7.672674740979169 7.6729701835649475 7.673392904410347 7.673884618830456
29721600.0 263.8778897379 265.0740555985 266.4069631731 267.1739072588 268.5796016661 269.7113937806 270.4730849656 14.298414463904962 14.298431097599675 14.298456797485565 7.672693379555379 7.672961979306167 7.673341689805053 7.673785160326403
29808000.0 263.5210118297 265.0012520954 266.437533669 267.2116717309 268.5495934354 269.6191755176 270.3607712679 14.2984103211118 14.29842994185601 14.29845750992741 7.672698872311053 7.672954335414562 7.673301275605655 7.673704141189289
29894400.0 264.4500058222 265.4669093347 266.640022168 267.3127528044 268.5346239209 269.5421740934 270.2608286073 14.29842183416025 14.298437722243087 14.298462402239677 7.672713837005137 7.672950498198436 7.673269151745496 7.6736374704929275
29980800.0 262.855715583 264.7642437423 266.396043727 267.2099806895 268.4893536256 269.4700279661 270.170066464 14.298403384055623 14.298426321911563 14.298456544618238 7.672698639650902 7.672939417332359 7.673240303358536 7.673580892808234
30067200.0 259.1854527642 262.7161159592 265.4638428308 266.7085641297 268.3389038812 269.379523467 270.0806007186 14.298377249262403 14.298402043633146 14.298437667841426 7.672631446247263 7.672904386064501 7.673205713672114 7.67352847758381
30153600.0 258.6265716382 261.8950366022 264.8273858983 266.232844476 268.1227457497 269.2614983745 269.9849817939 14.298374456662987 14.298394849687677 14.298427265644914 7.6725765777755335 7.67285776794873 7.673163084071076 7.6734758130796195
30240000.0 259.0086212646 261.806575268 264.5394326337 265.9196236379 267.9012018875 269.1233652415 269.8804583234 14.298376341114812 14.29839413839952 14.298423077086795 7.672544263431997 7.6728139785825045 7.673116442774431 7.67342185383782
30326400.0 259.2321513171 261.8221948161 264.387277766 265.7119709842 267.7003156819 268.9766514503 269.7683507592 14.298377493053229 14.29839426316321 14.298420977839243 7.6725243041761875 7.672777360148809 7.6730703674922625 7.673367776854118
30412800.0 258.2378216397 261.2598286983 264.0421416649 265.4391171667 267.4982039264 268.8246485588 269.6503147847 14.29837264105619 14.298389983209027 14.29841648264953 7.672499939015247 7.672743215146473 7.673026008027609 7.673314675261318
30499200.0 259.5551314778 261.7483409466 264.0928031351 265.3480300138 267.3311023748 268.6760124373 269.5294396913 14.298379226359586 14.298393676339165 14.29841712047792 7.672492001868043 7.672716766318977 7.672985616855155 7.673263971828183
30585600.0 262.5848668078 263.3682160315 264.7294205807 265.6005880657 267.2612275767 268.5500360303 269.4125200708 14.298400816545865 14.298408642187981 14.298425807654935 7.672513558530834 7.672706033334352 7.672953477082497 7.673218123890777
30672000.0 262.7240528722 263.8191746195 265.0644792432 265.8091448894 267.2481253916 268.4527284794 269.3054687703 14.298402118852124 14.29841375995322 14.298430944357179 7.672532693449023 7.672703943861754 7.672929860641139 7.673178650856943
30758400.0 260.1399345852 262.6316427483 264.6636288367 265.6554303079 267.1928697536 268.3666900285 269.2075685854 14.298382590179617 14.298401250261264 14.298424847871978 7.672518558076039 7.672695772577634 7.672909799426047 7.673144474727105
30844800.0 259.5545165811 262.0523014425 264.3104184887 265.4283306077 267.0911432129 268.2772278475 269.1143793329 14.298379222981392 14.298396142974799 14.298419945616349 7.672498582349736 7.672681192684115 7.67288970983976 7.6731135213831685
30931200.0 260.8655305077 262.5482888726 264.3908211104 265.3871331121 267.0010253746 268.1869652723 269.0237879361 14.298387222198906 14.298400480128803 14.298421025879701 7.672494958571774 7.672668655891826 7.672870192737813 7.673084804442678
31017600.0 260.5094685912 262.4518143837 264.3360458094 265.3256730462 266.9181967896 268.0985160987 268.9353578898 14.298384880900617 14.298399604150537 14.298420287738093 7.6724897588311824 7.672657455172122 7.672851761158764 7.673057992095418
31104000.0 261.3551630794 262.8466095683 264.4633271496 265.3527778581 266.8582872504 268.0165483117 268.8501371533 14.298390679257071 14.29840329548322 14.298422017647137 7.672491940060399 7.672649520026005 7.672835261365615 7.673033222108601
31190400.0 261.2679700273 262.8837295772 264.4936369461 265.3582479185 266.8097694946 267.9420226046 268.7690422329 14.298390042199932 14.298403657555427 14.298422437288856 7.672492366215179 7.672643203702361 7.672820721662217 7.673010568272348
31276800.0 258.1132246446 261.2740411728 263.8138030042 265.0076405509 266.6925912892 267.8587595636 268.6885058692 14.298372079581345 14.298390086250297 14.298413696003385 7.672464381114901 7.6726284654631325 7.672804973835609 7.672988905696202
31363200.0 256.8771606119 260.2302711307 263.1648648911 264.5705599448 266.5085511866 267.7543983304 268.6029130665 14.298366988223378 14.298383137733758 14.298406489539477 7.672432663105212 7.672606402731921 7.672785939082457 7.672966745017503
31449600.0 257.7985018141 260.3824197873 262.9910071326 264.3321402477 266.3242361032 267.6346960046 268.5101525253 14.298370703095058 14.298384077955063 14.298404719219594 7.672416575223521 7.67258549110253 7.672765015215644 7.672943674570121
31536000.0 257.9060181163 260.4056719014 262.8841108435 264.1742853029 266.1597534443 267.5093072525 268.4115127078 14.298371166755274 14.2983842236763 14.298403661284189 7.672406384019043 7.672567758408276 7.672744073339039 7.672920157331739
