single point
       alpha_p                      0.005000000000000000    1.000000000000000    0.000000000000000
       alpha_m                      0.002273679121367000    1.000000000000000    0.000000000000000
           n_p                      2.035755968869000    1.000000000000000    0.000000000000000
           n_m                      2.020263053904000    1.000000000000000    0.000000000000000
          wr_p                      0.2449081816351000    1.000000000000000    0.000000000000000
          wr_m                      0.2047855757496000    1.000000000000000    0.000000000000000
         tcs_p                      0.4440287867638300    1.000000000000000    0.000000000000000
         tcs_m                      0.9576464215990900    1.000000000000000    0.000000000000000
         tcd_p                      0.1087587500130800    1.000000000000000    0.000000000000000
         tcd_m                      0.9926189389014500    1.000000000000000    0.000000000000000
          af_p                      1.507539148913200    1.000000000000000    0.000000000000000
          af_m                      1.500949492077400    1.000000000000000    0.000000000000000
         auf_p                      0.4873636249850000    1.000000000000000    0.000000000000000
         auf_m                      0.6990293722281500    1.000000000000000    0.000000000000000
         por_p                      0.7018742654743900    1.000000000000000    0.000000000000000
         por_m                      0.4458013888076200    1.000000000000000    0.000000000000000
        perm_p                      2.673311063600000e-11    1.000000000000000    0.000000000000000
        perm_m                      5.000000000000000e-14    1.000000000000000    0.000000000000000
         den_p                      900.0000000000000    1.000000000000000    0.000000000000000
         den_m                      1900.000000000000    1.000000000000000    0.000000000000000
          lh_w                      334000.0000000000    1.000000000000000    0.000000000000000
          lh_i                      -6007.870000000000    1.000000000000000    0.000000000000000
          hc_l                      76.00000000031400    1.000000000000000    0.000000000000000
          hc_r                      620.0000000000000    1.000000000000000    0.000000000000000
