single point
       alpha_p                      0.005000000000000000    1.000000000000000    0.000000000000000
       alpha_m                      0.002136877800643000    1.000000000000000    0.000000000000000
           n_p                      2.020688155598000    1.000000000000000    0.000000000000000
           n_m                      1.989934796448000    1.000000000000000    0.000000000000000
          wr_p                      0.2500965467616000    1.000000000000000    0.000000000000000
          wr_m                      0.2117214674210000    1.000000000000000    0.000000000000000
         tcs_p                      0.4477447893557300    1.000000000000000    0.000000000000000
         tcs_m                      0.9634283196595700    1.000000000000000    0.000000000000000
         tcd_p                      0.1241436678505900    1.000000000000000    0.000000000000000
         tcd_m                      1.001046618001520    1.000000000000000    0.000000000000000
          af_p                      1.510262799537500    1.000000000000000    0.000000000000000
          af_m                      1.502710417002300    1.000000000000000    0.000000000000000
         auf_p                      0.4878173208541800    1.000000000000000    0.000000000000000
         auf_m                      0.6990358724589000    1.000000000000000    0.000000000000000
         por_p                      0.7411780881019600    1.000000000000000    0.000000000000000
         por_m                      0.4124065705658300    1.000000000000000    0.000000000000000
        perm_p                      2.673311063600000e-11    1.000000000000000    0.000000000000000
        perm_m                      5.000000000000000e-14    1.000000000000000    0.000000000000000
         den_p                      900.0000000000000    1.000000000000000    0.000000000000000
         den_m                      1900.000000000000    1.000000000000000    0.000000000000000
          lh_w                      334000.0000000000    1.000000000000000    0.000000000000000
          lh_i                      -6007.870000000000    1.000000000000000    0.000000000000000
          hc_l                      76.00000000052501    1.000000000000000    0.000000000000000
          hc_r                      620.0000000000000    1.000000000000000    0.000000000000000
