single point
       alpha_p                      0.007882496212743000    1.000000000000000    0.000000000000000
       alpha_m                      0.001833469470076000    1.000000000000000    0.000000000000000
           n_p                      2.049673988518000    1.000000000000000    0.000000000000000
           n_m                      2.049562338273000    1.000000000000000    0.000000000000000
          wr_p                      0.2269963693374000    1.000000000000000    0.000000000000000
          wr_m                      0.1637021293174000    1.000000000000000    0.000000000000000
         tcs_p                      0.4401602668168600    1.000000000000000    0.000000000000000
         tcs_m                      0.9524095240632400    1.000000000000000    0.000000000000000
         tcd_p                      0.1016885318140800    1.000000000000000    0.000000000000000
         tcd_m                      0.9848448310955700    1.000000000000000    0.000000000000000
          af_p                      1.505182764338600    1.000000000000000    0.000000000000000
          af_m                      1.499409155291900    1.000000000000000    0.000000000000000
         auf_p                      0.4868604249183000    1.000000000000000    0.000000000000000
         auf_m                      0.6989748315829600    1.000000000000000    0.000000000000000
         por_p                      0.6414562876020800    1.000000000000000    0.000000000000000
         por_m                      0.4799667430514200    1.000000000000000    0.000000000000000
        perm_p                      8.019930000000000e-11    1.000000000000000    0.000000000000000
        perm_m                      5.000000000000000e-14    1.000000000000000    0.000000000000000
         den_p                      900.0000000000000    1.000000000000000    0.000000000000000
         den_m                      1900.000000000000    1.000000000000000    0.000000000000000
          lh_w                      334000.0000000000    1.000000000000000    0.000000000000000
          lh_i                      -6007.870000000000    1.000000000000000    0.000000000000000
          hc_l                      76.00000000033100    1.000000000000000    0.000000000000000
          hc_r                      620.0000000000000    1.000000000000000    0.000000000000000
