single point
       alpha_p                      0.006017008309908000    1.000000000000000    0.000000000000000
       alpha_m                      0.002263780667288000    1.000000000000000    0.000000000000000
           n_p                      2.049606768517000    1.000000000000000    0.000000000000000
           n_m                      2.049409169593000    1.000000000000000    0.000000000000000
          wr_p                      0.2271699869419000    1.000000000000000    0.000000000000000
          wr_m                      0.1642203558663000    1.000000000000000    0.000000000000000
         tcs_p                      0.4401897716040000    1.000000000000000    0.000000000000000
         tcs_m                      0.9524175959936100    1.000000000000000    0.000000000000000
         tcd_p                      0.1016666317617000    1.000000000000000    0.000000000000000
         tcd_m                      0.9848657176250000    1.000000000000000    0.000000000000000
          af_p                      1.505190131754300    1.000000000000000    0.000000000000000
          af_m                      1.499408248126600    1.000000000000000    0.000000000000000
         auf_p                      0.4868354142972300    1.000000000000000    0.000000000000000
         auf_m                      0.6989753293534200    1.000000000000000    0.000000000000000
         por_p                      0.6418427812779600    1.000000000000000    0.000000000000000
         por_m                      0.4797483900407400    1.000000000000000    0.000000000000000
        perm_p                      8.019930000000000e-11    1.000000000000000    0.000000000000000
        perm_m                      5.000000000000000e-14    1.000000000000000    0.000000000000000
         den_p                      900.0000000000000    1.000000000000000    0.000000000000000
         den_m                      1900.000000000000    1.000000000000000    0.000000000000000
          lh_w                      334000.0000000000    1.000000000000000    0.000000000000000
          lh_i                      -6007.870000000000    1.000000000000000    0.000000000000000
          hc_l                      76.00000000031901    1.000000000000000    0.000000000000000
          hc_r                      620.0000000000000    1.000000000000000    0.000000000000000
