single point
       alpha_p                      0.005000000000000000    1.000000000000000    0.000000000000000
       alpha_m                      0.002256721620009000    1.000000000000000    0.000000000000000
           n_p                      2.049525426847000    1.000000000000000    0.000000000000000
           n_m                      2.048883705364000    1.000000000000000    0.000000000000000
          wr_p                      0.2273080371158000    1.000000000000000    0.000000000000000
          wr_m                      0.1654495387500000    1.000000000000000    0.000000000000000
         tcs_p                      0.4399929375227800    1.000000000000000    0.000000000000000
         tcs_m                      0.9525448286454600    1.000000000000000    0.000000000000000
         tcd_p                      0.1017685652391100    1.000000000000000    0.000000000000000
         tcd_m                      0.9849744440207699    1.000000000000000    0.000000000000000
          af_p                      1.505241857182800    1.000000000000000    0.000000000000000
          af_m                      1.499410699003800    1.000000000000000    0.000000000000000
         auf_p                      0.4869408713902500    1.000000000000000    0.000000000000000
         auf_m                      0.6989821897882900    1.000000000000000    0.000000000000000
         por_p                      0.6428931283604400    1.000000000000000    0.000000000000000
         por_m                      0.4790495832883100    1.000000000000000    0.000000000000000
        perm_p                      8.019930000000000e-11    1.000000000000000    0.000000000000000
        perm_m                      5.000000000000000e-14    1.000000000000000    0.000000000000000
         den_p                      900.0000000000000    1.000000000000000    0.000000000000000
         den_m                      1900.000000000000    1.000000000000000    0.000000000000000
          lh_w                      334000.0000000000    1.000000000000000    0.000000000000000
          lh_i                      -6007.870000000000    1.000000000000000    0.000000000000000
          hc_l                      76.00000000031901    1.000000000000000    0.000000000000000
          hc_r                      620.0000000000000    1.000000000000000    0.000000000000000
