single point
       alpha_p                      0.005000000000000000    1.000000000000000    0.000000000000000
       alpha_m                      0.002135278410496000    1.000000000000000    0.000000000000000
           n_p                      2.020757695009000    1.000000000000000    0.000000000000000
           n_m                      1.990095204360000    1.000000000000000    0.000000000000000
          wr_p                      0.2501294255874000    1.000000000000000    0.000000000000000
          wr_m                      0.2117278811779000    1.000000000000000    0.000000000000000
         tcs_p                      0.4477565366390000    1.000000000000000    0.000000000000000
         tcs_m                      0.9634011581158400    1.000000000000000    0.000000000000000
         tcd_p                      0.1240384870726200    1.000000000000000    0.000000000000000
         tcd_m                      1.001014032514590    1.000000000000000    0.000000000000000
          af_p                      1.510248825945200    1.000000000000000    0.000000000000000
          af_m                      1.502709082192700    1.000000000000000    0.000000000000000
         auf_p                      0.4878018432986400    1.000000000000000    0.000000000000000
         auf_m                      0.6990293502070600    1.000000000000000    0.000000000000000
         por_p                      0.7410257107208200    1.000000000000000    0.000000000000000
         por_m                      0.4124939674547600    1.000000000000000    0.000000000000000
        perm_p                      2.942398044110000e-11    1.000000000000000    0.000000000000000
        perm_m                      5.000000000000000e-14    1.000000000000000    0.000000000000000
         den_p                      900.0000000000000    1.000000000000000    0.000000000000000
         den_m                      1900.000000000000    1.000000000000000    0.000000000000000
          lh_w                      334000.0000000000    1.000000000000000    0.000000000000000
          lh_i                      -6007.870000000000    1.000000000000000    0.000000000000000
          hc_l                      76.00000000052501    1.000000000000000    0.000000000000000
          hc_r                      620.0000000000000    1.000000000000000    0.000000000000000
