0.0 270.15 270.15 270.15 270.15 270.15 270.15 270.15 18.536448260827463 15.693630714113457 15.693630714113457 8.735710072722105 8.735710072722105 8.735710071109272 8.735710065705671
86400.0 262.2773054656 264.0452732553 266.1770795861 268.4341051 269.8224717286 270.0934155144 270.145182764 18.535638995170434 15.691147497614901 15.691522298162091 8.734961665062814 8.735507919863474 8.735672066514342 8.735706774779528
172800.0 261.5568651141 262.8087836501 264.5353635542 266.9027641112 269.1485051964 269.8844791812 270.1135611532 18.535620177891158 15.691000691836216 15.691217302438726 8.734639789096349 8.735195626959824 8.735543093931605 8.735685430267713
259200.0 261.8596418219 262.7245796137 264.0203416003 266.0575114391 268.4957850469 269.5728066892 270.0391968577 18.535627789956415 15.690991956936056 15.691144146139113 8.734521436164826 8.734979044703714 8.735378578309536 8.73563693660726
345600.0 261.9078929159 262.668500205 263.7918074699 265.5969017138 267.9840042226 269.2374251161 269.922858021 18.535629041390127 15.690986217156492 15.691114254193545 8.734468048325136 8.734847349134121 8.735230696466173 8.735565533126739
432000.0 260.8947796728 261.8462485736 263.1433256987 265.0698840539 267.5392322177 268.910836888 269.7754842054 18.535604858930707 15.690908579750918 15.691036843017828 8.734414401104257 8.734752327268573 8.735109080620623 8.735482117692786
518400.0 260.6046531029 261.4705448086 262.7045657996 264.6091243613 267.1278781198 268.5940981417 269.6116166751 18.53559866203774 15.690876734465506 15.690989901452275 8.734372902725331 8.734676886096368 8.735007714710816 8.735397487632033
604800.0 259.7472500479 260.7245309782 262.0708908501 264.0876351672 266.7200629896 268.281474954 269.4358881663 18.535581936256435 15.690819196088565 15.69092864973848 8.734331007189844 8.734611582813244 8.734920542807648 8.735314992122284
691200.0 258.5535480645 259.682122243 261.2102105878 263.442025893 266.2816868777 267.9614697634 269.2496730169 18.53556196378136 15.690749452948296 15.690855840657125 8.734285354360166 8.734549998912472 8.734842144887075 8.735235649012573
777600.0 258.1449219345 259.1783887049 260.6430224257 262.8851974912 265.8446940275 267.6351126944 269.0537409877 18.535555866861113 15.690719474109239 15.690813324545983 8.734250577060857 8.734495935952415 8.73477152124957 8.735159918689865
864000.0 255.375748943 256.9780673044 259.0432921657 261.8845425594 265.29968521 267.276561999 268.8447968449 18.535522036289944 15.690610405114551 15.69071179771494 8.734196695550484 8.73443691138358 8.73470294024407 8.73508671966636
950400.0 254.3931717882 255.8797799436 257.9311882245 260.9413779117 264.6971575671 266.8810940457 268.6191211825 18.535512469402782 15.690566363209768 15.690653780519748 8.734153975165333 8.73438048316755 8.734636358006522 8.735015208922258
1036800.0 255.719445052 256.6236905337 258.0775569607 260.5873560667 264.2057947335 266.4888140665 268.3798350353 18.535525641880646 15.69059555415327 15.690660927453626 8.734139591859346 8.734340073428983 8.734578090734068 8.734946743306367
1123200.0 256.5028382277 257.2312266467 258.4066825244 260.5285576558 263.8584106015 266.1346322164 268.1355704938 18.535534426215094 15.69062141943856 15.69067751614389 8.73413728094877 8.734314074290783 8.734531057209606 8.734883562414078
1209600.0 256.3516571694 257.1691551777 258.3804214346 260.4243155224 263.5853251434 265.8225868603 267.8943670585 18.535532666136568 15.69061868656201 15.690676165396981 8.734133236385023 8.734294957131693 8.734493371604614 8.734826910872505
1296000.0 255.9910844342 256.8756238369 258.1521537596 260.2245308904 263.331001005 265.5405348333 267.6602681321 18.535528595488593 15.690606045486073 15.690664623524418 8.73412566678301 8.734278106416893 8.734461957086992 8.734776667550191
1382400.0 255.5043980172 256.4505154646 257.7989695073 259.9410076738 263.0677283959 265.2741356628 267.4337540681 18.53552336917055 15.69058852629593 15.690647441637516 8.734115316763328 8.734261555379307 8.734434344024612 8.734731952455979
1468800.0 256.6905825528 257.2502947317 258.2016586281 259.9770021587 262.8797309906 265.0360986039 267.2167709602 18.53553665770895 15.69062226324503 15.690667096713483 8.73411660609597 8.734250254276022 8.734411198727079 8.734692306679609
1555200.0 255.4930449427 256.4380210013 257.7297295412 259.7307285342 262.6732278553 264.8122121619 267.0090064619 18.535523250753535 15.690588024876183 15.690644165465468 8.734107922522664 8.734238306707963 8.734390630770745 8.734656959588941
1641600.0 256.3555541114 256.9639170898 257.9475417731 259.7034111735 262.5071921857 264.6073197613 266.810769168 18.53553271110243 15.690609799646413 15.690654572209391 8.734106978884482 8.734229035676403 8.734372748961894 8.734625384142952
1728000.0 257.5360802754 257.8910032371 258.5573387518 259.9380362364 262.4353580686 264.4389470848 266.6251494847 18.535547383037635 15.690651842334026 15.690685359070455 8.734115210642342 8.734225113411451 8.734358681680053 8.734597550386704
1814400.0 258.7116232084 258.8931176347 259.3133008233 260.3410637934 262.4658620738 264.3205809579 266.4570047032 18.535564416288207 15.690703435116996 15.690727289439748 8.734130053436067 8.7342267725609 8.73434911234074 8.734573664040726
1900800.0 258.8377518764 259.1427578145 259.6373426572 260.6184068097 262.529802575 264.2432812199 266.308954526 18.53556641257089 15.690717435150486 15.690746697581405 8.73414082095213 8.734230281190364 8.734342999801676 8.734553600298286
1987200.0 260.39713486 260.3691795552 260.5095837667 261.1123084698 262.6682781322 264.2112661609 266.1834440665 18.53559440479033 15.690794145383416 15.690803875290348 8.734161221941262 8.734238026091855 8.734340499030768 8.734537256239316
2073600.0 262.8372396969 262.3813815783 262.0009050248 261.9768967407 262.9497009406 264.2453449514 266.0855848952 18.535655459700678 15.690957764066614 15.690922310574654 8.734201265360928 8.734254411874065 8.734343161621021 8.734524914199998
2160000.0 262.4013025108 262.3790086886 262.350956353 262.4647346703 263.2315832882 264.323609067 266.0164064108 18.535642491562566 15.6909575352135 15.690954837358154 8.734226711071198 8.734271753458751 8.73434935396016 8.7345163928214
2246400.0 264.4012021071 263.939880337 263.4839922999 263.1871515303 263.5705147037 264.4451438517 265.976115226 18.53571276288868 15.691133453319532 15.691076218795617 8.734268955056573 8.734293951389203 8.734359189800218 8.73451150518836
2332800.0 262.4039516921 262.705688144 262.9785277232 263.2503369363 263.7900302714 264.5664620487 265.9583199524 18.535642567155303 15.690990016512416 15.69101873843412 8.734272942119384 8.73430918305259 8.734369284844092 8.734509363843665
2419200.0 259.9372751749 260.7489342725 261.6714898305 262.7072751876 263.7847967947 264.6323219328 265.9490525844 18.535585453441943 15.690820968979544 15.690893508273138 8.734240244138835 8.734308811635328 8.734374885096853 8.734508252854667
2505600.0 259.7535098827 260.33692817 261.1429481148 262.2877357735 263.6735309841 264.6374270302 265.9360233083 18.53558205050885 15.690791940440759 15.690850589255133 8.734217215352881 8.734301011876957 8.73437532280106 8.734506695693065
2592000.0 259.7853807406 260.2598180785 260.9542637227 262.0490798673 263.5478027979 264.6026401853 265.9133458006 18.535582633886804 15.69078671327794 15.690836166499565 8.734204889866739 8.73429241507891 8.734372350530743 8.734503998754874
2678400.0 260.0882597824 260.4460144629 261.0062745212 261.9747812431 263.4538192966 264.5522775701 265.8809996723 18.53558832198675 15.690799443388954 15.690840097485118 8.734201159838053 8.734286133980437 8.73436808988063 8.73450018097333
2764800.0 261.7187455789 261.672390381 261.7837846933 262.2904892615 263.4731980023 264.5211802011 265.844836563 18.53562419690398 15.690893584762527 15.690903139689421 8.734217360709797 8.734287419146945 8.734365483805465 8.73449595253859
2851200.0 263.0022055649 262.7985038139 262.6629661887 262.7993975971 263.6097048039 264.5321527504 265.8133284505 18.535660661275635 15.690999617865003 15.6909856540606 8.734245549981864 8.734296619473804 8.734366401205236 8.734492302235731
2937600.0 265.2958057178 264.6959110634 264.0839136981 263.6383755775 263.8979125938 264.6077681849 265.7965065909 18.5357559363106 15.691241922707647 15.691152728208698 8.73429858527978 8.734316932693575 8.734372787162478 8.734490366133075
3024000.0 266.8367316825 266.1548134147 265.3579594919 264.545185867 264.2980615738 264.7527596884 265.8028300697 18.535859374457523 15.691517208134778 15.69135412280242 8.734367493916857 8.734347320621525 8.734385352585088 8.73449109289291
3110400.0 265.5947961808 265.5026245181 265.2741812609 264.8712853282 264.6250992304 264.9237947108 265.8319580621 18.53577267259975 15.691381215326707 15.691338886289259 8.734395950073282 8.734374266718442 8.734400742219297 8.734494456742942
3196800.0 259.5159201771 260.9438796688 262.404544182 263.7179377989 264.5411907457 265.0081903369 265.8655053682 18.53557778865963 15.690835385673461 15.690960003237569 8.734304102816168 8.734367158612987 8.734408573384565 8.734498364154174
3283200.0 258.027211761 259.2098956215 260.7110969892 262.5492928689 264.1954367665 264.9705916451 265.8819408323 18.535554172571462 15.690721285756226 15.690818223075638 8.734231359077139 8.734339269141882 8.734405064676727 8.734500291578067
3369600.0 257.2542871078 258.2918095913 259.6984597918 261.6508498168 263.7648844233 264.8358444713 265.8684313742 18.53554367968249 15.690671642837652 15.690750462790543 8.734185459117189 8.734307402231329 8.734392749729674 8.734498706660098
3456000.0 256.561411387 257.5578767816 258.9324441909 260.9352143307 263.3280107846 264.6395413819 265.8217333581 18.535535116894575 15.69063615977108 15.69070560799517 8.734153717632095 8.734277913467022 8.734375504238372 8.734493272908425
3542400.0 256.6643809617 257.4618524715 258.6342115031 260.4883046148 262.9474927421 264.4182595615 265.745937475 18.53553634318505 15.690631762890886 15.690689423627143 8.734135711268136 8.734254279795163 8.734356990550351 8.73448459866149
3628800.0 257.5740158954 258.0687248247 258.8942769136 260.3928000239 262.6828782127 264.2090318293 265.6504026084 18.53554789197886 15.690660492259969 15.69070349900142 8.734132026580216 8.734238854575546 8.734340325170878 8.734473914195915
3715200.0 259.2856517816 259.3938992166 259.7506063482 260.7039351 262.5861552562 264.0480624279 265.548131863 18.53557379942891 15.690732031485538 15.690753702466735 8.734144238099836 8.734233408552335 8.734328023246094 8.73446277280828
3801600.0 259.3266115959 259.6004831719 260.0421011589 260.9165503204 262.5664274558 263.9356265473 265.4493289329 18.535574499171222 15.69074444319705 15.690772285957616 8.73415293937716 8.734232309958623 8.734319684501024 8.734452289125738
3888000.0 262.0515645385 261.6845754115 261.445207019 261.6185804973 262.7109636672 263.8932992828 265.3645648667 18.535632832891103 15.690894620926255 15.690874660189138 8.734183943233338 8.7342404547886 8.734316597616576 8.734443506274635
3974400.0 263.0686775529 262.7500177675 262.4363617218 262.3237205175 262.9627150912 263.9222299242 265.3021545143 18.535662805913052 15.690994580895627 15.690963094825793 8.734219120807621 8.734255191448963 8.734318704444208 8.7344371603948
4060800.0 263.7493628261 263.4642400062 263.1482212883 262.9187501851 263.2536460351 264.0060640938 265.2657599794 18.535686534838263 15.691073860355457 15.691037389936977 8.734252565797082 8.734273152323661 8.734324884557182 8.73443350599593
4147200.0 265.7349489981 265.1005909659 264.398727873 263.7338404678 263.6256553106 264.1453477605 265.257824559 18.53578098776419 15.691308321352654 15.691197057989847 8.734305216787462 8.734297711661567 8.734335405788578 8.73443271365038
4233600.0 267.4286495202 266.6433236954 265.7042559999 264.6634017434 264.0827789633 264.3427785749 265.2806891879 18.535914106810583 15.691636847374834 15.691420725298102 8.73437755797045 8.734330639612853 8.734350887387157 8.734435000974848
4320000.0 267.2860960192 266.8237630479 266.1660254535 265.2590242175 264.5145432723 264.5727030165 265.3324421783 18.53589990417877 15.691685689829937 15.691519767157656 8.734432833333996 8.734364930026919 8.734369811856242 8.734440227438538
4406400.0 264.6571924763 264.9640227326 265.1504068741 265.064481172 264.737296262 264.7722494473 265.4017296073 18.535724177548165 15.691285182630317 15.691316957525034 8.734413887196876 8.734383991924886 8.734387074663823 8.734447333547548
4492800.0 263.4713190273 263.8638955432 264.2852058408 264.6455659113 264.7758564362 264.907088281 265.4736707477 18.53567643410377 15.691123524919593 15.691180711039255 8.73437602170553 8.734387394247745 8.734399210949617 8.734454847009841
4579200.0 262.561794275 263.0148060064 263.5628870712 264.1911558877 264.6978727535 264.9734919616 265.5360987814 18.53564714011968 15.691022673562044 15.691085735514864 8.734338937278169 8.734380545395606 8.734405334188638 8.734461481524566
4665600.0 262.6484482941 262.9317647736 263.3396414492 263.9328660465 264.5982300791 264.9928762357 265.5834060793 18.535649709798605 15.691013707118822 15.691059201321629 8.734319482315527 8.73437197544233 8.734407140382084 8.734466581700694
4752000.0 262.3101888994 262.6362122511 263.0780009387 263.7159640945 264.4950013984 264.9828209601 265.6147415548 18.53563991450295 15.690982940147077 15.691029595844462 8.73430396481805 8.734363304383933 8.734406202382624 8.734469995074129
4838400.0 261.0166287972 261.6117151648 262.3477348191 263.2942133061 264.3348632333 264.9398471454 265.6293387664 18.535607551080098 15.690888457720634 15.690954528429051 8.734275740736056 8.734350253408419 8.734402219391075 8.73447159482107
4924800.0 260.6270776626 261.1589815778 261.8834409433 262.9158367467 264.1449942763 264.867371175 265.6269094816 18.535599130637145 15.690851835709106 15.690911847460374 8.734252392597172 8.73433537867569 8.734395595283441 8.734471328163579
5011200.0 261.5232907338 261.7290992865 262.1181690824 262.8677255206 264.0168939225 264.7906998273 265.6109488549 18.535619358523945 15.69089842578064 15.690932977487735 8.734249546585541 8.734325691158345 8.734388712273107 8.734469580432167
5097600.0 260.3524376949 260.9056802431 261.6103012828 262.5971136858 263.8719750659 264.7067380455 265.5839989748 18.53559350613262 15.690832524650135 15.690888338888637 8.734234020574295 8.734315053093631 8.734381317636455 8.734466646024194
5184000.0 260.7603022076 261.0897979694 261.606859612 262.4788295005 263.7484424022 264.6219585051 265.5487132616 18.53560195002926 15.690846480984929 15.690888049745107 8.734227480738117 8.734306242948145 8.73437399815113 8.734462835304454
5270400.0 260.3369298434 260.7743178942 261.3801872446 262.3136964468 263.6270641198 264.5363179087 265.5070484464 18.5355931958252 15.690822820501497 15.690869378115801 8.734218588750734 8.734297808303559 8.734366750059362 8.73445838078462
5356800.0 260.5666736131 260.8907547804 261.3906057432 262.2408040232 263.5278032298 264.4547121472 265.4611073343 18.53559787224514 15.690831411611681 15.690870220573593 8.73421474907016 8.734291068228833 8.734359975797567 8.734453524805968
5443200.0 260.9941639405 261.2105498528 261.580353086 262.2847554889 263.4711180462 264.385751477 265.4138090478 18.535607050631107 15.69085586728984 15.690885828655349 8.734217058108037 8.734287280959082 8.734354349207395 8.734448585389087
5529600.0 261.146975931 261.3625180505 261.7070503451 262.3450141589 263.4447269578 264.3320505128 265.3678880293 18.53561049229057 15.690867952746904 15.690896537866573 8.73422025430201 8.734285532753308 8.734350028399922 8.734443847015108
5616000.0 260.7536132438 261.0920344024 261.5576638993 262.2887751477 263.4075882514 264.2849037595 265.3240971672 18.535601807009954 15.690846653126812 15.690883935479949 8.734217270213886 8.734283088584109 8.734346277940666 8.734439380029862
5702400.0 260.5113647191 260.8752349547 261.3858898888 262.1824077526 263.3507232901 264.2364409744 265.2815923402 18.535596730691747 15.69083025711245 15.690869839052931 8.734211709704418 8.734279381976535 8.73434246399114 8.734435091594507
5788800.0 261.013121991 261.2121588795 261.5581810128 262.2150234081 263.316843501 264.1927194781 265.2405004371 18.535607472834464 15.690855993643318 15.690883978541356 8.734213403267804 8.734277193913364 8.734339058454994 8.73443098935658
5875200.0 261.6307825911 261.7112185009 261.9052155961 262.3778322281 263.3311785368 264.1644395201 265.2027279279 18.535621998852925 15.690896894199533 15.690913770573493 8.734222010010953 8.734278117875832 8.734336873270994 8.734427255763991
5961600.0 262.2148146126 262.2202430856 262.3045361423 262.6149465705 263.3941078279 264.1584952137 265.1710378326 18.53563726351051 15.690942448440806 15.690950403589357 8.734235019238477 8.734282206002517 8.734336415697204 8.734424150548543
6048000.0 262.4398053061 262.4725074072 262.5600096656 262.8186121864 263.4788660415 264.1723916869 265.1472831023 18.535643593915328 15.690966629262544 15.69097528508711 8.734246668548282 8.734287796013183 8.734337486348926 8.734421838953233
6134400.0 262.7890039469 262.7868439445 262.8311202283 263.022471808 263.5772519137 264.2023652509 265.1322110372 18.535653970447353 15.690998402289862 15.691003032765774 8.734258796646174 8.734294408513382 8.73433980692824 8.734420379353477
6220800.0 262.8525429688 262.8940952433 262.9731129369 263.1705299397 263.6717401912 264.2418796067 265.1253052056 18.535655935132404 15.691009687431661 15.691018153485174 8.734267914578403 8.734300887833333 8.734342889943543 8.734419712408638
6307200.0 263.0780772682 263.0939169258 263.1478068349 263.3150409708 263.7640311766 264.2873119516 265.1255198332 18.5356631115001 15.691031352929217 15.691037343615026 8.734277077921522 8.73430734197497 8.734346468543476 8.734419733119699
6393600.0 262.9341829767 263.0267850382 263.1559200175 263.3824074089 263.8375536492 264.3324038597 265.1311016865 18.535658495837428 15.691023979113371 15.691038251098433 8.734281441924821 8.734312574807486 8.734350056659526 8.734420272139397
6480000.0 263.0567413775 263.1211389969 263.2314439371 263.4522258215 263.9006539891 264.3751700559 265.1403688111 18.53566241870126 15.691034371058874 15.691046769646698 8.734286028531807 8.7343171319669 8.734353493652067 8.734421168683735
6566400.0 263.0835619881 263.1605200307 263.2815887687 263.5100518567 263.9555700988 264.4150043204 265.151989609 18.535663290074147 15.691038766271744 15.691052497406714 8.734289877443882 8.734321148778402 8.734356725175703 8.734422295862919
6652800.0 263.6006551512 263.5589796549 263.5558727183 263.6651727262 264.0298382819 264.4583253457 265.1659792891 18.535681058577318 15.691085260505526 15.691084883082775 8.734300433324334 8.734326657751526 8.734360273053472 8.734423657150101
6739200.0 263.1169724665 263.2600992906 263.4306725506 263.6726365566 264.0806596509 264.498561092 265.1815218326 18.535664382133966 15.691050035696243 15.691069874274126 8.734300949917017 8.734330479323843 8.734363599965134 8.734425175121144
6825600.0 263.7945432307 263.7374059006 263.7223782379 263.8178615507 264.1494741247 264.5413724958 265.1987231952 18.53568823352964 15.691107351681877 15.691105458951096 8.734311165201367 8.73433572243558 8.73436717385857 8.734426861993963
6912000.0 263.8802227032 263.8697467768 263.8746700538 263.9488778906 264.2278482335 264.5886934695 265.2180675037 18.53569150091304 15.691124283707389 15.691124922892513 8.73432065672055 8.734341792063436 8.73437116564438 8.734428767720948
6998400.0 264.2540483802 264.1812878011 264.1194123005 264.1181935099 264.3210181681 264.6428112481 265.2403005091 18.535706502000128 15.69116610850176 15.69115757281341 8.734333329233493 8.734349147216665 8.734375785007101 8.734430969499371
7084800.0 263.519505077 263.6883300533 263.8686202747 264.075923884 264.3716300445 264.6908279872 265.2640539154 18.53567814232483 15.691101192766835 15.691124137546108 8.734330121411464 8.734353207883974 8.734379932891034 8.734433335510197
7171200.0 262.8580930047 263.1393541394 263.4776261095 263.8921078567 264.359630296 264.7190908423 265.2859319299 18.535656107911578 15.691036399717275 15.691075457621697 8.73431651113418 8.734352240915428 8.734382396360582 8.734435527314641
7257600.0 262.7205406456 262.9553737371 263.2774459638 263.7396832582 264.3170585068 264.7270958691 265.3030188692 18.535651880609297 15.691016241502368 15.691052022004625 8.734305627011667 8.734348831481261 8.734383097092378 8.73443724759905
7344000.0 264.0128199594 263.8803860193 263.8183371837 263.9324023566 264.3417471965 264.7393747902 265.3168818323 18.53569667974571 15.691125665837031 15.691117649390257 8.734319448367703 8.734350804716158 8.73438417452954 8.734438648790398
7430400.0 264.5880842374 264.4306766624 264.278575779 264.2126679842 264.4313275913 264.7713484748 265.3316092492 18.535721027959312 15.691201735024844 15.691179769201575 8.734340608158798 8.734358057885663 8.734386994880245 8.734440142775219
7516800.0 264.2586085564 264.2806396914 264.2931687511 264.3262964119 264.5177483258 264.8150451584 265.3493645179 18.535706692867908 15.691180062242939 15.691181844063362 8.734349568528568 8.734365197348515 8.73439088415847 8.734441951385849
7603200.0 264.0033932403 264.0910733754 264.194402291 264.3326386888 264.5735428377 264.8579114091 265.3695884213 18.535696306546843 15.69115370226648 15.69116793273148 8.73435007544014 8.73436988282906 8.734394739196002 8.734444021477232
7689600.0 263.3027169243 263.5494243794 263.837612673 264.1817022398 264.5723245487 264.8856825633 265.3893449851 18.535670590179475 15.691084100537472 15.691120128307508 8.734338205523093 8.734369779871864 8.734397257967919 8.734446054106385
7776000.0 263.5794536535 263.6803417483 263.8491136843 264.1384839834 264.5626935554 264.9016479877 265.4066234114 18.53568029183824 15.691100196270586 15.691121612262446 8.734334879721027 8.734368966984372 8.734398713640783 8.734447840244625
7862400.0 264.2164879229 264.1630907896 264.1545130225 264.2647280412 264.5915500474 264.9201854493 265.422225375 18.535704937346736 15.691163586078483 15.691162400574447 8.734344685102913 8.73437140802278 8.734400410879443 8.73444945991065
7948800.0 265.0370307 264.8427277341 264.6540278264 264.5412211807 264.6815842331 264.9561265985 265.4393695533 18.535742457823307 15.69126526709619 15.691235410468236 8.734367161166293 8.7343791307365 8.734403723341625 8.734451247207984
8035200.0 264.8430057427 264.8058683633 264.7468455754 264.6903586976 264.7775846747 265.0048208417 265.460081037 18.535732908832085 15.691259329386805 15.69124992942466 8.73437989212477 8.7343875474667 8.734408257628537 8.734453416989654
8121600.0 265.1515261457 265.0538362819 264.9453383487 264.8464702888 264.8770362602 265.0620992331 265.4850807592 18.535748312611133 15.691300312190235 15.691282076606774 8.734393706394249 8.73439647196232 8.734413660851914 8.734456051567793
8208000.0 266.046886394 265.7688877247 265.4604743401 265.1520975083 265.0167157463 265.1348964343 265.5158079582 18.535800686294316 15.691433844932924 15.691373216731412 8.734422306344257 8.734409373468404 8.734420639011033 8.734459313269104
8294400.0 266.6684430074 266.3482765115 265.9580077487 265.5061159661 265.1952668337 265.2277958766 265.5541793407 18.535845657454047 15.69156254195589 15.69147358324612 8.734458281642945 8.734426522457959 8.734429729628257 8.734463423311318
8380800.0 267.086374892 266.7692090508 266.3601763865 265.838530647 265.3929395943 265.3386800872 265.6014228674 18.535881140928186 15.691670632757832 15.691565414405938 8.7344952194718 8.734446425041035 8.734440862056633 8.734468540820226
8467200.0 267.3404171119 267.0485524663 266.6561371715 266.1189048974 265.5901512622 265.4612172567 265.6574557825 18.53590523311501 15.69175056010251 15.691640226661576 8.734529078121495 8.734467314074504 8.734453536355653 8.73447469373369
8553600.0 267.0320115533 266.8865237207 266.647000354 266.2430871492 265.7497095355 265.5821620335 265.7200840862 18.53587624801556 15.691703334980811 15.69163781565997 8.734544949249718 8.734485026160725 8.73446644676737 8.73448168025808
8640000.0 266.5021396388 266.492840942 266.4212975882 266.2107657309 265.8480345283 265.6871505572 265.7852417184 18.53583279180075 15.691598129997146 15.691580327554682 8.73454076395718 8.734496324784953 8.734477991787637 8.734489074531743
8726400.0 266.4093036631 266.3799050431 266.3189108793 266.1737776505 265.908156023 265.7728496273 265.8491334214 18.535825888851875 15.691570198757281 15.691555496172967 8.734536021763553 8.734503383923865 8.734487658226808 8.734496452771968
8812800.0 265.768859673 265.8860557591 265.9878057844 266.0244717028 265.9184063752 265.834452918 265.9082073782 18.535783047634887 15.691458221691107 15.691480035046906 8.734517377815704 8.734504599128153 8.734494746103813 8.734503390003951
8899200.0 266.1865251899 266.1281732357 266.0757953188 266.0207624118 265.9325850659 265.8819329821 265.9612815388 18.535810082714324 15.691511160448735 15.691499402194639 8.734516924535923 8.734506285712229 8.734500290654092 8.734509719487356
8985600.0 266.8190597991 266.6248953799 266.4086542177 266.1781276318 265.9895938761 265.9315216048 266.0101737357 18.535857899402387 15.691632010454635 15.691577220575207 8.734536576866189 8.734513134156005 8.73450615897918 8.734515633157335
9072000.0 266.9727221603 266.8130507917 266.6036969346 266.3313370686 266.0713793486 265.9888351323 266.057433914 18.535871010974777 15.691682712849822 15.691626479987153 8.734556577910334 8.734523150835262 8.734513042294756 8.734521426599212
9158400.0 266.8631730976 266.7727657784 266.6327834099 266.4103712745 266.1482075588 266.0494965847 266.1043562107 18.535861597162732 15.691671606608123 15.691634077505936 8.734567249592883 8.734532772618397 8.73452044822535 8.734527255185132
9244800.0 267.3987737317 267.1799831385 266.9139620113 266.5799022155 266.2431985148 266.1163447275 266.1521400783 18.535911071333352 15.691790741523587 15.691711160344905 8.73459100293186 8.734544963740449 8.73452875678862 8.734533270776959
9331200.0 267.841841784 267.5759360057 267.2387042056 266.8030878854 266.3638492967 266.1935327737 266.2023046891 18.53595963256656 15.691923192751354 15.691809268799732 8.734624200180564 8.73456093794549 8.734538548294383 8.734539674743463
9417600.0 266.9483413487 266.9812850456 266.9439749118 266.7641628492 266.4361494451 266.2653228666 266.2536764205 18.53586888678986 15.691730654401887 15.691719798858944 8.734618244036618 8.734570784423635 8.734547851269076 8.734546328950401
9504000.0 266.8525571904 266.8450317117 266.8130646736 266.7052419186 266.4716033922 266.3240237343 266.3038550715 18.535860702506604 15.691691630333017 15.691682716703191 8.734609364489897 8.734575690428924 8.734555602857009 8.73455292461281
9590400.0 267.1606985086 267.0529881014 266.9225583152 266.7453337961 266.5102271107 266.3752405022 266.3517294817 18.53588797565019 15.691751888055252 15.691713626116234 8.734615388760488 8.734581094423655 8.73456247541488 8.734559307769254
9676800.0 267.7361330991 267.5099225728 267.2401953575 266.9135737162 266.5834133196 266.4306870468 266.3984094091 18.535947316811367 15.6918998245312 15.691809744053613 8.734641509488004 8.734591507785112 8.73457003314134 8.734565618455546
9763200.0 269.2382144067 268.7016280276 268.0781748138 267.3674050124 266.7481564406 266.5119497071 266.4482751067 18.53618560915487 15.692427862094208 15.692120803913944 8.734719515206004 8.734615815727611 8.734581336896929 8.734572456521105
9849600.0 269.5085724478 269.0883784293 268.5215364943 267.7500108102 266.9529750871 266.6200698904 266.5052201529 18.53624963282728 15.692665471198195 15.692330708800828 8.734795415952572 8.734647830956753 8.734596810847966 8.734580390350702
9936000.0 269.4872348702 269.1665069038 268.7015310014 267.9941909008 267.1465698949 266.7422520494 266.5701871697 18.536244232625926 15.692719045250527 15.69242780764313 8.734849716572159 8.734680090882481 8.734614923027669 8.734589608818819
10022400.0 269.4298147247 269.166152682 268.7737977616 268.1429879531 267.3099853503 266.8656433721 266.6415878164 18.53623001136455 15.692718797634466 15.692469028695967 8.734885390655048 8.734708978881645 8.734633926042866 8.734599951525075
10108800.0 269.1202803044 268.9565518955 268.6818820694 268.1813567055 267.4292822945 266.9790215564 266.7162524073 18.536160399342602 15.69257958045994 15.692416829355539 8.734894934457182 8.734731105191674 8.734652053917767 8.734611011495677
10195200.0 269.3982655237 269.1490767638 268.8056827825 268.2749994886 267.5359145592 267.0832526936 266.7917564129 18.536222384797288 15.692706912634144 15.69248764990541 8.734918854837609 8.734751674797964 8.73466931437416 8.73462245879323
10281600.0 269.3640455211 269.1570952772 268.8500078748 268.3488512265 267.6315373597 267.1795908515 266.8665853356 18.536214257803266 15.692712480998035 15.692513992867761 8.734938374763106 8.734770793598758 8.734685801286243 8.734634073969588
10368000.0 269.9127028001 269.5790472346 269.1439036179 268.5277251571 267.7457415758 267.2759099796 266.9408928588 18.536365507236123 15.693040601104757 15.692703331979187 8.73498822593647 8.734794510015863 8.73470282312201 8.734645884018017
10454400.0 271.7924218804 271.050173402 270.1616613178 269.075776049 267.9626010397 267.3981591053 267.0188991851 18.537828037126882 15.69520871672149 15.693645104545178 8.735168075762509 8.73484240507674 8.734725244600751 8.734658588560713
10540800.0 272.163686312 271.5891618236 270.7817623405 269.5999484442 268.230284938 267.5420082579 267.1009452515 18.538786874089045 15.69701900365446 15.694613306907726 8.73539176215593 8.734907319754194 8.73475287380794 8.734672303012035
10627200.0 271.9903027985 271.5743114735 270.9403629737 269.8988713826 268.4980133097 267.7138594861 267.1934198819 18.538261893930425 15.6969526239873 15.69494772889692 8.735551449176226 8.734979681149134 8.734787789361109 8.73468821150349
10713600.0 270.5473235706 270.5519370514 270.383752118 269.807747718 268.6635588809 267.8785561178 267.2954427971 18.536621005572314 15.694200828266322 15.693942212146396 8.735499758373079 8.735028724694239 8.734823377592711 8.734706343024792
10800000.0 270.3460383325 270.253657649 270.0696915152 269.6253828958 268.7100289077 267.9972122648 267.3962333299 18.53652731031522 15.693762673740162 15.693534555841671 8.735404300102664 8.735043145879068 8.734850420546115 8.734724884044319
10886400.0 270.2163394751 270.1017739267 269.9071740886 269.5063287594 268.7247702532 268.0842106465 267.4895293297 18.536473816272185 15.693572365269102 15.693354467485465 8.73534711304342 8.735047783585165 8.734871049542539 8.734742632177934
10972800.0 269.5620953679 269.583540111 269.5381868742 269.306592972 268.7003994517 268.1422112387 267.5724124562 18.536263464253608 15.6930445105559 15.69300549103697 8.735259092489986 8.735040132916733 8.734885198959143 8.734758895174611
11059200.0 269.5754670218 269.5146995932 269.4125167518 269.1832246484 268.6678030546 268.1796904767 267.644129376 18.536266985122047 15.692985664663892 15.69290229552637 8.735209133904545 8.735030029449836 8.734894516952549 8.734773360499863
11145600.0 269.996705373 269.8056587071 269.5629647473 269.2098268659 268.6658121615 268.2114994363 267.7065178286 18.536393362838783 15.693250816313885 15.693026686912491 8.735219643285138 8.735029417097886 8.734902535655836 8.734786252861072
11232000.0 270.3439651823 270.0990875992 269.7774294906 269.3193334157 268.7019471327 268.2488798403 267.7628946858 18.53652641594068 15.693569169047066 15.69322309676482 8.735264434227787 8.735040616291696 8.734912091267523 8.734798158602768
11318400.0 271.3912747959 270.9265147085 270.356304803 269.6282643917 268.8087043235 268.3067942321 267.8181467041 18.537250547409336 15.694916637241718 15.693902948212667 8.735405731904802 8.73507478703452 8.734927185943388 8.734810069962561
11404800.0 271.9270506965 271.4588093424 270.8349079849 269.967231186 268.9595046655 268.3842547152 267.8751199186 18.538107784741406 15.696475947686432 15.694720288946973 8.735592160448208 8.73512600730348 8.734947945859622 8.734822612492044
11491200.0 271.7257487395 271.4226872961 270.9536007524 270.1781878399 269.1224598965 268.483098643 267.9375003095 18.53770926717 15.696339896166347 15.694977814622527 8.735729542431217 8.735185646678573 8.734975432688065 8.734836658390465
11577600.0 272.2064389773 271.782060255 271.21209048 270.3735695356 269.2730877304 268.5908366272 268.006367785 18.53894630957623 15.698011483284146 15.695647223038081 8.735875306722239 8.7352452113932 8.7350067438525 8.734852558788894
11664000.0 272.35675784 271.9727088449 271.4240433652 270.5731177364 269.4250775842 268.7032482627 268.0802223558 18.53964494158518 15.69931013975432 15.696344901338009 8.736046876331237 8.735310173391367 8.735041022927248 8.734870088427208
11750400.0 272.4346849845 272.0766220928 271.5572648342 270.729322048 269.5691298127 268.8177827182 268.1583725735 18.54012404643531 15.700211151982295 15.69687794562885 8.736200814231573 8.735376807598374 8.735077770165669 8.734889199869203
11836800.0 272.4583514654 272.1268732467 271.6394221807 270.845568468 269.6973660925 268.9299056286 268.239494594 18.540291158012966 15.700712179053328 15.697253297319078 8.736328848526108 8.735440780621719 8.735115666441049 8.734909678484595
11923200.0 273.2737268666 272.7530392001 272.0745673718 271.1059462347 269.849972061 269.0459921546 268.3232753999 22.32088266200886 15.717498577695386 15.700191657036072 8.736668185744378 8.735523357338131 8.735157073556834 8.73493154745938
12009600.0 274.0352073583 273.0568518187 272.3910076292 271.3723010276 270.0195398987 269.1674762885 268.4087215285 22.35810212406641 15.805674787084646 15.704429927502517 8.737117591626488 8.735624507491565 8.73520297825628 8.734954643431506
12096000.0 273.2320833081 273.08369576 272.5016577691 271.5488111184 270.1874640843 269.2965873963 268.4977539957 22.302901489789114 15.845602144703122 15.706882233098558 8.737497325156816 8.735736030285562 8.735254922059417 8.734979606793909
12182400.0 273.2242557292 273.0339124935 272.5181127816 271.6425201022 270.3259624404 269.4228370713 268.5898717769 20.875033591370002 15.783117415961318 15.707319889435874 8.737734870871742 8.735837940107185 8.735309177482609 8.735006456298331
12268800.0 273.0159640951 272.8290175159 272.4265327306 271.6669019975 270.4320409962 269.538684604 268.6826484545 18.5617687358671 15.723958263367225 15.705135898898938 8.737801573560136 8.735922983036197 8.735362283670844 8.735034611820565
12355200.0 272.7463427489 272.5447671847 272.2169797278 271.5905027281 270.4916136704 269.6367851278 268.7732199478 18.543918048426416 15.70807905662451 15.701745010904707 8.737599502638277 8.735973703434768 8.73540997949552 8.735063244035446
12441600.0 272.6393519341 272.4368708781 272.1179104163 271.5328949373 270.5208411555 269.711759577 268.8569820636 18.542088028090326 15.705354488999742 15.700619258419895 8.737459700752783 8.735999424147176 8.735448257492132 8.735090793751926
12528000.0 272.4990655969 272.3145354628 272.0204901869 271.4787965612 270.538452686 269.7725665226 268.9340091119 18.540607389658746 15.703113027060393 15.699703955051165 8.737337149027963 8.736015199215014 8.735480544270878 8.735117089836667
12614400.0 272.7102412667 272.4525342254 272.0890723034 271.4988701988 270.5658128863 269.8266490313 269.0048695188 18.54319995821905 15.70569795958304 15.700330885066725 8.737381690357159 8.73604013078691 8.735510248440946 8.735142139627841
12700800.0 274.1340142541 273.0653067355 272.5002486597 271.6932041664 270.6324128387 269.8843276535 269.0723432262 22.10829178792004 15.816404488091008 15.706845780183269 8.737876020527162 8.736103072699704 8.735543006360238 8.735166797484563
12787200.0 274.472746352 273.2309453106 272.7104037101 271.8838668046 270.7367000894 269.9537346963 269.1377707607 22.262942589478506 26.84663383492104 15.714847580259196 8.738507654872418 8.736208575616116 8.735583984656826 8.735191495765186
12873600.0 274.2931911091 273.5387308215 272.8537563055 272.0296381354 270.8497036292 270.0361252111 269.2043617535 22.32786611058944 27.13148764554801 15.726772643297274 8.739134775707823 8.736333640173012 8.735634988340308 8.735217470257183
12960000.0 273.3011423023 273.2543484043 272.8853728004 272.1121158094 270.9496112017 270.121748016 269.2730049648 22.36272109081734 27.072621134277234 15.731131244387242 8.739567212532107 8.736454855157854 8.735690919177381 8.7352451746652
13046400.0 274.9848962942 273.9247596208 273.0153908541 272.2139326964 271.0423712242 270.2060947203 269.3431394419 22.380346467413457 27.07787258557254 15.770409881806447 8.740205578500195 8.736577633664872 8.735749181689716 8.735274507830495
13132800.0 273.6585750634 273.4456531583 273.0316715272 272.2745985955 271.1245579023 270.2872934451 269.4134412646 22.391418712000906 27.081172743122032 15.781369451549146 8.740656159319439 8.736695765287921 8.735808497030133 8.735305010719065
13219200.0 273.2273189529 273.2340852989 273.0096522026 272.3019658811 271.1918004094 270.3628533519 269.4829006861 21.563650948265725 27.066768318422437 15.76715010803923 8.740880414551372 8.736799754725292 8.735866782171602 8.735336291107712
13305600.0 273.2185120042 273.2308559995 272.9665384901 272.3062137268 271.2440474818 270.4311105121 269.5504955335 20.087122490523356 26.747444239604327 15.749154592324775 8.740916520241884 8.736885593889623 8.735922205309247 8.73536788521057
13392000.0 273.203023056 273.2300782492 272.9474671166 272.3109506751 271.2869980674 270.4923838546 269.615495986 19.221282429132497 25.935347735859295 15.743628061602006 8.740957212197017 8.736959747102773 8.735974370581728 8.735399400862187
13478400.0 273.1878813385 273.2277875081 272.9286216134 272.3143324349 271.3237043082 270.5476201061 269.6775199655 18.92313470014416 23.992943708139194 15.739098114229185 8.740986543460737 8.737025869819584 8.736023491031238 8.73543056804742
13564800.0 273.1805414934 273.2212120564 272.8999993441 272.3115027771 271.354577457 270.5974524306 269.7364021611 18.84407547691623 20.69043827780887 15.733518622532628 8.740961984704443 8.737083567651293 8.736069620912428 8.735461199347867
13651200.0 273.1746764574 273.2035012118 272.8782764409 272.3084865553 271.3812391387 270.6426109125 269.7921363134 18.79698778404441 17.630800225683515 15.73006511678278 8.74093598770706 8.7371350075004 8.736113000025645 8.735491177814716
13737600.0 273.1619767553 273.1588113127 272.8482372834 272.3007869404 271.4036742964 270.6835245402 269.8447834752 18.725701179582423 16.20160692053069 15.726104989291347 8.740870457550988 8.737179503756948 8.736153666237355 8.735520419873616
13824000.0 273.0447595269 272.9857218814 272.735486381 272.2531160716 271.4132316903 270.7183042557 269.8941022141 18.569169103808765 15.756000961617445 15.716341462003951 8.740489667183187 8.737198806639105 8.736189306364167 8.73554866689411
13910400.0 272.8874070145 272.7790902636 272.5795605949 272.1698756156 271.4053649962 270.7445372888 269.939494661 18.548643689302708 15.719416742035126 15.709176229139835 8.739913154235918 8.737182903109888 8.73621686684248 8.735575428361054
13996800.0 272.8385229838 272.7064184168 272.4976533835 272.1053730734 271.390717095 270.7633018178 269.9806065427 18.546516294230543 15.714625701855638 15.706779051845423 8.739529309731152 8.737153667621934 8.736236950739121 8.735600324487788
14083200.0 272.8190745869 272.6753497257 272.4563552214 272.0644988357 271.3774679135 270.7774055816 270.0176086915 18.545846322963637 15.713023115489362 15.705784089341376 8.739309574728512 8.737127637967815 8.73625225425805 8.735623287935521
14169600.0 272.8086336568 272.6590325162 272.4338278199 272.0399049644 271.3685418429 270.7893510736 270.0510606429 18.545518452859096 15.712262290581043 15.705289494330017 8.739185120873612 8.737110318822518 8.73626535823837 8.735644517812583
14256000.0 272.9356137828 272.7481316022 272.4835994839 272.0540587478 271.3710857598 270.8024411183 270.0819167916 18.551703615715333 15.71716493026316 15.70642668935938 8.739256065200511 8.737115237132349 8.736279870150105 8.735664508742506
14342400.0 275.260890617 273.2098962274 272.752174125 272.1604320439 271.3906237736 270.8178571663 270.111599468 22.671766685804666 18.290401410562236 15.717439170130268 8.73985384593256 8.737153482917714 8.736297168596712 8.735684120698371
14428800.0 275.3845078278 274.0689612567 273.0146905046 272.3364567142 271.4551399702 270.8461936826 270.1408144813 22.62080232285816 26.909384656683667 15.769997317501668 8.741184421413642 8.737286005288045 8.73632956605857 8.735703799621788
14515200.0 275.9572770083 274.6382948127 273.1917659118 272.4849000603 271.5407102637 270.8921804509 270.17330315 22.601240916040037 26.909676388878484 16.933287667659904 8.742850635260211 8.737478082931133 8.736383865378818 8.735726135059497
14601600.0 276.5374658307 275.1967940102 273.2314658528 272.5801359704 271.6242129809 270.9472153319 270.2100837882 22.592126943658503 26.909721523895357 27.451203647443492 8.744374058872154 8.737686181666863 8.736451813593547 8.735752014010846
14688000.0 275.4681327076 274.8129109918 273.7241797206 272.7155936876 271.7121575983 271.0077806103 270.2509505322 22.587218668838045 26.90949939359998 28.557777039546597 8.747684459706303 8.737931347328058 8.736530604690163 8.73578153430992
14774400.0 275.9951241575 275.1011684198 273.8181720861 272.7636801848 271.7854742722 271.0695841265 270.295168792 22.58490756730292 26.908805571656206 28.524836936993363 8.749414711440073 8.738159763222827 8.736615711979798 8.735814422880903
14860800.0 277.2164954444 275.9982326516 274.3476497292 272.8890505117 271.8564762224 271.1297022385 270.3414601753 22.584307814926657 26.907934981575256 28.523590845192714 8.756904577358206 8.738405519143074 8.73670346915503 8.735849957488966
14947200.0 277.5801957098 276.4442367645 274.8087141959 272.9533277661 271.9313383198 271.1917421335 270.389653071 22.58385615008585 26.906740847701414 28.5253305579914 8.76442277710097 8.738695488175201 8.736799652436327 8.73588821177985
15033600.0 276.660302787 275.8810768167 274.6088564408 272.9795898837 271.9904389357 271.2507371518 270.438535933 22.582487712104736 26.90487402437139 28.52693649418096 8.76911686610526 8.738950716165785 8.736896914264383 8.735928396056181
15120000.0 277.2763755252 276.3055281758 274.9131169532 273.1636837482 272.0775929072 271.3146806471 270.48862321 22.582318657191177 26.903088418560944 28.528194052765336 9.051186061584966 8.739378152384605 8.737009360063874 8.735971094010194
15206400.0 277.7084125707 276.7382768094 275.3507203369 273.2173070308 272.1520294501 271.379093912 270.5398223819 22.582191508385506 26.90111190181989 28.529289593682375 10.90040924293287 8.739802014305745 8.737130800201586 8.736016425065637
15292800.0 278.1110065839 277.0955391376 275.6241210807 273.2275294983 272.2066305373 271.438801791 270.5912028979 22.58214867565334 26.898904126965558 28.530270534099806 13.252952193982415 8.74015523226606 8.737251492711653 8.736063731323545
15379200.0 276.478661211 275.9946362863 275.0748461483 273.2310037237 272.2485732928 271.4923411424 270.6417233637 22.580318187807162 26.895699237077757 28.530912422118814 14.98042357284535 8.740455471604415 8.737367072250192 8.736112126019693
15465600.0 277.684975571 276.7210715113 275.3880325979 273.233671401 272.2852490405 271.5407299675 270.6907271587 22.580700393619622 26.89319979912249 28.5314203034677 17.03991565048438 8.740741753283945 8.737478115719865 8.736160958094182
15552000.0 279.5120051729 278.1748754284 276.4087211555 273.8774022222 272.3928972769 271.6033256927 270.7406270129 22.582698488690557 26.891400235465543 28.53212205223776 17.888873466233548 8.741741330832191 8.737632016343593 8.73621271410768
15638400.0 279.5542767433 278.4530892615 276.8424102381 274.2886437073 272.4598323484 271.6656420996 270.7915268129 22.58237851574877 26.888403060839117 28.532603568474833 17.852086202553274 8.742519221014833 8.737798057378003 8.736267752343807
15724800.0 276.7348004681 276.4968796527 275.8016110707 274.0950331492 272.5020521779 271.7209826129 270.8421703822 22.578739939746885 26.883252414231123 28.531985979049878 17.826531583958655 8.743092099775183 8.73795758952939 8.736324910941324
15811200.0 277.6150937738 276.8847515108 275.8448240332 274.0662391342 272.5326518687 271.7689197894 270.8913587456 22.57878338958881 26.879980505113114 28.531744609034746 17.80784704507868 8.743556025624933 8.738106060938822 8.736382868678081
15897600.0 277.0390325143 276.5040111775 275.6297520214 274.0112744713 272.5575717887 271.8108474107 270.9384026212 22.577773565852763 26.876157179422506 28.531269638546583 17.793746960778453 8.74396906368817 8.738244589380741 8.736440699483795
15984000.0 278.2414526528 277.3200181466 276.0678449375 274.1160316954 272.5806582907 271.8485262005 270.9831026644 22.578430259985762 26.872944416944602 28.530850206410463 17.783636479858284 8.744383812024711 8.738376655658115 8.736497963897056
16070400.0 280.3425418459 278.9367525316 277.093067721 274.4070787537 272.608774779 271.8846650341 271.0257590755 22.58129750872737 26.870789661731614 28.530867756953697 17.77767818352054 8.744936462476103 8.738510676431021 8.73655484627147
16156800.0 279.5388396729 278.6475304624 277.2571726769 274.9646910541 272.756550802 271.9489881843 271.0710447447 22.57951592393053 26.866224910759883 28.530188720056355 17.771815168932765 8.749131613134363 8.73876906927468 8.73661777647371
16243200.0 274.879494817 275.2922206631 275.337714451 274.4793443136 272.8101554692 272.009210896 271.1183430163 22.575648653521572 26.859968229545558 28.528168338509907 17.765975642725934 8.751549696724451 8.739037264711802 8.736686483638898
16329600.0 278.0069721694 277.1087139533 276.0586620306 274.5930878372 272.8389740361 272.0592490198 271.1655300405 22.576438582509546 26.85652222850756 28.52714983100496 17.759927894061487 8.753192297865963 8.739282513765849 8.736758276422195
16416000.0 279.0732610602 278.0963674082 276.7932819956 274.9047273595 272.8584776473 272.1006240077 271.2110424356 22.577266799906223 26.853147970753295 28.526290298050057 17.753771306069353 8.754487252207092 8.739502877108505 8.736830815228554
16502400.0 280.5263935169 279.3102193684 277.6855411332 275.3242164766 272.8730973233 272.1355189874 271.2541141456 22.579267995828296 26.850271220809663 28.52573487902672 17.747581920711628 8.755576927552712 8.739702628870011 8.736902655464558
16588800.0 282.3188875659 280.8084778414 278.7890929457 275.8521635704 272.8852942204 272.1657372345 271.2945351033 22.582730569950407 26.848201298029146 28.52571864283087 17.741420158629502 8.756577640958904 8.739886994321969 8.736973092958257
16675200.0 280.6313128252 279.8245517479 278.4400871139 275.8823078214 272.8980454426 272.1930176197 271.3324605695 22.578691353970672 26.84152802330062 28.523563707798896 17.73520455087815 8.757726888976057 8.740063384942948 8.73704201631706
16761600.0 281.7410995906 280.5253573775 278.8086303201 276.0238497801 272.9162133263 272.2196014712 271.3683686731 22.580386187942295 26.837911668978347 28.522351225719458 17.72902906633417 8.759579744263862 8.74024517246385 8.737109964243048
16848000.0 282.2486923274 280.9899204555 279.1695662776 276.2024354592 272.9481973587 272.2489781731 271.403164918 22.581052075793227 26.8338140476431 28.52106058010867 17.722893549910033 8.763647756899681 8.74045847121449 8.737178459933496
16934400.0 283.0380041515 281.6859549241 279.7666929118 276.7653247762 273.1871043266 272.3295507217 271.4447208165 22.582450982836143 26.830148747788083 28.520105359311742 17.716823544535487 9.32790164059762 8.74112147607719 8.737263906033155
17020800.0 283.5560012785 282.2285565103 280.320935494 277.3201466995 273.2152105862 272.3932903665 271.4899866152 22.58323696200151 26.826095905062644 28.519027531757633 17.71076129556262 10.650396396889105 8.741745456565479 8.73736182368948
17107200.0 282.7372832744 281.7637241856 280.2157689668 277.5015626887 273.2242414242 272.4387300043 271.5348839569 22.580587032808353 26.81965933606001 28.516488602571684 17.70450936725948 12.195843973586726 8.742258208747872 8.737464338599125
17193600.0 283.3357261392 282.1680668186 280.4739337589 277.6781407341 273.2289328516 272.4722226902 271.5771820231 22.58141748644891 26.815194566332696 28.51458546032731 17.69827258250388 13.854430260440488 8.742679933024345 8.737566245743695
17280000.0 283.1144465355 282.0741730625 280.4873265585 277.753643767 273.2318782648 272.4984366799 271.6161599942 22.580265575896803 26.80952079085832 28.51206159199274 17.69199190993329 15.566076048552594 8.743040097922503 8.737665104823135
17366400.0 283.6585247305 282.4707979545 280.7449692585 277.8904954852 273.2339768515 272.5204582849 271.6519172448 22.58105408565163 26.804958100490904 28.509963370864778 17.685778246950985 17.334917133971956 8.74336572547432 8.737760296704177
17452800.0 282.8096554757 281.9153015703 280.4690107581 277.8329329742 273.2355387142 272.5406470272 271.6849568051 22.578330182873948 26.798127981310678 28.506611553869018 17.679455847103203 19.093853191149176 8.743684824269405 8.737852363161949
17539200.0 279.8210076382 279.6633841053 279.034831397 277.2312961548 273.2366421001 272.5607319984 271.7159403136 22.571498913507302 26.788332185437792 28.501097451649564 17.67286525047771 20.63820187944904 8.744023868674272 8.737942535397044
17625600.0 278.8966972014 278.6463847571 278.0861097442 276.6301152182 273.2374238516 272.581613363 271.7455033677 22.56933020690962 26.78172471949969 28.496874200758967 17.666472186143654 21.914190531352578 8.744401631832377 8.738032263988098
17712000.0 281.4267029919 280.2902109008 278.8522266826 276.7318783351 273.2380964019 272.6044230312 271.7742800966 22.573213714299925 26.779158220616303 28.495051657990704 17.66046433889962 23.14690780061897 8.744847155427948 8.738123291196914
17798400.0 276.7594910244 277.088219337 277.0339101785 276.0337995494 273.2385873941 272.6287820103 271.8026945446 22.566321910546502 26.769948880237255 28.48994080178309 17.65426247235774 24.13055743915268 8.745365774908333 8.738216968534697
17884800.0 277.9770575719 277.5180173857 276.8911460112 275.7202858229 273.2389650352 272.6540115133 271.830943491 22.56657328545837 26.76542309254748 28.486870111945297 17.648313428840176 24.93635725933056 8.745956353619484 8.7383140807902
17971200.0 279.434623083 278.5831541448 277.4790207549 275.8532451131 273.2393212127 272.6804810997 271.8592066192 22.56793523578013 26.76160250435006 28.48437838870312 17.64247832516467 25.735483778897244 8.74664382984861 8.73841547414701
18057600.0 280.7338651857 279.686802475 278.2980024453 276.3109196829 273.6230569495 272.7525241901 271.8941174703 22.569760135662104 26.758091526449352 28.482242729249478 17.63670656397806 25.937522189642266 8.748976098891697 8.738546984137907
18144000.0 281.4272230815 280.3952126796 278.9626913991 276.8326062377 274.0023793022 272.8050390566 271.9321373169 22.57071555879059 26.754068926111238 28.48001365382653 17.630970989189507 25.796671682267675 8.751286520681658 8.738698738887814
18230400.0 279.266705796 278.9737669055 278.2894636589 276.7859993985 274.1402735334 272.8368789144 271.9689598291 22.566277224239723 26.746503336232582 28.47575223479683 17.625007702438893 25.666275490017075 8.753062627628598 8.738854980925662
18316800.0 277.6480730101 277.6194533467 277.3401566388 276.3845288934 274.1339473146 272.8576300214 272.0026671269 22.56365819015768 26.739892946853974 28.471373869995507 17.61896151037919 25.545311787611997 8.754427280481547 8.739006752121496
18403200.0 280.7770203142 279.6881634414 278.3961079115 276.6786820638 274.1670415561 272.8725466608 272.0329223325 22.567681749999693 26.737482364152903 28.469253390506818 17.61320262233593 25.432501823641374 8.755533687072845 8.739150740487496
18489600.0 279.6744602978 279.1601701142 278.2958529305 276.7567475494 274.2014471462 272.8840351256 272.0600159778 22.565236024588348 26.731469723331575 28.465707441519 17.607378003654684 25.32687300555983 8.75646997822655 8.7392864324174
18576000.0 281.5401674501 280.4784693041 279.1020507316 277.1265138177 274.2764267946 272.8933065349 272.0843964635 22.568226330634992 26.728443931454304 28.463422808906955 17.60169537356501 25.227522159258037 8.757286377609885 8.739414404558127
18662400.0 282.1329372853 281.1139762943 279.68770704 277.5222463904 274.3788133583 272.900999982 272.1064898083 22.56907330698427 26.724311463332764 28.460870663099836 17.596046574257297 25.1336971745239 8.758009748603392 8.739535510225195
18748800.0 278.7836671195 278.7975081916 278.4214660808 277.1500587214 274.378062884 272.9075320685 272.1266577997 22.562443654172856 26.715048684354745 28.455223458396063 17.58997670189388 25.04497882946469 8.758659773434523 8.739650604458323
18835200.0 279.753632952 279.186552792 278.3919308089 276.9949349045 274.3493716139 272.9132078432 272.1452001855 22.563136953095782 26.71047231834829 28.45157302765022 17.58409762889148 24.96090593339005 8.759253555554075 8.739760477845856
18921600.0 278.561201191 278.3328564601 277.8396170884 276.7057861709 274.292908787 272.9182534387 272.1623645957 22.560829540443432 26.704253307173158 28.447261948028316 17.578222550248825 24.88108998742044 8.75980570688168 8.7398658446451
19008000.0 279.5358581517 278.9079191143 278.055754099 276.6818947205 274.2626747855 272.9228097479 272.1783520328 22.561619662900213 26.699935622579016 28.443880989427008 17.572513608494713 24.805118246640163 8.760325280922949 8.739967318065979
19094400.0 278.6157537108 278.2978777494 277.7126923889 276.527606667 274.229266762 272.9269808345 272.1933258717 22.559789221427856 26.694113602544366 28.439824783221052 17.566794624280796 24.732670308410114 8.76081944593245 8.740065418479576
19180800.0 277.6732479182 277.5192843076 277.1506728866 276.2286659893 274.169153698 272.9308586855 272.2074218082 22.558189561251314 26.688381825251223 28.43562285074314 17.561092235863622 24.66350946541942 8.761295659467873 8.740160601166245
19267200.0 278.9556044087 278.3239155735 277.5055920018 276.2591385405 274.1446152322 272.93448582 272.2207494887 22.55914570970997 26.68427479134146 28.432277514344698 17.5555344959636 24.5973436105128 8.761756517279787 8.740253238776589
19353600.0 280.472395165 279.5288773 278.3122783879 276.6098718468 274.1918756916 272.9378576099 272.233392437 22.561177860700102 26.680882745313273 28.429483654535083 17.550090757057095 24.53384474284306 8.76219899435706 8.740343594375318
19440000.0 279.9550215925 279.3416730377 278.3861844157 276.7789062488 274.2488560714 272.940982994 272.2454162606 22.55979158500337 26.675458995982417 28.42578768325707 17.544594259496517 24.47278173174122 8.762621820696275 8.740431856742044
19526400.0 281.9480780528 280.8026497195 279.3249233006 277.2423032499 274.3516367831 272.9438519064 272.2568712374 22.563259055669175 26.672813012980804 28.42336086209259 17.53924351164548 24.41389124411352 8.763021178680878 8.74051814283383
19612800.0 281.8661694429 280.9749478505 279.6623982484 277.5723142602 274.4598556253 272.9464694998 272.2677982425 22.562605440630588 26.667825883156606 28.420010463107275 17.533839183322502 24.356967101260437 8.763395325599447 8.740602529678831
19699200.0 281.5093401625 280.7822684058 279.6526438728 277.7035899835 274.5368942213 272.9488669929 272.2782352782 22.561248846663286 26.66211317645734 28.41599591972077 17.528317268199885 24.301861537957446 8.763746514152146 8.740685098021723
19785600.0 282.5979570847 281.5728244881 280.160708169 277.9759004486 274.6186798064 272.9510653502 272.2882172913 22.563119990925063 26.658396827137082 28.412914280851357 17.522899744876813 24.24841959645048 8.764075935066174 8.740765928355565
19872000.0 279.5922155368 279.5037597144 279.0155628468 277.607401289 274.6047539479 272.9531352277 272.2977837069 22.556558175755146 26.64920950866265 28.406808025723333 17.517058407402924 24.19659549224756 8.764392794562857 8.740845161372022
19958400.0 280.8398222676 280.1261084601 279.1504626583 277.5220133048 274.5802793581 272.9551178841 272.3069740186 22.558026494622624 26.645109937900223 28.40298366341697 17.51146545175278 24.14632229830353 8.764702581910733 8.740922964442541
20044800.0 278.784601265 278.6791540379 278.2701856486 277.1205721154 274.507148913 272.9570608507 272.3158278293 22.554077458115025 26.63780080621736 28.39766164269294 17.505748283475295 24.097565013230437 8.765012313774745 8.740999532018451
20131200.0 278.640619729 278.3530124878 277.8582041206 276.7866761267 274.416866993 272.9589951783 272.3243823711 22.553224448722517 26.63246078967839 28.393167805315134 17.50016733847924 24.05028725025967 8.765326896585046 8.74107506359582
20217600.0 279.3231444885 278.7654444969 277.9913999025 276.7091229111 274.361472998 272.9609202052 272.332668071 22.553596743408512 26.628054010832194 28.389336068051737 17.494761664386903 24.00440689462924 8.765646324971033 8.741149721266234
20304000.0 279.3001957511 278.7863650965 278.0136198081 276.6847984764 274.3355576554 272.9628260603 272.3407081167 22.553036667995347 26.623139120924407 28.385360563021216 17.48941023593765 23.95983458193855 8.765969012307032 8.7412236195902
20390400.0 277.0899202184 277.1718872782 277.0173048099 276.2523033863 274.257272826 272.9647328891 272.3485243331 22.550068873586984 26.61663662193546 28.380394116485437 17.483968256007003 23.916552867266233 8.766298475360912 8.741296874827675
20476800.0 278.4467734508 277.9174082295 277.2416445461 276.1736109696 274.2034023022 272.9666389295 272.3561351178 22.550787857894704 26.612540558628776 28.37662213396095 17.478702595592516 23.874499585877828 8.76663461602222 8.741369583930021
20563200.0 276.6008582306 276.6403682983 276.4801408795 275.819946981 274.1232661362 272.9685537526 272.3635574096 22.548674064832564 26.606857285057302 28.372140590122186 17.473432126779958 23.833651926521576 8.766979380982198 8.741441840940555
20649600.0 275.6794013242 275.7727660359 275.7608068487 275.3725215794 274.0102203451 272.9704918661 272.3708079025 22.54781587565887 26.602031734772293 28.367982139513625 17.46825945365492 23.794006333028694 8.767335791869574 8.741513747987364
20736000.0 277.1039719408 276.64960992 276.1104547535 275.3396020486 273.947755272 272.9724400318 272.377899183 22.547911376649513 26.5977867076961 28.364204674459064 17.46317442007569 23.755491854233217 8.767701853311175 8.741585375857651
20822400.0 276.6355284565 276.4034881676 276.0112544258 275.2808193711 273.9125741226 272.9743837019 272.3848398134 22.547109347665412 26.593113350956596 28.360281655778326 17.458118682319146 23.718053963290213 8.768075123047629 8.741656761262915
20908800.0 277.0395340148 276.6655430309 276.1451316807 275.3098688179 273.9027276069 272.9763089577 272.3916352807 22.546845647127792 26.58868435096434 28.356429784294658 17.453085583051685 23.681634167634115 8.768453050900122 8.741727913265535
20995200.0 277.1721292284 276.7967365301 276.2525957984 275.365250122 273.9094597214 272.9782054933 272.3982892561 22.546439763373172 26.584189481491077 28.352556504481406 17.448068910019206 23.646177835379735 8.768833581560871 8.741798824081846
21081600.0 276.2565875112 276.1510695586 275.8808751927 275.2297214988 273.8923847117 272.9800765081 272.4048060065 22.54541828327502 26.57938203398166 28.348511291946878 17.443074544387574 23.611663639954386 8.769217273481917 8.741869493823222
21168000.0 276.1438282712 275.9753743683 275.689012319 275.0948908695 273.8604247846 272.9819273114 272.4111907879 22.544856070256838 26.574876143203863 28.344567952187077 17.4381175949274 23.57806588674383 8.76960518325324 8.741939935503684
21254400.0 273.7621504699 274.1937873891 274.5376577294 274.5552107668 273.7556966459 272.9837786573 272.417451758 22.212508562489287 26.570887138981593 28.34085455976495 17.43328791388149 23.54542507980631 8.77000180564533 8.742010197681406
21340800.0 273.3854122967 273.6374674915 273.9167638657 274.0768011621 273.6205143131 272.9856453205 272.4235986491 21.585880315276167 26.567124816128967 28.337431625717336 17.428597464339852 23.513766006330293 8.770410710789728 8.742080352059315
21427200.0 273.2010122789 273.3687633165 273.5719736655 273.7379814028 273.4969474763 272.9875300544 272.42964043 19.165038893429756 26.563082953373264 28.333984114299177 17.423971693342345 23.483098335522733 8.770833059586568 8.742150467721027
21513600.0 273.1235315157 273.2791247154 273.4041542736 273.5266539466 273.403215249 272.9894273373 272.4355839308 18.626180819561654 26.557065796246913 28.33043719043103 17.419357570945166 23.45342882991425 8.771268184237165 8.742220594206444
21600000.0 273.1495441689 273.2476154103 273.321615192 273.4019070172 273.3395497551 272.9913284887 272.4414336742 18.680699446452934 26.54379856171551 28.326824559167957 17.414740960535354 23.4247743474052 8.771714581405575 8.742290757485861
21686400.0 273.1285095334 273.2366338617 273.2799147485 273.3300078497 273.2991426846 272.9932249114 272.4471923752 18.633941745462216 26.49741522113564 28.32317508759996 17.410123883988486 23.397170432957115 8.77217060040662 8.7423609639611
21772800.0 273.7429770422 273.2484799231 273.2609774369 273.285089345 273.271897075 272.9951118964 272.4528846973 22.31729538356994 26.460187278982 28.319502253288036 17.405508605855523 23.370379944236078 8.772635378000304 8.742431495427992
21859200.0 276.6096606452 275.7001647887 274.7050694186 273.7832320073 273.3126070714 272.9969826513 272.4584965719 22.535235921901908 26.453123185944623 28.314767639069505 17.400596779544077 23.344651434054814 8.773107416926644 8.742502161135228
21945600.0 277.7200289349 276.9003923654 275.8492413015 274.5637782835 273.4943527592 272.9987896876 272.4640045059 22.626997491359575 26.44743359099411 28.310886268446854 17.39564891592038 23.32036540552394 8.773574412439437 8.742572636652142
22032000.0 276.2341174022 276.042398675 275.6110039345 274.7677481191 273.6303155804 273.0004884226 272.4693849367 22.66288004174392 26.441091053566243 28.306917647772703 17.39088761029144 23.31233132934285 8.774023661786186 8.742642576589514
22118400.0 274.545390378 274.7360049962 274.7996943185 274.5139133139 273.6494053989 273.0021230061 272.4746590861 22.68185549851176 26.43550367811222 28.30307666028763 17.386228496766687 23.325483902667 8.77446564090702 8.7427122112027
22204800.0 275.185330854 275.0135317204 274.7983162087 274.4200420877 273.6341019657 273.0037149511 272.4798298763 22.69228994719589 26.429936901646737 28.299200099567127 17.381570510111747 23.339737701537892 8.774905537524681 8.742781539877091
22291200.0 275.3039972978 275.1156388536 274.8481052206 274.4070771771 273.6222597189 273.0052733865 272.4849018597 22.69788437994107 26.42450884007644 28.295307286103515 17.37691347124463 23.354654375634517 8.775345501609005 8.74285058583993
22377600.0 274.7882152847 274.7495264171 274.6282387633 274.3084127083 273.6008183869 273.0068052222 272.4898800345 22.700717661850426 26.419326484792407 28.291500197171946 17.372303958863174 23.371070681791153 8.77578724230308 8.742919381384963
22464000.0 273.9040840105 274.0475132336 274.1426661833 274.0631390937 273.5494255687 273.0083203577 272.4947700115 22.702340989150045 26.414595611706865 28.28789138264942 17.367783633532767 23.391596069701972 8.776233516611711 8.742987970755735
22550400.0 273.4675338612 273.6125269249 273.7546106742 273.8008815315 273.4790449812 273.0098274937 272.4995777591 22.70306269415174 26.41001947553169 28.28436004414297 17.36333126924961 23.417893854836464 8.776686958106561 8.743056407179797
22636800.0 273.9840284589 273.9026117019 273.8272856658 273.7257614843 273.4310876519 273.0113266404 272.5043082785 22.70257116600035 26.40493353831808 28.280500311866437 17.358834674088687 23.448058057457708 8.777147724915205 8.743124734046841
22723200.0 274.482757811 274.2903730994 274.0661250248 273.7941768923 273.4208936571 273.0128110175 272.5089646868 22.70191136013786 26.399858180849883 28.276513118601994 17.354285541730658 23.47870717893409 8.777613824386895 8.74319297041385
22809600.0 275.2205670736 274.8857674528 274.4829845089 273.9949144494 273.4518379938 273.0142699023 272.5135479711 22.70117274211814 26.394788323133355 28.272438459526985 17.34968457058501 23.506238277189503 8.778081803079042 8.743261105407617
22896000.0 276.2212407513 275.7153988109 275.0953494758 274.3324608751 273.5254425047 273.0156903631 272.5180571293 22.700666609828623 26.389864317027055 28.268369691009454 17.345043272586285 23.526972507045937 8.778547175572278 8.74332909810926
22982400.0 275.4276455858 275.2785502517 274.9812024741 274.4190778802 273.5787948628 273.0170708449 272.5224912301 22.699751239589105 26.385064901733585 28.264464166857294 17.340491651477272 23.542698789504684 8.779008932246716 8.743396907183278
23068800.0 274.340929108 274.4463241206 274.462719016 274.2365789902 273.5730496414 273.0184219487 272.5268513868 22.699215837080413 26.38066914092397 28.260724023245338 17.336036371397636 23.55857532811689 8.779470197494412 8.743464521777092
23155200.0 273.9460563658 274.0341647992 274.0943839139 274.0112677485 273.5285861925 273.0197555422 272.5311407225 22.698666355514508 26.37641989198468 28.25705425115452 17.3316406644144 23.578008773342706 8.779934822450752 8.743531963150373
23241600.0 273.311898422 273.4895369317 273.6622558115 273.7400316788 273.4595397504 273.0210816135 272.5353636082 21.75642979778948 26.37249612254153 28.25354787492579 17.327322035515547 23.603164665176028 8.780406310395222 8.743599274684563
23328000.0 274.1977649781 274.0365141431 273.8845808993 273.7248129102 273.421615994 273.0223997305 272.5395237907 22.331887996987057 26.36770307353368 28.249535502994682 17.322917523761557 23.631350406515697 8.780884633311583 8.743666492806549
23414400.0 274.9468322203 274.6448314351 274.2827306677 273.8605567897 273.4171913794 273.0237087312 272.5436448891 22.563365726822994 26.36301525992147 28.245434465647115 17.31845197353244 23.659955971206216 8.781369479882187 8.743733984301338
23500800.0 276.0399126398 275.5237246646 274.9066369592 274.1824270587 273.4769549507 273.0249956701 272.5476977599 22.63625456793572 26.35844484985381 28.241307698134154 17.313922345714076 23.684137606130847 8.78185600434573 8.743801254714525
23587200.0 275.5941765098 275.3897991792 275.0301099164 274.4040859853 273.5565557425 273.0262485919 272.5516906896 22.669455742235474 26.353996279759794 28.237345757884185 17.309438878791934 23.701249737899765 8.782339341454938 8.743868417014403
23673600.0 273.2219906629 273.6394962515 273.9699457364 274.0198813505 273.528465148 273.0274704841 272.5556075908 20.505557832245486 26.35051083765162 28.23390189522188 17.305172245723423 23.71875651360377 8.78282018119627 8.743935172860224
23760000.0 273.185283589 273.3550942965 273.5584906905 273.6969993045 273.4534940507 273.0286832943 272.5594665856 18.89202151251112 26.346518749510814 28.23039373586851 17.300965075179576 23.742536538400497 8.783306977320791 8.744001803507455
23846400.0 272.9926923202 273.256832943 273.3680991524 273.4777495329 273.3753958698 273.0298926478 272.5632836117 18.557784402306943 26.335424494630725 28.22676020226036 17.296761737299867 23.771358464195394 8.783802126004632 8.744068567462806
23932800.0 273.1442784136 273.2360350339 273.294358756 273.3607196665 273.3175769679 273.0311027241 272.5670487918 18.666302192511417 26.267386595857435 28.22303394715648 17.292542749876777 23.805463883383215 8.784307601963524 8.744135276883014
24019200.0 273.5440324906 273.2324218292 273.2632785777 273.3014002403 273.2830621533 273.0323117658 272.5707628822 22.85564732958731 26.206714660228442 28.219270306777435 17.28831683753862 23.842887401522194 8.784822975058306 8.744201926570726
24105600.0 273.7415613335 273.5467720636 273.44419504 273.3549329975 273.2782984547 273.0335137419 272.5744226084 22.855234947524693 26.205227812461956 28.215273891939642 17.284038038815115 23.88085562216348 8.78534588804766 8.744268437860207
24192000.0 273.5623409286 273.5268785629 273.4700197479 273.3855588957 273.2830223335 273.0347033937 272.578036878 22.853585225027327 26.20392043729801 28.21143250379303 17.279784815508975 23.91809741561597 8.785874121337773 8.744334954219175
24278400.0 273.0576100935 273.2508454774 273.3060779405 273.3322604344 273.2793070158 273.0358819601 272.5816166217 18.573916830496337 26.20231895959068 28.207787480162374 17.275593308937363 23.95527989668972 8.786408238004691 8.744401664872726
24364800.0 272.0535780662 273.2048619377 273.2499790157 273.2789548606 273.2658066525 273.037050086 272.5851566488 18.53843404565649 17.748234524068522 28.20403987507782 17.271418006624035 23.993085283714386 8.78694856676896 8.744468462784152
24451200.0 271.3669008379 272.4271991003 273.2333699383 273.2526319122 273.2533796317 273.0382082538 272.5886505804 18.537223911153674 15.705149801034603 28.19197621828117 17.267244011165868 24.03183427356967 8.787495381465375 8.74453521290463
24537600.0 271.0003254703 271.9799708527 273.2276677746 273.2410725256 273.2461978393 273.0393558279 272.5920980169 18.536896831108507 15.699367930793757 23.906739784276052 17.263076856326567 24.07110205042528 8.788048428875332 8.744601890113591
24624000.0 271.3227323467 272.0421481744 273.128903898 273.2367275206 273.2424952294 273.0404921159 272.5955032108 18.537177472156465 15.699893592687596 15.981709302907168 17.25890931946904 24.110482528163434 8.788607400741848 8.744668560169998
24710400.0 271.8518249311 272.2753945334 272.9338301146 273.2350625341 273.2409363122 273.0416149218 272.5988571253 18.537944245133804 15.702527680418175 15.740271501626754 17.254544198222742 24.149720716556203 8.789171195286798 8.744735027537674
24796800.0 272.2659269429 272.5442473858 272.9970170189 273.2345532663 273.2401827693 273.0427247763 272.6021702763 18.53919409351797 15.708063616245855 15.76083087924508 17.249697241219106 24.18875368921686 8.789740027000217 8.744801482147073
24883200.0 271.8659129883 272.3044383395 272.9205725819 273.2342133086 273.239798676 273.0438218322 272.6054431478 18.53797339916647 15.702956865307263 15.73738908293154 17.24364047853248 24.22755346885958 8.790313927420996 8.74486791883796
24969600.0 272.4920065709 272.674515907 273.0003448121 273.233875036 273.2395612074 273.0449061802 272.6086762809 18.540549727477476 15.712982977218617 15.762392204557578 17.234980933112766 24.266111617457355 8.790892895299296 8.744934333724691
25056000.0 272.3547555491 272.595282193 272.9307694868 273.2338614261 273.2394209689 273.0459794404 272.611879362 18.539633880954042 15.709716906889541 15.739575271956738 17.22174526334048 24.304485128822577 8.791477769769266 8.745000914341158
25142400.0 272.1198889165 272.4156663708 272.8273774765 273.2338399574 273.239343205 273.0470408436 272.6150435054 18.538637402023006 15.704912742369673 15.723786868094702 17.200925208298955 24.3426106936717 8.792068114970524 8.745067464511829
25228800.0 272.1563048423 272.4192845818 272.8138147886 273.2338055948 273.2392827845 273.0480895558 272.6181672414 18.538760749679458 15.704986314195933 15.72243326281583 17.167749010900334 24.38047498030173 8.792663418311529 8.745133937716222
25315200.0 272.4929308084 272.6494323682 272.9169124951 273.2337511121 273.2392229537 273.0491250012 272.6212469514 18.540557205964184 15.711837727356992 15.736650795797718 17.11551887125388 24.418052669339453 8.793263273787835 8.745200239102543
25401600.0 272.5882917194 272.7344058834 272.9651048739 273.2336789039 273.2391594741 273.0501478583 272.624290014 18.541462611337543 15.71627341150824 15.748699728964729 17.046991058680806 24.455393708134118 8.793867957585421 8.745266510731923
25488000.0 272.5784504832 272.7360748173 272.9706781331 273.2335845583 273.2390905232 273.0511593786 272.6272970888 18.541355041681634 15.716378670817008 15.750508649766953 16.95863165420359 24.492502173716467 8.794476203285397 8.745332752843607
25574400.0 272.4648527125 272.6588686664 272.9349447988 273.23345447 273.2390130837 273.0521599524 272.6302688783 18.540339106671535 15.712254905849788 15.740529967724617 16.838945396300787 24.529382228848895 8.795087007215965 8.745398967009178
25660800.0 272.6272134375 272.7588333493 272.9701123641 273.233278829 273.2389239998 273.0531493978 272.6332060175 18.541928162344764 15.717903221057679 15.750319931092523 16.681202190007767 24.566038180268894 8.795700138932027 8.74546515366175
25747200.0 272.5028572837 272.6809307536 272.9330658492 273.2330178225 273.2388341298 273.0541277086 272.6361090928 18.540638887088605 15.713295430138821 15.740095815819638 16.45468690052336 24.602473150557678 8.796315468120126 8.745531312471327
25833600.0 272.3506551097 272.5607684323 272.8539824593 273.2325449461 273.238827799 273.0550949402 272.6389786631 18.539611404892742 15.708567625706545 15.726800530201153 16.06701946620647 24.638562232955938 8.796932899672733 8.74559744276968
25920000.0 272.1780709346 272.4157116778 272.7462391582 273.2316892565 273.2388444118 273.0560511874 272.6418152718 18.53883893607907 15.70491365917527 15.717038426963619 15.43299248420842 24.674309828599203 8.797552361796173 8.745663543818456
26006400.0 272.0030505355 272.2692341922 272.6423763519 273.2303885585 273.2388608348 273.0569965682 272.6446194532 18.53829503284395 15.7024402689253 15.711535866550031 14.611040452908679 24.709730787013026 8.79817379759175 8.74572961494117
26092800.0 271.773309 272.0869605947 272.5256363856 273.2284177398 273.2388770691 273.0579312128 272.647391734 18.53779280135772 15.70031038033754 15.707527642200908 13.620674462888495 24.744824318797015 8.798797158427034 8.745795655543843
26179200.0 271.7156202464 272.0247066105 272.4744844472 273.2255313921 273.2388931133 273.0588552574 272.6501326331 18.53769220041734 15.69974030469614 15.706205955258444 12.561823305760058 24.779584886363708 8.799422400574091 8.745861665131484
26265600.0 271.8429786785 272.1071840769 272.511832065 273.2214909931 273.2389089639 273.059768841 272.6528426624 18.537926263109487 15.700510144237036 15.70715019026112 11.57092373431426 24.814001860950007 8.80004948340278 8.745927643299854
26352000.0 271.2710470844 271.7067701212 272.2951747135 273.2121134686 273.238924611 273.0606721037 272.655522325 18.537125930312076 15.69759269867718 15.702816823422678 10.353344172727775 24.848051204653316 8.800678368250528 8.74599358971484
26438400.0 270.9652856262 271.44100435 272.1082234967 273.1687004865 273.2389400177 273.0615651853 272.6581721159 18.53687136938219 15.696408171024514 15.700520619948872 9.091156195136024 24.881648918116454 8.801309017766476 8.74605950409595
26524800.0 270.7818166142 271.242674158 271.8966968521 272.912729845 273.2389549934 273.0624482247 272.6607925208 18.536750473372983 15.695738367142068 15.698745238469753 8.759202604417535 24.9143753722089 8.801941395498991 8.746125386212187
26611200.0 270.5600379342 271.0328792327 271.7034445681 272.7606996535 273.2389696734 273.0633213596 272.6633840164 18.5366274181873 15.69516582618137 15.697575201451244 8.7492951034496 24.946520632097425 8.802575465536801 8.746191235865556
26697600.0 270.5967696511 271.0257061089 271.6613490124 272.7254349504 273.2389841037 273.0641847259 272.66594707 18.536646306768734 15.695148240320519 15.697360443030206 8.748006824459585 24.97818214871967 8.803211192319251 8.746257052874567
26784000.0 270.3468655091 270.8381538781 271.540395505 272.6869304493 273.2389982651 273.0650384574 272.6684821398 18.53652766753742 15.69472698151668 15.69680559362385 8.746823256803538 25.0093144911938 8.803848540454803 8.746322837086593
26870400.0 270.3634145929 270.8268980462 271.5135856261 272.6721190289 273.2390120692 273.0658826861 272.6709896744 18.536534859414928 15.69470385322808 15.696693661256761 8.746418532183311 25.039718899628788 8.80448747465092 8.746388588357268
26956800.0 270.1008221253 270.6311179219 271.3901758467 272.6326551472 273.2390253505 273.0667175418 272.6734701132 18.53643004150226 15.694334480063318 15.696222196356945 8.745452780797144 25.069025733719116 8.80512795959856 8.74645430655047
27043200.0 269.9786449198 270.511563198 271.2853021486 272.5583587429 273.2390375687 273.0675431522 272.6759238867 18.53638724807447 15.694135753246428 15.695870367918314 8.743982671045032 25.096033371241337 8.805769959992812 8.746519991530073
27129600.0 269.7517733154 270.2917801167 271.0603263257 272.2657140774 273.2390470204 273.068359643 272.6783514161 18.536316027441067 15.693813600342189 15.695234225651589 8.740586327140631 25.11695632557429 8.806413440648383 8.746585643172336
27216000.0 269.253840697 269.8698306233 270.7217557655 272.0272660813 273.2390538792 273.0691671378 272.6807531142 18.536189065190364 15.693315596010036 15.694498115730987 8.73912327422987 25.13215618376604 8.807058366309858 8.746651261341135
27302400.0 268.1841163757 269.0105083593 270.1108705933 271.7306548618 273.2390585655 273.0699657582 272.6831293847 18.536003147849083 15.692614077256515 15.693583230326903 8.737986760124612 25.14254965964698 8.807704701527955 8.746716845912722
27388800.0 267.6582719581 268.4998193128 269.6732936021 271.4887336778 273.2390611733 273.0707556231 272.685480623 18.53593855191421 15.692319499207306 15.693124715765592 8.73735906458923 25.14833624287501 8.808352410589391 8.746782396755107
27475200.0 267.7395618041 268.479138612 269.5735240775 271.3936894501 273.2390451178 273.0715368522 272.6878072165 18.535947708647203 15.692308921055117 15.693035808557593 8.73715956084897 25.112742441891232 8.809001459756715 8.746847913728034
27561600.0 268.2352285647 268.8321976686 269.7705824586 271.448666791 273.2389872809 273.072309568 272.6901095455 18.536010171882698 15.692503343346715 15.693216442802912 8.737272257392132 24.98516178470048 8.809651819615349 8.746913396732515
27648000.0 268.178964438 268.8314157365 269.8011464781 271.4657148888 273.2388641422 273.0730738979 272.6923879841 18.536002447943744 15.692502877800363 15.693246354326565 8.737308690759598 24.716873876366574 8.81030346669056 8.74697884570667
27734400.0 267.8219167391 268.545134783 269.5768821467 271.2348204633 273.2385101088 273.0738299983 272.6946429043 18.53595727338537 15.69234300864605 15.693038720660297 8.736870095548126 23.970940189644903 8.810956405028858 8.747044260757749
27820800.0 266.5163939639 267.5047687767 268.8187806143 270.7348841695 273.2379125754 273.0745780436 272.6968746784 18.535833868995457 15.691898023028951 15.692495378253506 8.736206660966998 22.797018743310574 8.811610658034862 8.747109642223993
27907200.0 265.7471512381 266.7647075106 268.1648902244 270.2704677283 273.2371029334 273.0753182132 272.6990836788 18.535781726781238 15.691669401754389 15.692158934630903 8.73579593467644 21.37075141371155 8.81226625814256 8.74717499067051
27993600.0 264.6118751285 265.7865027127 267.3854777822 269.7793753725 273.2359981185 273.0760507038 272.7012702788 18.535722106398953 15.691437460379364 15.691857221119001 8.735484231751348 19.702932671510073 8.812923258117518 8.747240306934655
28080000.0 263.3945248414 264.7201470415 266.530300384 269.2530072975 273.234404796 273.0767757546 272.7034348577 18.535673746985985 15.691245720492581 15.691607604010683 8.735237005997497 17.77331409858215 8.813581755538078 8.747305592278641
28166400.0 262.3000478622 263.7318715849 265.7111011093 268.7366116912 273.2318911455 273.0774937036 272.705577812 18.53563963038362 15.691106653940352 15.691422104041221 8.73505153130137 15.5752834837877 8.814241946992258 8.74737084874429
28252800.0 261.9358323608 263.2966482078 265.2516236615 268.3844161356 273.2273184901 273.0782051408 272.7076995868 18.535629771010875 15.691054228903608 15.691334838813374 8.734947989822675 13.171605433761231 8.814904277749315 8.747436080151244
28339200.0 261.4581425027 262.8541312305 264.8614456871 268.114653751 273.215003833 273.078911187 272.7098007396 18.535617782214107 15.691005454964387 15.691268302528961 8.73487843577267 10.628112031650428 8.815569720808378 8.747501294175922
28425600.0 260.7270243079 262.2187749533 264.3399886676 267.7305166733 272.8441199588 273.0796714453 272.7118897115 18.535601240038464 15.690942310964429 15.691188547259475 8.734791290829769 8.753518005741718 8.816295469428395 8.747566747147095
28512000.0 261.7700023962 262.8461498307 264.5335832991 267.4692719502 271.8777644864 273.0806259457 272.7139931028 18.535625493599966 15.691004613603322 15.691217034555422 8.734738729196831 8.738484521297817 8.817220424107903 8.74763328245992
28598400.0 260.8497552945 262.1875304274 264.0776453026 267.0994989006 271.601876816 273.0817169269 272.7161271784 18.535603877825704 15.690939394037597 15.691151876665847 8.734672058043204 8.737628328896122 8.8182968413344 8.747701444413956
28684800.0 261.0812946595 262.2487537114 263.9901240629 266.9122483929 271.4957414282 273.0841566647 272.7184644309 18.535609002185062 15.69094512539903 15.69114010845968 8.734641298236005 8.737374677177744 8.820780610308333 8.747776865444335
28771200.0 260.0706672676 261.4784862829 263.4562854362 266.6010778849 271.412060253 273.0884201296 272.7212297273 18.53558798429076 15.690877386448266 15.691072913278676 8.73459405591798 8.737196429350835 8.8253920274103 8.747867155688343
28857600.0 260.1753191354 261.4384247223 263.3070842338 266.4228507374 271.3426506009 273.0944446646 272.7245999076 18.53559000677636 15.69087410648213 15.691055431910836 8.734568957473755 8.737061045422172 8.832560964848668 8.747978775293454
28944000.0 260.4404043008 261.6079194614 263.3663754289 266.3822233147 271.2934662505 273.0958177834 272.7278609506 18.535595280839132 15.69088813876536 15.69106231522235 8.73456342043077 8.736971210058401 8.834312125295744 8.748088468435771
29030400.0 259.9692369126 261.2693143319 263.1510380364 266.2664274574 271.2551816383 273.0900378086 272.7299768049 18.535586055123407 15.690860504034891 15.691037704861035 8.734547995916511 8.736904495560456 8.827236288226494 8.74816054692529
29116800.0 259.2629784824 260.6877371922 262.7181508596 265.9945224502 271.0496498898 272.9772932505 272.716734325 18.53557341387703 15.690816536122217 15.690991295823776 8.73451373132837 8.736587724394116 8.768648323264598 8.747720958638856
29203200.0 259.8490939008 260.9964986365 262.7435396351 265.7144539295 270.1614167164 272.2432625005 272.6007157936 18.535583808623635 15.69083935605972 15.69099391145414 8.734481047388936 8.735717914360462 8.740415664124198 8.744772210153863
29289600.0 260.9341376827 261.7776609778 263.1435522637 265.6193795139 269.4734732349 271.5620136281 272.3948541183 18.535605722567208 15.690902609569482 15.691036868316683 8.734470502691055 8.735331980080348 8.737528958446106 8.741762060855363
29376000.0 260.5285661057 261.5293539614 262.9793975135 265.3713385842 268.9306704728 270.9976899787 272.1404277896 18.53559708463858 15.690881583649798 15.691018832456342 8.73444420112434 8.735115931836322 8.736517073816968 8.739731815094434
29462400.0 261.1544263434 261.9289946798 263.1366312725 265.247572209 268.5104674454 270.5274740415 271.8684225703 18.535610662357563 15.690915879226367 15.691036095997633 8.73443169231169 8.734983249556471 8.736005256961105 8.738449498221202
29548800.0 262.687299053 263.0886660349 263.8545409465 265.4475478379 268.2486943917 270.1484845284 271.5993723295 18.535650875894998 15.691030772626545 15.691122313805469 8.734452102594192 8.734912043501323 8.735708964632902 8.737621920280871
29635200.0 263.2986356579 263.684699368 264.3473237245 265.6787948282 268.0978348831 269.8514770568 271.3458610762 18.53567045122844 15.691100739647599 15.691189603853473 8.734477061118104 8.73487434415633 8.735524145410299 8.73706705893918
29721600.0 263.8406311279 264.1776180841 264.7519840542 265.8990099515 268.0153179274 269.6217375858 271.1143753122 18.53568998353012 15.691165598989938 15.691250742552379 8.734502302522687 8.734854656409778 8.735402432856755 8.73668059792741
29808000.0 263.4830692139 263.9871936984 264.7093690359 265.9240866623 267.9318610136 269.4338353433 270.9055712361 18.53567684906723 15.6911397183134 15.691244028892884 8.734505274017526 8.734835374873915 8.735314021998198 8.736400085699408
29894400.0 264.4131751478 264.6617512111 265.1298982748 266.1001386592 267.8879475786 269.2823697881 270.7187087575 18.535713281693045 15.69123660652458 15.691313389178632 8.734526728127607 8.734825473761635 8.735248979886464 8.736189720185276
29980800.0 262.8160076377 263.5594614532 264.5032589117 265.8538201111 267.7728680374 269.1375158601 270.5489397976 18.535654802441762 15.691085319054515 15.691212488409024 8.734496999055592 8.734800290658216 8.735191349496668 8.736024683771387
30067200.0 259.2189478165 260.7274685626 262.5510228638 264.8461109167 267.4291015424 268.9399979736 270.3834333105 18.53557266879834 15.690819409135452 15.690974389534327 8.734393674001506 8.734731070971606 8.735119128248913 8.73588320015681
30153600.0 258.7063757389 259.9145807335 261.5831341672 264.0051527597 266.9833089467 268.6829772936 270.210482376 18.53556433399653 15.690764055671053 15.690886061213625 8.734324816768778 8.734652752446872 8.735034670080479 8.735752297988737
30240000.0 259.0210503879 259.9458206783 261.3193320395 263.5296218102 266.5695270819 268.3974689531 270.0260721544 18.53556937815392 15.690766057252118 15.690864486826037 8.73429119046988 8.734589514243394 8.73495151346673 8.735628616411809
30326400.0 259.1764582369 259.9971364736 261.2214208209 263.2523981333 266.2245401999 268.1125204569 269.8324861668 18.535571954316886 15.69076936571096 15.690856721618974 8.73427307303507 8.734542542852116 8.734877877060757 8.735513506846475
30412800.0 258.1538648174 259.1988030362 260.6326133023 262.8225301239 265.8814966804 267.8287064843 269.6323783657 18.535555996682618 15.6907206470009 15.690812580208327 8.734246897137183 8.734500239377613 8.734812338857031 8.73540777594752
30499200.0 259.4532963815 260.0252539961 260.9932571242 262.7788738324 265.6287900457 267.5672784788 269.4308215883 18.53557669028621 15.690771189473832 15.690839110481498 8.734244359770273 8.734471534577084 8.734757840350083 8.735312728705663
30585600.0 262.3948374823 262.293819125 262.4769012687 263.3959875451 265.5950552212 267.3751729455 269.2389770339 18.535642307245514 15.690949385336388 15.690967060528727 8.73428232892417 8.734467847348233 8.73472092457288 8.735231320013071
30672000.0 262.4769718689 262.6685989152 263.0128028876 263.8290873794 265.6549945063 267.2515665192 269.0660311176 18.535644665648626 15.690986227204895 15.69102245555024 8.734311968044757 8.7344744215406 8.73469843764042 8.735164456383934
30758400.0 259.9606395692 260.8881409658 262.0070114145 263.5056496589 265.5854217398 267.1382657751 268.9099883499 18.535585892985463 15.690831216964632 15.690922860509806 8.73428958281553 8.734466800418739 8.734678634260892 8.735108787415356
30844800.0 259.453381519 260.2811681023 261.4187358564 263.1076078656 265.415851852 267.0049344771 268.7633645015 18.535576691768274 15.690788154297447 15.69087250267998 8.734264006874305 8.734448797478437 8.73465626107221 8.735060071390459
30931200.0 260.7371849843 261.1181242385 261.8041867376 263.1222754022 265.2921033642 266.871124217 268.6228520054 18.53560145641259 15.690848665978987 15.690904909957146 8.734264913417372 8.734436147784372 8.734634758684445 8.735016333432638
31017600.0 260.3365544081 260.9042195738 261.7166596079 263.0620765574 265.1846271998 266.7432726944 268.4876172628 18.53559318832595 15.690832415607181 15.690897359753299 8.734261209507475 8.734425479117117 8.734615049298732 8.734976716777975
31104000.0 261.1812994728 261.5041117886 262.0711259373 263.1804119086 265.1283306993 266.6329734191 268.3590490498 18.53561127757769 15.690879496294203 15.690928671161734 8.734268532754697 8.734420004458935 8.734598664428121 8.734941117240057
31190400.0 261.07628526 261.5007945211 262.1317729929 263.232112134 265.0890621433 266.5389649412 268.2385046147 18.535608889214632 15.690879222645666 15.690934229618017 8.73427178691984 8.734416230813688 8.734585129260916 8.73490942451526
31276800.0 257.9651662564 259.1848329936 260.65722484 262.5571670727 264.8830991005 266.4135830264 268.1196959558 18.535553290231295 15.690719843995687 15.690814342132022 8.734231795671752 8.734397022944194 8.734567662432267 8.734879667719877
31363200.0 256.8000216676 257.9852415381 259.5649598778 261.7919018562 264.5480257968 266.2346838957 267.9934836528 18.535537982504895 15.69065640379016 15.690742282101294 8.734192186025274 8.734367732459111 8.73454383217651 8.734849551902517
31449600.0 257.6880643016 258.4165422106 259.5570969708 261.478869179 264.2469222051 266.0306343831 267.8568399517 18.535549437328353 15.69067802452193 15.690741805276424 8.734177476609792 8.7343432853429 8.734518107731079 8.734818558915418
31536000.0 257.7282932365 258.444912659 259.5122416593 261.3015986842 264.0031898897 265.8264682032 267.7120385055 18.535549987960078 15.690679491136704 15.69073909564607 8.734169490497244 8.734324670805503 8.73449379741677 8.734787407870872
