single point
       alpha_p                      0.005000000000000000    1.000000000000000    0.000000000000000
       alpha_m                      0.002241890110798000    1.000000000000000    0.000000000000000
           n_p                      2.024876333094000    1.000000000000000    0.000000000000000
           n_m                      1.997228645641000    1.000000000000000    0.000000000000000
          wr_p                      0.2503829867176000    1.000000000000000    0.000000000000000
          wr_m                      0.2119531233626000    1.000000000000000    0.000000000000000
         tcs_p                      0.4475971608687700    1.000000000000000    0.000000000000000
         tcs_m                      0.9622004423783000    1.000000000000000    0.000000000000000
         tcd_p                      0.1138296637564500    1.000000000000000    0.000000000000000
         tcd_m                      0.9989540580100900    1.000000000000000    0.000000000000000
          af_p                      1.509601736035100    1.000000000000000    0.000000000000000
          af_m                      1.502541019122100    1.000000000000000    0.000000000000000
         auf_p                      0.4884331701315600    1.000000000000000    0.000000000000000
         auf_m                      0.6990293503127400    1.000000000000000    0.000000000000000
         por_p                      0.7332846814033100    1.000000000000000    0.000000000000000
         por_m                      0.4207674956682500    1.000000000000000    0.000000000000000
        perm_p                      2.673310000000000e-11    1.000000000000000    0.000000000000000
        perm_m                      5.000000000000000e-14    1.000000000000000    0.000000000000000
         den_p                      900.0000000000000    1.000000000000000    0.000000000000000
         den_m                      1900.000000000000    1.000000000000000    0.000000000000000
          lh_w                      334000.0000000000    1.000000000000000    0.000000000000000
          lh_i                      -6007.870000000000    1.000000000000000    0.000000000000000
          hc_l                      76.00000000031200    1.000000000000000    0.000000000000000
          hc_r                      620.0000000000000    1.000000000000000    0.000000000000000
