single point
       alpha_p                      0.005000000000000000    1.000000000000000    0.000000000000000
       alpha_m                      0.002240569917658000    1.000000000000000    0.000000000000000
           n_p                      2.030271255175000    1.000000000000000    0.000000000000000
           n_m                      2.008452551354000    1.000000000000000    0.000000000000000
          wr_p                      0.2495345630885000    1.000000000000000    0.000000000000000
          wr_m                      0.2113818770274000    1.000000000000000    0.000000000000000
         tcs_p                      0.4457441177297600    1.000000000000000    0.000000000000000
         tcs_m                      0.9600105356426800    1.000000000000000    0.000000000000000
         tcd_p                      0.1082824638746700    1.000000000000000    0.000000000000000
         tcd_m                      0.9961368572134900    1.000000000000000    0.000000000000000
          af_p                      1.508721520690100    1.000000000000000    0.000000000000000
          af_m                      1.501561703553500    1.000000000000000    0.000000000000000
         auf_p                      0.4871769180005600    1.000000000000000    0.000000000000000
         auf_m                      0.6990293720521000    1.000000000000000    0.000000000000000
         por_p                      0.7186569291687001    1.000000000000000    0.000000000000000
         por_m                      0.4314731806901100    1.000000000000000    0.000000000000000
        perm_p                      2.673311063600000e-11    1.000000000000000    0.000000000000000
        perm_m                      5.000000000000000e-14    1.000000000000000    0.000000000000000
         den_p                      900.0000000000000    1.000000000000000    0.000000000000000
         den_m                      1900.000000000000    1.000000000000000    0.000000000000000
          lh_w                      334000.0000000000    1.000000000000000    0.000000000000000
          lh_i                      -6007.870000000000    1.000000000000000    0.000000000000000
          hc_l                      76.00000000031200    1.000000000000000    0.000000000000000
          hc_r                      620.0000000000000    1.000000000000000    0.000000000000000
