single point
       alpha_p                      0.005000000000000000    1.000000000000000    0.000000000000000
       alpha_m                      0.002256332263374000    1.000000000000000    0.000000000000000
           n_p                      2.043141345467000    1.000000000000000    0.000000000000000
           n_m                      2.035698158544000    1.000000000000000    0.000000000000000
          wr_p                      0.2374337873126000    1.000000000000000    0.000000000000000
          wr_m                      0.1896995185553000    1.000000000000000    0.000000000000000
         tcs_p                      0.4400570424486500    1.000000000000000    0.000000000000000
         tcs_m                      0.9542784839104800    1.000000000000000    0.000000000000000
         tcd_p                      0.1043714543040400    1.000000000000000    0.000000000000000
         tcd_m                      0.9878602542944600    1.000000000000000    0.000000000000000
          af_p                      1.505982403408200    1.000000000000000    0.000000000000000
          af_m                      1.499887783939100    1.000000000000000    0.000000000000000
         auf_p                      0.4860162447155700    1.000000000000000    0.000000000000000
         auf_m                      0.6990646024608000    1.000000000000000    0.000000000000000
         por_p                      0.6722389152982400    1.000000000000000    0.000000000000000
         por_m                      0.4619347654291700    1.000000000000000    0.000000000000000
        perm_p                      8.019930000000000e-11    1.000000000000000    0.000000000000000
        perm_m                      5.000000000000000e-14    1.000000000000000    0.000000000000000
         den_p                      900.0000000000000    1.000000000000000    0.000000000000000
         den_m                      1900.000000000000    1.000000000000000    0.000000000000000
          lh_w                      334000.0000000000    1.000000000000000    0.000000000000000
          lh_i                      -6007.870000000000    1.000000000000000    0.000000000000000
          hc_l                      76.00000000031901    1.000000000000000    0.000000000000000
          hc_r                      620.0000000000000    1.000000000000000    0.000000000000000
