single point
       alpha_p                      0.008145566578044000    1.000000000000000    0.000000000000000
       alpha_m                      0.001829076418108000    1.000000000000000    0.000000000000000
           n_p                      2.049825274518000    1.000000000000000    0.000000000000000
           n_m                      2.049818790741000    1.000000000000000    0.000000000000000
          wr_p                      0.2261372259717000    1.000000000000000    0.000000000000000
          wr_m                      0.1623840526843000    1.000000000000000    0.000000000000000
         tcs_p                      0.4401612951053800    1.000000000000000    0.000000000000000
         tcs_m                      0.9523604565453500    1.000000000000000    0.000000000000000
         tcd_p                      0.1015618737488600    1.000000000000000    0.000000000000000
         tcd_m                      0.9847256466325600    1.000000000000000    0.000000000000000
          af_p                      1.505149018107900    1.000000000000000    0.000000000000000
          af_m                      1.499407012363900    1.000000000000000    0.000000000000000
         auf_p                      0.4867856712806400    1.000000000000000    0.000000000000000
         auf_m                      0.6989740495396600    1.000000000000000    0.000000000000000
         por_p                      0.6399060407473700    1.000000000000000    0.000000000000000
         por_m                      0.4802920280671500    1.000000000000000    0.000000000000000
        perm_p                      8.019933190800000e-11    1.000000000000000    0.000000000000000
        perm_m                      6.023432845050000e-14    1.000000000000000    0.000000000000000
         den_p                      900.0000000000000    1.000000000000000    0.000000000000000
         den_m                      1900.000000000000    1.000000000000000    0.000000000000000
          lh_w                      334000.0000000000    1.000000000000000    0.000000000000000
          lh_i                      -6007.870000000000    1.000000000000000    0.000000000000000
          hc_l                      76.00000000033000    1.000000000000000    0.000000000000000
          hc_r                      620.0000000000000    1.000000000000000    0.000000000000000
