0.0 270.15 270.15 270.15 270.15 270.15 270.15 270.15 14.05416242861067 10.49412299840688 10.49412299840688 8.023436232768894 8.023436232768894 8.023436074030755 8.023435542152958
86400.0 262.4270685127 264.2178721952 266.3543755976 268.5684970901 269.8575720467 270.1020181029 270.1463686885 13.981499616946621 10.270143303622993 10.315691036787198 7.946097544564308 8.00506617136451 8.020243599182177 8.023191291135545
172800.0 261.7536612901 263.0679864261 264.833609206 267.1486285056 269.2000297157 269.8855880855 270.1099429971 13.979079366495913 10.251821598293581 10.281466795286597 7.904438503525414 7.971408246358063 8.006719565089998 8.020765197316253
259200.0 262.0227439429 262.9457312757 264.2894132703 266.3088295363 268.5676133211 269.5858097089 270.035629935 13.980019750543121 10.250056446160842 10.271398629403457 7.886106332513781 7.946065796519155 7.9900407772863185 8.015946822841936
345600.0 262.0171109086 262.8115564631 263.9662578529 265.768825362 268.0319175107 269.2570498949 269.9262500527 13.979999711248507 10.248155051384174 10.26584432710539 7.875993264232591 7.928346348478426 7.973988572392282 8.009156784890292
432000.0 260.983972514 261.9519383509 263.257768527 265.1644952254 267.5334139481 268.9183054261 269.7880890293 13.976566064162123 10.236789464922149 10.254625729023585 7.865903525829835 7.914165948818322 7.95942551852696 8.001053082434566
518400.0 260.6743315105 261.5458655985 262.7752693546 264.6465913751 267.0711048529 268.579453788 269.6277472286 13.975622059222575 10.231861953354109 10.24764712144505 7.858118971684621 7.902590157378428 7.946491903103415 7.992246210173764
604800.0 259.8074917273 260.781617295 262.1113273456 264.0807815317 266.6157371114 268.239586765 269.4501370042 13.97315873423475 10.223250666467896 10.23879693312565 7.850381629626996 7.892398992256247 7.934874310319282 7.983159792810826
691200.0 258.6100229443 259.7275159586 261.227660559 263.3975429413 266.1308260752 267.8890195714 269.2573615716 13.970130404776302 10.212595475096101 10.228176682387483 7.841943597506204 7.882645360341731 7.9240783080251385 7.974002361973171
777600.0 258.1911742424 259.208331587 260.6376032927 262.8062932009 265.6491183726 267.5300758509 269.050942878 13.969159325868812 10.207795023710535 10.221716376838746 7.835321364557186 7.873899162153393 7.914077335106216 7.964914309657361
864000.0 255.4299410582 257.0047734625 259.0192320516 261.7687733969 265.0526125713 267.1349239969 268.8279785624 13.963659155079084 10.190057765938999 10.20611235932218 7.8249639768315316 7.864159381309508 7.904109185155648 7.955830786877441
950400.0 254.4419133981 255.8951635339 257.8859428952 260.7874959978 264.3939458746 266.6983055789 268.5847999005 13.961999225224869 10.182439312711304 10.196689794513697 7.816385120728707 7.854572320066802 7.894167317600298 7.946684383899163
1036800.0 255.7442383159 256.616852066 258.010501326 260.4035857005 263.8561336414 266.2650998027 268.3250307337 13.964217234831127 10.187307348960378 10.197673578070154 7.813299865685406 7.847505656468461 7.885243787244155 7.93768002799336
1123200.0 256.5079223277 257.2028983251 258.3174038738 260.3200529924 263.4752968549 265.8745676292 268.0583958134 13.96563989049224 10.191501003238292 10.200150046301305 7.812646863720494 7.8428589681469525 7.877885469182786 7.929156307311281
1209600.0 256.3494761766 257.1287427833 258.2739430178 260.1942444901 263.1761640566 265.5312170611 267.7939300955 13.965336609361373 10.190957689686698 10.199794713614455 7.81167525331775 7.839395762104645 7.871884603411086 7.921332038364113
1296000.0 255.9859345776 256.8280780014 258.0330957086 259.975914189 262.8987297768 265.2214391062 267.5364587751 13.964657001154828 10.18879282799859 10.197853330082895 7.810022070195241 7.836319091441996 7.866805232071657 7.91424661193318
1382400.0 255.4974601552 256.3976665029 257.6695829009 259.6755474239 262.6127931994 264.9292108976 267.2867840308 13.963777760941737 10.185795665116354 10.195009178383776 7.8078133583059355 7.83327512180153 7.86227671576908 7.907821723014696
1468800.0 256.6694709075 257.1853486553 258.0627075958 259.7016583527 262.4101739643 264.6691722492 267.0472971575 13.965953688090849 10.191372081268035 10.198089519842672 7.808002436116127 7.831191524727262 7.858443583719113 7.902029397277648
1555200.0 255.4756379496 256.3711090663 257.5822555356 259.4420941322 262.1876534809 264.4249434262 266.8177777851 13.963739351597347 10.18561451650897 10.194340766652463 7.806146806008043 7.828969649535574 7.854999236389736 7.89678622899479
1641600.0 256.3294785057 256.8898712611 257.79421314 259.407498206 262.0102537694 264.2022276583 266.598687397 13.965298642589737 10.189232855360903 10.19597294193481 7.8059034379591 7.827245846851106 7.851980897605468 7.8920379324584475
1728000.0 257.4962708287 257.8052829153 258.3964401267 259.6390684461 261.9359643496 264.020798454 266.3935410113 13.967636451076169 10.19605911012057 10.200800246224016 7.807550115694678 7.826536062520261 7.849603433271798 7.887800734833955
1814400.0 258.6601555897 258.7967270772 259.14541585 260.042249436 261.9728902437 263.8954579705 266.2078821508 13.970249493680942 10.204175001552958 10.207231415752068 7.810520010098072 7.826887986125775 7.848001588511623 7.884127406202603
1900800.0 258.7866979033 259.0453632818 259.4676768889 260.3211419819 262.0459343862 263.8156021645 266.0446703518 13.970552904423762 10.206342875153295 10.210158978177084 7.81265533589146 7.827589260984303 7.846997754741938 7.881016640134124
1987200.0 260.3340903085 260.2624352635 260.3363205761 260.820395737 262.1997115326 263.7858555386 265.9065765901 13.97462500241744 10.217840172066778 10.218590146879498 7.816656157527678 7.829088324780749 7.846627079864389 7.878466324816009
2073600.0 262.7512449018 262.2545743103 261.8170150613 261.6917516001 262.5067427697 263.8290740881 265.7992010067 13.982748725610957 10.240638267175395 10.235123094990314 7.824251265666479 7.832177209033652 7.847166207669395 7.876532681226168
2160000.0 262.3294561898 262.2648237575 262.1761231616 262.1909603343 262.8140631323 263.920196586 265.7235355445 13.981134670551617 10.240771397197204 10.239625403435387 7.829002176213108 7.835404719030848 7.848315183577818 7.875195090992262
2246400.0 264.3140735972 263.813123307 263.3051571698 262.923874765 263.1816663441 264.0580177946 265.6796532076 13.989717543308828 10.263312670362566 10.255338434648168 7.83659281585945 7.839458065914874 7.850085403645261 7.874428587682069
2332800.0 262.3516755908 262.6133966808 262.8265287574 263.005779437 263.4227314745 264.1945528126 265.6603895639 13.981217302527131 10.245413097462615 10.248365400205918 7.837491404588218 7.842238941858416 7.851878877872644 7.87409421344846
2419200.0 259.9172857457 260.6880662635 261.5457538649 262.4784826176 263.424076192 264.269201239 265.6503198158 13.973457106894296 10.222250988007696 10.231860632958123 7.831887382312643 7.842254741113344 7.852876713474234 7.873919932753479
2505600.0 259.734414097 260.2796543479 261.0241135638 262.0649655638 263.3104349638 264.2766066931 265.6359653881 13.972962203809796 10.218014380892244 10.225895262010141 7.827773102332727 7.84093090856328 7.8529763828288965 7.873672095474686
2592000.0 259.7619550938 260.1997958478 260.8349929035 261.8265476025 263.1793179921 264.2399993504 265.610927594 13.973036079132779 10.21720935368356 10.2238260981303 7.825503314356588 7.8394314686679065 7.852484888540598 7.873241482296155
2678400.0 260.058942566 260.3808234661 260.8835512188 261.7502679353 263.0807955241 264.1862705013 265.5752537251 13.973847681145209 10.21904499396977 10.224352833991496 7.824792084689292 7.838323938525632 7.851768928941489 7.87263159975848
2764800.0 261.6705510319 261.5905221659 261.650509413 262.0639336793 263.1029309433 264.153999858 265.5354592788 13.978795702645126 10.232391195693587 10.233106939480196 7.827763122273142 7.83857136392259 7.85134196742905 7.8719562850064415
2851200.0 262.9405039322 262.7033967807 262.5199941321 262.5722695959 263.2499043355 264.1680831512 265.500891814 13.983505652749917 10.246648842904342 10.244147133762292 7.832853658107743 7.840235016805612 7.851528018114899 7.871373912470954
2937600.0 265.2096717199 264.5765286297 263.9235936918 263.410198539 263.5577864809 264.2528414644 265.4825196299 13.994619485542085 10.276592230426319 10.265132719740171 7.84209184683451 7.843842126837899 7.852656965923419 7.8710659768334965
3024000.0 266.738353621 266.0218790406 265.186471976 264.3186288895 263.9838215913 264.4126936168 265.4894586475 14.005276314807434 10.30729048114366 10.28853433382163 7.853544306011881 7.849127486554963 7.854830255916658 7.871182152596977
3110400.0 265.5304472268 265.4052643391 265.1311829861 264.6640758791 264.335177066 264.6003523959 265.5212272746 13.996584306946314 10.293154748856528 10.287396496279124 7.858370208567642 7.853769055388329 7.857458241572224 7.871716037900394
3196800.0 259.5301224756 260.9231838895 262.3225908866 263.541581302 264.2546490387 264.6932116409 265.5577628891 13.97242133357707 10.224785057695252 10.241525238509526 7.843647994032242 7.852681216081381 7.858790577059956 7.8723341314995645
3283200.0 258.0492140561 259.1970043415 260.638084191 262.3757347878 263.8911933586 264.6521622105 265.5755313916 13.968839551196654 10.207693272636412 10.221721456362058 7.830843186456537 7.847947654758147 7.858198936285687 7.872636330282147
3369600.0 257.2700663899 258.2727381295 259.6186963033 261.4647258767 263.4312546473 264.5039354929 265.5604185684 13.967162792524524 10.199784884647796 10.211566583109464 7.822191373405272 7.842339136692063 7.856097425378763 7.872379231318626
3456000.0 256.571067414 257.5304234946 258.840994842 260.7299266833 262.960328082 264.2874541662 265.508764335 13.96576198929136 10.193946686635233 10.204556853675188 7.815913426579516 7.836991423827436 7.853122601394725 7.871506199973695
3542400.0 256.662991171 257.4222954744 258.52902986 260.2636347731 262.5481567276 264.0433680833 265.4250214648 13.965941011227203 10.193130852656457 10.201902784785387 7.812209400361298 7.832604011827355 7.849895348383423 7.870109291008014
3628800.0 257.5560767889 258.0130565644 258.7743763509 260.1525806623 262.2608806549 263.813207347 265.3195704722 13.96776343108159 10.197693886417278 10.203982872705996 7.811356582284084 7.829693360679803 7.846967847779772 7.868381934497705
3715200.0 259.2457944919 259.3176746624 259.6147328115 260.4537302839 262.1554955889 263.637498468 265.2069197213 13.971688789906334 10.2087836252187 10.211529341383041 7.813694935298223 7.828654099726175 7.844804197952159 7.866574405883306
3801600.0 259.2839604909 259.5184449097 259.8977619758 260.659198076 262.1335674223 263.5159612347 265.0983882244 13.971785790344226 10.210629573236943 10.214230372242136 7.815338354067654 7.8284397159682 7.843342065158068 7.864868627713034
3888000.0 261.9813669862 261.5779726055 261.2852970461 261.3593769598 262.2892376061 263.4725468642 265.0057090618 13.979872911565309 10.232242158724981 10.228833260567223 7.821255632917478 7.829975563996921 7.8428264069866485 7.863438811527136
3974400.0 262.9906329527 262.634564319 262.2689131056 262.0664434805 262.5602127576 263.5078170652 264.9380063459 13.98370971625174 10.245702323536065 10.240824565800475 7.827787398681281 7.8327287250500826 7.84324506901849 7.8624095100782965
4060800.0 263.6716428523 263.3487890137 262.9814162076 262.6682733771 262.8735813156 263.6030758545 264.8991569845 13.986642271462152 10.255999165740288 10.25056841073914 7.833856067770101 7.836046326434346 7.844387274612572 7.861824547827642
4147200.0 265.6394036562 264.9684174873 264.222410507 263.489220441 263.2728618245 263.7585237171 264.8916569125 13.997280451948896 10.28411338731737 10.27022249262993 7.843024041321545 7.8404982014151825 7.846288035927383 7.861712088887553
4233600.0 267.3192203991 266.4968215491 265.5181424319 264.4242440491 263.7612094076 263.9764896297 264.9178327547 14.01039812818804 10.319479169314375 10.295615040549038 7.854989579317465 7.846321286180329 7.849033452363025 7.862105240568542
4320000.0 267.1961525932 266.6984141813 265.998116293 265.037358844 264.2237581077 264.2288382667 264.9753838705 14.009250080127224 10.325050893097142 10.306712418003933 7.863924362224034 7.852267791821148 7.852335635180581 7.862976204257151
4406400.0 264.6200886545 264.8965493112 265.0343346339 264.8776546324 264.4695196831 264.4479087687 265.0518975234 13.991304480339654 10.282694458797788 10.285431199047316 7.861502538897799 7.855617133362412 7.855316984723097 7.864148349646739
4492800.0 263.4514065863 263.8168992226 264.1937964639 264.4820131862 264.5201850631 264.5965864994 265.1312253127 13.985659782051883 10.263374351146888 10.26972420407007 7.855791159569898 7.856325185846133 7.857404662795282 7.865381104727696
4579200.0 262.5498854774 262.9775304924 263.4831321204 264.038722995 264.4443443389 264.6705514892 265.2001611563 13.981966025623542 10.250512533571571 10.258061340371587 7.849835181073773 7.855267585647846 7.858463452639412 7.866467173260994
4665600.0 262.6311698247 262.8902766272 263.2586606013 263.7817371618 264.3418466402 264.6928810425 265.2525972115 13.98227924632936 10.2492661126722 10.254639098534218 7.846575898420973 7.853859815711044 7.858785795146872 7.867302703245565
4752000.0 262.2931420354 262.594671603 262.9963684319 263.5630885579 264.2331555452 264.6826560486 265.2875796349 13.981000174525033 10.245157965309728 10.250783722587622 7.843905749919687 7.852393335739999 7.85863803354503 7.867864719231317
4838400.0 261.0107074127 261.5793875857 262.2707330366 263.1388545554 264.0626711132 264.6359962817 265.3042241754 13.97664928360776 10.232258950804598 10.240848237624398 7.838974641574567 7.850145867876393 7.857967102723104 7.868133430708894
4924800.0 260.6205388182 261.1253259928 261.8039655023 262.7541685851 263.8591500747 264.5566893541 265.3021755957 13.97546168680772 10.227022491067842 10.23496349316601 7.834764579536722 7.847543587165497 7.856839176265299 7.868100312512147
5011200.0 261.5014619818 261.6809879104 262.027234854 262.6972478438 263.7204176662 264.4727415829 265.2852658952 13.978228102350457 10.233472730710105 10.237732469926456 7.834161288267867 7.845817781331937 7.855661976656449 7.867827432825518
5097600.0 260.339106448 260.8628951433 261.5188031937 262.4195040599 263.5635451394 264.3806557553 265.2562648911 13.97463940882369 10.224128388259865 10.231542700054863 7.831286181171156 7.843911231185832 7.854389968070328 7.867361453317274
5184000.0 260.7397379806 261.0397403156 261.508759186 262.2938097646 263.4295243059 264.2877188319 265.2180899606 13.975818477985944 10.226068384378186 10.231424492951847 7.830021167978522 7.8423187849596285 7.853126172277606 7.866751932358703
5270400.0 260.3169060935 260.7232275594 261.2784624366 262.1217906049 263.2979268627 264.1938932578 265.1728940581 13.974575714095387 10.222625402686841 10.228755154572303 7.828324840284686 7.8407865878305 7.851870116644092 7.866035919958459
5356800.0 260.5415254846 260.8341405486 261.2832819399 262.0425079722 263.1902225488 264.1046676949 265.1230049388 13.975228012885287 10.223816879869624 10.228810224944015 7.827556211617261 7.839555051682454 7.850693652413772 7.8652525200379015
5443200.0 260.9619719223 261.1467540142 261.4665251832 262.0810624533 263.1284149215 264.029612372 265.071663203 13.97649778970364 10.227262955236531 10.230929101895196 7.827928965604962 7.838857224872854 7.849717304506393 7.864453825796305
5529600.0 261.1119935684 261.295215869 261.5891673101 262.1375794251 263.0994757095 263.9715542756 265.0218942168 13.97696710774916 10.228946732294038 10.232375093995742 7.828478892367408 7.83853268861022 7.84897021812928 7.86368676291246
5616000.0 260.7225371185 261.0273632427 261.4400485788 262.0791516225 263.0595538445 263.9207657892 264.9745132575 13.975766670685708 10.225931236481033 10.230619898049502 7.827910445728416 7.83808726270997 7.84832241369476 7.862962960811921
5702400.0 260.4821726912 260.8118913892 261.2684223126 261.97083526 262.9988778227 263.868550073 264.9285705029 13.975053942561297 10.223576589982594 10.228640537327601 7.826868355562526 7.837415270038995 7.847661906691895 7.862267055286369
5788800.0 260.9773333085 261.1430001167 261.4367798938 262.0013139056 262.9629984284 263.8217291306 264.8842176545 13.976545440950655 10.227220782995811 10.230581797313153 7.827160060066319 7.837020706781487 7.84707432148523 7.861600691607315
5875200.0 261.587573266 261.6351122933 261.7787924549 262.1625913382 262.9788682462 263.7921385489 264.8435821627 13.978515586178357 10.23292269759699 10.234656386620253 7.828723608654795 7.83719497071536 7.846705226969302 7.860994824221381
5961600.0 262.1660956741 262.1387877206 262.1742208697 262.3996242061 263.0469321445 263.7872722311 264.809718173 13.980534959227304 10.239147151536917 10.239600977315206 7.831084641779056 7.837946981831557 7.8466446936562 7.860493272680218
6048000.0 262.3910029022 262.3908720156 262.4296749579 262.6053436837 263.138719065 263.8042212988 264.7846474796 13.981364191885268 10.242424040457434 10.24293860575187 7.833197462719007 7.838973116517331 7.8468557297960695 7.860123901545339
6134400.0 262.7391137391 262.7045983995 262.7013635041 262.8125457363 263.2454107599 263.8387625794 264.7691620006 13.982700921287703 10.246665448811527 10.246620750283032 7.835388433344743 7.840183608662728 7.847287576480701 7.859896571787551
6220800.0 262.8050359127 262.8146519972 262.8465326191 262.9652315699 263.3482751949 263.8836575022 264.7626610763 13.982961719672609 10.248198503995809 10.248647147897511 7.837045204130647 7.841369182374284 7.847852440404584 7.859801322888152
6307200.0 263.0308347668 263.0155297882 263.023664057 263.1145353174 263.448923886 263.9349228395 264.7639712215 13.983874475631755 10.251060336378151 10.25117799821884 7.838701399556892 7.842547265650188 7.84850245248344 7.859820509774395
6393600.0 262.8914429952 262.9534111161 263.0368339151 263.187333025 263.5296946981 263.9856768288 264.7711482306 13.983307404000552 10.250166402172177 10.251368798027746 7.8395222846734045 7.8435059056124645 7.849151298154 7.859925695115682
6480000.0 263.0147179732 263.0493333879 263.1152834879 263.261789147 263.5992380168 264.0337642648 264.7823377696 13.983808304989658 10.251550227730698 10.252513051701357 7.8403711508059715 7.844340929586167 7.849771001494034 7.860089954908305
6566400.0 263.0429940488 263.0908287343 263.1683580531 263.3237922751 263.6598636747 264.0785282148 264.7960766042 13.983924503872 10.25215493474013 10.253294763618923 7.841085329201218 7.845076287353676 7.850352257802676 7.860292084669867
6652800.0 263.5553975759 263.4855137662 263.4414008435 263.4816764794 263.7406613398 264.1270157105 264.812384949 13.986119430057192 10.258098282855377 10.257416221380804 7.84293455886487 7.846067249503096 7.85098669351298 7.8605326598522005
6739200.0 263.0800624104 263.1949949471 263.3229051167 263.4940357456 263.7966751439 264.1719969316 264.8303635803 13.984077583449263 10.253689420782752 10.255606671110671 7.843081212244449 7.84676170094052 7.85157979904815 7.860798686054455
6825600.0 263.7507842709 263.6665542477 263.61229555 263.6415893912 263.8713922135 264.2196998239 264.8501301882 13.987003827426248 10.26094670979462 10.260084591506338 7.844853895962166 7.847697716320217 7.852213636389259 7.861092156087684
6912000.0 263.8374022187 263.8002088208 263.7662169143 263.7758277757 263.9561474726 264.2722243524 264.8722135379 13.987404869147818 10.26310198812967 10.262549518525049 7.846502517472245 7.848773143178836 7.852917386366447 7.861421252749933
6998400.0 264.2090539556 264.1101391302 264.0109707417 263.9482032312 264.056483635 264.3320550167 264.8974247974 13.989191998650444 10.268280855711982 10.266595398864032 7.848671716740785 7.850065479182866 7.853726605246031 7.861798561267221
7084800.0 263.486831262 263.6296718205 263.7702566346 263.9123781493 264.1122291708 264.3851299541 264.9242655776 13.985815518924802 10.260359888352628 10.262615020105006 7.848215939509028 7.850792682629236 7.8544513120875035 7.862202143641512
7171200.0 262.8345299625 263.0901966664 263.3879111116 263.7340865465 264.1016073826 264.4165648794 264.949026869 13.983079220911735 10.252145695864131 10.256595334674198 7.8459861391455545 7.850653607464043 7.854883620127138 7.862576197267714
7257600.0 262.6973163159 262.9071941365 263.1897066945 263.583451275 264.0577673645 264.4258110301 264.9685274951 13.982536858767839 10.249506544271343 10.25361094418153 7.84415058260825 7.850082150912987 7.8550112179538365 7.862871964281265
7344000.0 263.9717858411 263.8154934123 263.7191830432 263.7727690819 264.0839621415 264.4396839012 264.9844899735 13.988038390898673 10.263351382458449 10.261789966088921 7.846464562552857 7.850423107110695 7.855203042422366 7.863114848630292
7430400.0 264.5407606664 264.359091545 264.1733939144 264.0511868755 264.1786192549 264.4749580431 265.0013765973 13.990884901323394 10.272635834034524 10.269370354201824 7.849996727410092 7.851667491578396 7.855692840331117 7.863372563723475
7516800.0 264.2195765133 264.2170497072 264.1936903861 264.1683950131 264.2708436404 264.5229510829 265.0215436289 13.989244233472789 10.270128958428202 10.269722361216152 7.85153214294882 7.852898807745973 7.85636401896035 7.863681384245653
7603200.0 263.970346574 264.0339579507 264.1011371422 264.179687293 264.3313488038 264.5700309767 265.0443840746 13.988031531369947 10.266983659611077 10.268126726586914 7.851681643504883 7.853717006049312 7.857027840306514 7.864032520593242
7689600.0 263.2794860151 263.5024870291 263.7531493905 264.0341417627 264.3318105458 264.6006775466 265.0667045648 13.98491605037032 10.258361953248762 10.262337923475535 7.849775885531031 7.853723282146202 7.85746286925399 7.864377086391751
7776000.0 263.5518923299 263.6298812176 263.7634954509 263.9919823509 264.3226232887 264.6184499269 265.0863177424 13.986103813685583 10.26036321044015 10.262505415296568 7.849232281854796 7.853598498686905 7.857716211739905 7.864681027587507
7862400.0 264.1799959189 264.1040962428 264.0628193846 264.1166085771 264.3533214936 264.6389730299 265.1040944992 13.989048235042498 10.26817736619304 10.26747320337745 7.85085009464045 7.854016206087436 7.858009742743794 7.864957460464463
7948800.0 264.9907981293 264.7738562546 264.5545721076 264.3908819109 264.448268509 264.6783369366 265.1235272277 13.99334653086734 10.280314003949899 10.276185979201468 7.8545302433503865 7.855321971999798 7.858575697590339 7.8652606839645385
8035200.0 264.803245272 264.7433441539 264.651818391 264.5431308829 264.5503524684 264.7315262958 265.1468150061 13.99229621597358 10.279730046661115 10.277997104523001 7.856647891164917 7.856749718681042 7.859346664852212 7.865625500356373
8121600.0 265.110641655 264.9906959758 264.8511837043 264.7024199295 264.6565036324 264.7940233559 265.1747417946 13.99403702907938 10.284557007767669 10.281808198137155 7.858923881324118 7.85826130773221 7.860261845299238 7.866065074349222
8208000.0 265.9958937602 265.6959058444 265.3597839626 265.0083882445 264.8046588162 264.8732354235 265.2088525621 13.999669362093757 10.299601156726085 10.292178456334117 7.86347980516538 7.8604185994863105 7.8614365129520465 7.866605097609846
8294400.0 266.6130193539 266.2708264704 265.8540299279 265.3639123578 264.9936908702 264.9740298142 265.2511944638 14.004262534557943 10.313523567739601 10.303267397248243 7.869104049324513 7.863255169769328 7.8629556077543 7.867280244299621
8380800.0 267.0309519919 266.6921082183 266.2572773341 265.7005186225 265.2032634091 265.0940962483 265.3030700888 14.007764284873156 10.324872703559754 10.313175750591688 7.874792212739823 7.866516377349476 7.864801873733561 7.868114771683604
8467200.0 267.2877564106 266.9751330779 266.5578079937 265.9876235405 265.4129702459 265.2266324107 265.3643782072 14.010101144902379 10.333134169404754 10.321138032755432 7.87995425159483 7.869910115989968 7.866887946668731 7.869111668168218
8553600.0 266.9911102928 266.8268928782 266.5622536921 266.1235288832 265.5844241817 265.3575655189 265.4327822132 14.007415013453375 10.328738585130266 10.321259848752147 7.882506263137254 7.872787970516369 7.869000315878581 7.870237800265537
8640000.0 266.4738399399 266.4481478403 266.3521793991 266.1046715708 265.6925292987 265.4715738847 265.5039583833 14.003170705070714 10.318171330820292 10.31563355639586 7.882147801044649 7.874652802978247 7.870883035932641 7.871425418138756
8726400.0 266.3835336332 266.339178343 266.256282374 266.0762034022 265.7597522928 265.5648942082 265.5738443695 14.002480536316813 10.315293847745536 10.31315024918151 7.881609334617026 7.875832781729488 7.872455291498006 7.872607592944666
8812800.0 265.753379063 265.8570212757 265.9364859097 265.9356851892 265.774157158 265.6323013024 265.6386265612 13.998025228578047 10.30333788962757 10.305226369312718 7.8789978673771515 7.876087708622976 7.873608945589831 7.873717989013554
8899200.0 266.1632223541 266.0914987785 266.0200911178 265.9324915395 265.7905601271 265.6841995258 265.6969824132 14.000853836804744 10.309000682833972 10.307246887847823 7.878939393769153 7.876378898272049 7.874507688515958 7.8747304802578535
8985600.0 266.7856374422 266.5774742731 266.343975021 266.0861646226 265.8499482019 265.7378236243 265.7507747755 14.005666607283853 10.321677831682905 10.3154190694903 7.881797381461299 7.8774412843857124 7.8754461173887345 7.875674277032486
9072000.0 266.9394763362 266.7655848814 266.5381518885 266.2389802902 265.9352133826 265.7993762143 265.8026912092 14.006967422126104 10.326965137775476 10.32060089644083 7.88473246386927 7.878989226489001 7.876535802198171 7.876594872986803
9158400.0 266.8348399426 266.7307586139 266.5720744614 266.3215173622 266.0161867036 265.8644555971 265.8541361161 14.006077426056239 10.325968939980264 10.32152937939891 7.886358126496312 7.88048460950693 7.877702757741766 7.877516685787986
9244800.0 267.363325974 267.1306219877 266.8482151109 266.4906191474 266.1157123676 265.9360197051 265.9063991195 14.010818541588774 10.337916216159593 10.329361363676531 7.889781700348806 7.882357504445857 7.8790039943608035 7.8784630938125355
9331200.0 267.8019798431 267.5218099878 267.1688822429 266.713052754 266.2417205853 266.0184430237 265.9610923807 14.015281593221324 10.350802248968382 10.339121098449182 7.894486688588581 7.884785973903831 7.88052663899146 7.879464429323043
9417600.0 266.9290123026 266.9501128663 266.893839641 266.6857209733 266.319829235 266.0954769215 266.0170514778 14.00687740027694 10.33238134837016 10.330704528702304 7.893895635796953 7.886324585022117 7.881973534466842 7.8805007157109
9504000.0 266.8350592917 266.8167757212 266.7684531629 266.6336864735 266.3595989429 266.1588274244 266.0717873393 14.00607926837082 10.328444173055894 10.327047543819976 7.892780573299273 7.8871180572198964 7.883181113900054 7.881526094395431
9590400.0 267.1374328638 267.0189626682 266.8743462032 266.6743112793 266.4011282077 266.2140729228 266.124096699 14.008714886018572 10.334463909247734 10.33012887775224 7.893649996168896 7.887954032875342 7.884247535142954 7.882517079001342
9676800.0 267.7037392539 267.4658621869 267.1833929784 266.8389308909 266.4770544665 266.2734056319 266.1750783501 14.014234927906234 10.348878964613034 10.33958106297491 7.897257676559191 7.8895023320023965 7.8854069885448 7.88349350837111
9763200.0 269.179376796 268.6272110412 267.9943587088 267.2786565097 266.6453045581 266.3592456758 266.2292161827 14.033870379451017 10.395754725184085 10.36826227969901 7.907619599487005 7.893028392080205 7.88711097859816 7.884542054887375
9849600.0 269.453799086 269.017444328 268.4371692599 267.658821209 266.8564052396 266.4731468152 266.2905782127 14.038780709672112 10.415735428179412 10.38692590095246 7.917552712780213 7.8976488322030365 7.8894220092035585 7.885745342569301
9936000.0 269.4424357494 269.107435002 268.6280925958 267.9105653595 267.0588108086 266.602239264 266.3602553523 14.038566525803576 10.420744347887153 10.395796957754293 7.924710756988465 7.902300250402994 7.892113068312348 7.887131211532893
10022400.0 269.3929184694 269.1173312399 268.7120141777 268.0702301478 267.2320381751 266.7332219477 266.4367169921 14.037644659279636 10.421305271475301 10.399874176355992 7.929520831671706 7.906467174535144 7.894925243729113 7.888676527560807
10108800.0 269.0950234224 268.9225226192 268.6361769999 268.1227607337 267.3611954056 266.8543702303 266.516765525 14.032462974777255 10.410624422032093 10.396184827083012 7.931152702676872 7.909693669478563 7.897603196523291 7.890322582981363
10195200.0 269.3683314958 269.110550272 268.7591812126 268.2215505554 267.4757181299 266.965984478 266.5978301761 14.037193722000813 10.420920703073097 10.402216289619124 7.934291218079692 7.912645250019099 7.900138992625881 7.892019818414214
10281600.0 269.3382872168 269.1239274563 268.8091417593 268.3014634676 267.5781552585 267.0691922493 266.6783082848 14.036648680461175 10.42168028345952 10.404738166271816 7.936899115998792 7.915361252453551 7.9025449989658245 7.893735912225258
10368000.0 269.8760455911 269.5332838573 269.0930328077 268.4775227585 267.6972962101 267.1717427603 266.7582277072 14.04752073495765 10.446900711598087 10.419931653300596 7.94287632504314 7.918614869497109 7.9049964735830205 7.895471735264515
10454400.0 271.6974309476 270.9339154268 270.0472378106 268.9900074084 267.9128789965 267.2987473212 266.8415319345 14.122439721500612 10.580275341966923 10.485297873886791 7.962360773086809 7.92477890026261 7.908120448924443 7.897315703375672
10540800.0 272.0305793223 271.4073198988 270.5789058066 269.4438008382 268.1756235243 267.453874815 266.9322621272 14.15385659162342 10.658185018719571 10.536434460924754 7.982848231175303 7.9328206330339155 7.912075495843751 7.899365614267454
10627200.0 271.8925721296 271.4334717378 270.7620874679 269.7285267609 268.4223858966 267.6226215097 267.0313213938 14.139317622187358 10.663395752282645 10.557848934020251 7.997710854982614 7.940968957473963 7.916563402834752 7.901655018728479
10713600.0 270.4988124698 270.4705313022 270.2531071612 269.6472492535 268.5666028759 267.7738581021 267.1343804251 14.064079899980781 10.524800897319308 10.503440123977837 7.993285975474279 7.9460295089493655 7.920761919189524 7.904095993749903
10800000.0 270.3157379195 270.2078068789 270.0010631379 269.5333466274 268.6372880173 267.8951896799 267.2356559436 14.058644273341788 10.499287019643416 10.481472253410455 7.987334940874873 7.948596977839485 7.924259030448792 7.906555951890015
10886400.0 270.1952161224 270.0719530258 269.8651455691 269.4502856157 268.6726959943 267.9892333583 267.3309917588 14.055347346731972 10.487380429605775 10.470678124815102 7.983167733210721 7.949905630141082 7.927053121195716 7.908929445218429
10972800.0 269.5614220584 269.5813503235 269.5281578252 269.281756214 268.6655693993 268.0558993277 267.4174334326 14.040859884630166 10.450140304623815 10.446558994041817 7.9751242344588125 7.949641005017214 7.929079982951585 7.91113194158855
11059200.0 269.5711207178 269.5097605887 269.405638438 269.1702584409 268.644042799 268.1015624938 267.4937881972 14.041051886980632 10.445338458451968 10.438599133065129 7.97008279954576 7.948845451579579 7.930491144740298 7.913118824653227
11145600.0 269.9795939357 269.7856042033 269.5432643563 269.1930717215 268.6468620805 268.1398699803 267.561297865 14.04992887933349 10.464663486312675 10.447568108483106 7.971097145519648 7.94894932196208 7.931689676220829 7.914908986822253
11232000.0 270.3192448453 270.069327836 269.7471910846 269.295641777 268.6846230724 268.1820986153 267.6228056566 14.05874337475345 10.48715805020351 10.461833778760637 7.97576717736134 7.950349907815563 7.933026743619688 7.9165681598657125
11318400.0 271.3349544376 270.8569460473 270.2877569418 269.5802184192 268.7883783993 268.2429224151 267.682765443 14.098708884653053 10.569921627602746 10.506682360593743 7.989749721347725 7.954290441001273 7.93498249671423 7.918212160456684
11404800.0 271.8528154421 271.3630329785 270.7353741895 269.8972312463 268.9416477997 268.3276769849 267.745524638 14.13556959219593 10.649620184130159 10.554576712069094 8.007413125374873 7.960372974826729 7.937768506306746 7.919961819692603
11491200.0 271.6646471927 271.3366667744 270.8481094398 270.085459544 269.0926460611 268.4266160791 267.8129405023 14.119938302794155 10.644669084043395 10.5687659186234 8.019159279097021 7.966695507232937 7.941114122753218 7.921875203942292
11577600.0 272.1453273847 271.7044371133 271.1276925543 270.3009130542 269.2475167111 268.5349438101 267.8854038339 14.168181904407724 10.725351859238149 10.60887983126423 8.033991574765315 7.973553368323955 7.944898530824685 7.9239722440233
11664000.0 272.2976256944 271.8953289244 271.3375620446 270.5009648194 269.4029558456 268.6483973622 267.9615305192 14.191535844513915 10.780432041388966 10.644835446215714 8.049334667087587 7.980854704850833 7.9490059267087645 7.926221931339213
11750400.0 272.3818699389 272.0076013859 271.4792021567 270.6632609693 269.5512297509 268.765182112 268.0419899621 14.207369842897418 10.81901643847579 10.672796368661375 8.063103447472207 7.988250754101093 7.953397476204557 7.928653517776601
11836800.0 272.4142100057 272.0693548637 271.5735437104 270.7894025912 269.6853008207 268.8805798405 268.1256691351 14.214165265665876 10.842727377563184 10.693451263965606 8.074760306195289 7.995338397418015 7.957910633804999 7.9312434367494085
11923200.0 272.9767998348 272.4478213749 271.8194752269 270.9483050524 269.8140446681 268.9935378054 268.2108223568 14.556583007858084 11.049963276928478 10.757145108853745 8.090830549157944 8.002538090534154 7.962507157366892 7.933945513486266
12009600.0 273.2373826328 272.74370345 272.1020588303 271.16783957 269.9585249931 269.1072437302 268.2972068607 28.482707887490506 11.383316945743912 10.856114930607607 8.116098216863012 8.011125075411373 7.9673251425419975 7.936758210525263
12096000.0 273.2353600871 272.836297907 272.2486735405 271.3440430291 270.1107192438 269.2264664509 268.3852829632 26.463862503281398 11.574289331313405 10.924725229597643 8.139589219279054 8.020817136575285 7.972597613727299 7.939703508914534
12182400.0 273.2021808 272.8456835263 272.3144562148 271.4648616428 270.2494021686 269.3466488832 268.4753288882 17.658303373598127 11.598322006955154 10.961156629791347 8.157758614969644 8.030297319211666 7.978158645051603 7.942799368549469
12268800.0 272.9849998014 272.7543806831 272.308319008 271.5335089176 270.3638522078 269.4605254148 268.566413588 14.573044145484177 11.40189820453121 10.95758015342997 8.168967309230892 8.038642173975242 7.983673808888317 7.946022267771548
12355200.0 272.7657511432 272.571662618 272.216331264 271.5446174574 270.4515965987 269.5641281362 268.6565612245 14.337293906829656 11.158258662088475 10.908226490463614 8.170847586315606 8.045392062713836 7.988915355132363 7.949306941409902
12441600.0 272.6516558968 272.4601188873 272.1344865715 271.5264962118 270.5094176249 269.651284264 268.7427502714 14.283052926530816 11.059410515907276 10.870015398610112 8.167790144662707 8.050020653757072 7.993501899716503 7.952540099042418
12528000.0 272.5134487766 272.3421813289 272.0495067351 271.4968119783 270.5498625386 269.7256366325 268.8242526791 14.238187365855563 10.9778123086 10.834891703929276 8.162889580104897 8.053348586272188 7.99755069548623 7.955684922351851
12614400.0 272.6796465723 272.4271501118 272.0773336558 271.505481669 270.587619763 269.791040449 268.9007757857 14.294495535734631 11.03462349807506 10.8459376567206 8.164307290495582 8.056525392757734 8.001221513914597 7.958718673522318
12700800.0 273.2342759904 272.7701503881 272.2567275893 271.5687037457 270.6299384933 269.8527276326 268.9744857287 25.5904795972637 11.430744791341308 10.928970931846541 8.17499158119623 8.060169527014224 8.004782204312923 7.961718517263649
12787200.0 273.8443996166 272.9538009208 272.4370842754 271.6972573389 270.6975297756 269.9144666225 269.0438604564 28.841825890612125 11.98795446303822 11.041913154777045 8.198803919070537 8.066182121041386 8.008446194832766 7.964614570745921
12873600.0 273.8883429618 273.0544121174 272.5477394851 271.8082208374 270.7812319228 269.9828676592 269.1108721948 28.712306240368044 12.833887789955993 11.134790620412572 8.222019984656313 8.073977477292509 8.012628575313252 7.967481732057838
12960000.0 273.2555518995 273.0808276662 272.6129711344 271.8944482812 270.8646987888 270.0557972152 269.1774905658 28.641639398638887 13.267763500721538 11.202369933047478 8.242122217686129 8.082168592263644 8.01723798779501 7.970402863255429
13046400.0 274.2977885857 273.1035645572 272.6542020702 271.960051407 270.941891475 270.1291926064 269.244205423 28.580571679808703 13.76399476260024 11.251720614996035 8.258841007753283 8.09014890137946 8.022042422032502 7.973401960242019
13132800.0 273.4611141138 273.1362158561 272.6949699006 272.0156026979 271.0117700426 270.2006524949 269.3107184443 28.528521504381416 14.815749139171345 11.306891808829812 8.27410438598395 8.097738287891495 8.026889443295499 7.976468587400281
13219200.0 273.2371148806 273.1317652407 272.7206372121 272.0625741631 271.0756943349 270.2692226125 269.376516756 28.18033414200844 14.63885946609168 11.345541310646837 8.287901961120735 8.105010325275659 8.031707049921787 7.979580791120812
13305600.0 273.2339518936 273.1256040026 272.7355845149 272.1004330947 271.1340642931 270.3347553184 269.4412839659 25.351898971328836 14.414499965578534 11.369665534420486 8.299682531062661 8.111946866251722 8.036472885826733 7.982723841619065
13392000.0 273.2304573642 273.1204561324 272.7453270646 272.1301570762 271.1855537416 270.3959573488 269.5042449342 23.27755499685105 14.243117589319091 11.386095539226453 8.30938243831794 8.118317661126186 8.041074754232435 7.9858582634494955
13478400.0 273.2251274512 273.1133299969 272.7518082887 272.1545599032 271.2311802631 270.452668354 269.5648896962 21.23400482418044 14.026809071953327 11.397354084661181 8.317664713772976 8.124173518110636 8.045476381807559 7.988954226100976
13564800.0 273.2149921691 273.1036745214 272.7555596365 272.1753888619 271.2727478671 270.5059361487 269.6234900531 19.071354973999785 13.76676237598914 11.40399548489005 8.324975827445709 8.129691069015607 8.049737594362027 7.992020509091314
13651200.0 273.1970774186 273.0920496262 272.756740249 272.1930310864 271.3107053459 270.5559779651 269.679995342 17.287728358673522 13.495146924381674 11.406105050078734 8.331351991483357 8.13489003923681 8.053858349010683 7.995049586493027
13737600.0 273.1701495111 273.0764114814 272.7547037867 272.2074976562 271.3453381776 270.6029860849 269.7343949088 16.123484402281587 13.186203724636657 11.402472061941701 8.336711905582074 8.139774372316515 8.057838117480218 7.998035705776811
13824000.0 273.1274377007 273.0472417141 272.7453358239 272.2174053809 271.3765344291 270.6470484875 269.7866919046 15.334181157316197 12.735548997966978 11.386110574498447 8.340453646839332 8.144294540004916 8.061668665917905 8.000973666030944
13910400.0 273.0612402257 272.9889159897 272.7193400006 272.2188069538 271.4033613313 270.687996297 269.836861714 14.822157197283618 12.19173406113136 11.343506420755975 8.340987723151484 8.148276941521086 8.065319180917854 8.003856504855372
13996800.0 272.9814281229 272.9011542299 272.6701090481 272.2071493848 271.4241719933 270.7253244564 269.8848068718 14.565725328834024 11.766749109148854 11.27241941966602 8.336581439354621 8.151429244321726 8.068726329984008 8.00667266106724
14083200.0 272.9163877447 272.8182295208 272.6104057993 272.1842182821 271.4381647492 270.7585005016 269.9303639071 14.463598057448658 11.53089605600195 11.199485555850355 8.328145326970326 8.15358066976988 8.07182043755176 8.00940595495626
14169600.0 272.8746762709 272.7596962794 272.557849922 272.1572948575 271.4463761181 270.7874087691 269.9733764875 14.418292111272969 11.41142843280512 11.144537134169644 8.318611714262733 8.154855370432792 8.074568879117875 8.01203975100698
14256000.0 272.9422235846 272.7747272169 272.545032095 272.1421330277 271.4529402903 270.8129269285 270.0138397089 14.498331229718286 11.439451488601438 11.13222176391001 8.313409902798137 8.155880936545824 8.07703677991857 8.014566176043443
14342400.0 274.3300774875 272.9599536567 272.6066480514 272.1465012828 271.4602804688 270.8368794438 270.0528958524 28.949255067191533 12.019579957998499 11.195296973824234 8.314896634085345 8.157034731625023 8.079389866297488 8.01705101872648
14428800.0 274.5550864101 273.1046368999 272.7140291635 272.1978583291 271.4783308797 270.8602173581 270.0896059612 28.678595957554844 13.791159251293028 11.335269319318428 8.333127073776524 8.15990393313997 8.081717586126656 8.019429339283613
14515200.0 275.1812405392 273.2224721859 272.7946585133 272.2572211518 271.5099085987 270.8869858014 270.1247510331 28.601505090716316 28.843752830859547 11.47928564315474 8.356105958729179 8.16503548512267 8.084431164642668 8.021746244029748
14601600.0 275.6986032055 273.6905796189 272.867888944 272.3142261038 271.5483163666 270.9181115638 270.1594535144 28.542779570706983 44.32815321458137 11.659825541796632 8.380410607970418 8.171477965463797 8.087646925815053 8.024073470480733
14688000.0 274.8662633308 273.6980563476 272.9252800396 272.3688612404 271.5901007377 270.952838133 270.194521056 28.487761489375345 43.29960051523344 11.858551764748123 8.40612941741009 8.17875216813593 8.091314112418987 8.026466216551269
14774400.0 275.3141437296 273.8352312144 272.9748045372 272.4164605112 271.6322992001 270.9896328805 270.2301817097 28.435205599309242 43.18051368306926 12.102582546620692 8.430812058202035 8.186397687347464 8.095294660073948 8.028942997320001
14860800.0 276.5142721975 274.6848773886 273.0333395472 272.4637452093 271.6741266945 271.0276138256 270.2664796349 28.383527576002276 42.8006933255967 12.569930380530874 8.45780161692757 8.194293526160575 8.09951036835965 8.031510535534652
14947200.0 276.7554778819 274.896048508 273.0847903914 272.5081838889 271.7156330364 271.0661592872 270.303232204 28.331309239254008 42.48250002013586 13.344592358238991 8.485806792322865 8.202463703454164 8.103904666473692 8.034159531360169
15033600.0 276.0368353035 274.7379213975 273.171780817 272.5577545163 271.7572686964 271.105047526 270.3403341245 28.279320538191303 42.282045770281485 16.93449298633992 8.520648737273866 8.211019272423023 8.108461891505861 8.036885648627113
15120000.0 276.6991732133 275.2330654939 273.2159604472 272.6047052217 271.7996377753 271.1443768422 270.3776874068 28.22894728370648 42.075290260260225 25.43956433964269 8.557886238762386 8.220123866857787 8.11320339227329 8.039684697606232
15206400.0 277.0373462965 275.4837618226 273.2296093011 272.6431699689 271.8405388872 271.183742074 270.415190129 28.17855994278123 41.87466247743816 34.7278799928249 8.59212827378861 8.229324013075635 8.118089313529998 8.042551775335758
15292800.0 277.3593209779 275.6994702535 273.2359484365 272.6862192365 271.8803424491 271.2227698417 270.4527245728 28.128326856881102 41.69307033006577 43.49332714646419 8.635334964389997 8.238695772172832 8.123078664150691 8.04548025332799
15379200.0 276.0077477915 275.1272391067 273.6823835098 272.7343067301 271.9210039818 271.2616761507 270.4902159565 28.07808832441098 41.53104977555809 45.69757921371471 8.691230083661871 8.248730326676183 8.128203865375582 8.048466324821991
15465600.0 277.1894811049 275.8106620314 273.9387733242 272.7727286368 271.9610643784 271.3005002232 270.5276269963 28.030242815956523 41.3755712708213 45.08064112880764 8.743279460828997 8.259109831935376 8.133476725069338 8.051508866095721
15552000.0 278.8443336784 276.9232452013 274.302676779 272.8024319116 271.9985413107 271.3387362168 270.5648948221 27.982625290452813 41.2224234997837 45.055296919928516 8.789230689084194 8.26930058648071 8.138832614182807 8.05460443514492
15638400.0 278.8326095462 277.0924261758 274.4439350608 272.8427766392 272.0347256346 271.3760909336 270.6018995203 27.931896942359263 41.07245101357107 45.15834685009699 8.861888063643555 8.27961757996578 8.144229455267032 8.057744324813203
15724800.0 276.2328866463 275.5548185303 274.047693592 272.8921238762 272.0726310267 271.4131315603 270.6385899438 27.88066593386748 40.930807288138965 45.09863183639089 8.972710232216063 8.29097140734727 8.14974991633242 8.060925023863954
15811200.0 277.1207258872 275.9789846906 274.3581824351 272.9356880611 272.1113056757 271.450307952 270.6750014009 27.834614729695762 40.79831208520894 44.88474483845723 9.100465019934974 8.303182843009866 8.155468962875958 8.064150399107024
15897600.0 276.6630592176 275.807003252 274.4618692872 272.9643171315 272.1475881508 271.4869856954 270.7111569111 27.788559081211613 40.67086702851762 44.651213418825364 9.207609870537956 8.315268039912224 8.161296005756558 8.067423484288732
15984000.0 277.8307657612 276.5504461844 274.7993856893 272.9841591391 272.1804323222 271.5225325794 270.7469410399 27.7435557607213 40.546481174195684 44.442296906680376 9.297434364952458 8.326781040062839 8.167128131828157 8.070734572630773
16070400.0 279.7979095528 277.9118688761 275.4312691447 273.0033771959 272.2107270164 271.5569187818 270.7823303197 27.699548844744157 40.42382466195693 44.25989648608354 9.401070258936102 8.337925072504662 8.172952397162433 8.074081823156888
16156800.0 279.0462712799 277.695193198 275.5058708367 273.0409227037 272.240402056 271.5900359116 270.817136807 27.650284499590477 40.30193999074047 44.109667291689476 9.676631648054752 8.349370215702608 8.178740659395215 8.077447109752907
16243200.0 274.6717185818 274.881328779 274.3467065045 273.0839582433 272.2720016923 271.6226507757 270.8513526509 27.603724496488827 40.187798425414535 43.97772855622689 10.190240983762056 8.36218250646618 8.184622003468718 8.080828652452034
16329600.0 277.4095088832 276.0674153757 274.5418866405 273.1131294836 272.3036175466 271.6550718891 270.8850656771 27.562710522956674 40.080593622797 43.85331682598623 10.719994542856028 8.375704392050906 8.190655910772673 8.084234301265456
16416000.0 278.5285145675 277.0843846647 275.1114579888 273.1419274649 272.3341154532 271.6870894276 270.9183288915 27.520437471280644 39.974072745814894 43.72869043636671 11.517161047656257 8.3894772090541 8.196808191209472 8.087668987704618
16502400.0 279.9689435995 278.277580918 276.0480885101 273.1902496627 272.3646625369 271.7186726744 270.9511562667 27.478182486287416 39.868692592362095 43.596232785268604 14.52806672833266 8.404059298475401 8.203075795722215 8.091133913266994
16588800.0 281.7243819878 279.6919391658 276.9836563444 273.2144849499 272.3939303733 271.7497596767 270.983548756 27.435874557854174 39.76413304976141 43.45701280027319 18.984663424884616 8.418841942317702 8.209448437389604 8.094628950049064
16675200.0 280.146986301 278.9058517162 276.8135154772 273.2250729682 272.4201410796 271.7797286786 271.0153962343 27.386552152814854 39.65884741496347 43.3157109336209 23.433388291586386 8.432819393905392 8.215793671202976 8.098141552828315
16761600.0 281.1986226773 279.5061550587 277.0880194814 273.2312515979 272.4465182186 271.8089283348 271.0467224928 27.343875443644123 39.55877860506523 43.17840001411121 27.97636709248933 8.44765767266406 8.222177082822109 8.101673308869712
16848000.0 281.695172409 279.9421566892 277.3826556562 273.2353410449 272.4759386662 271.838032459 271.0776511782 27.299949904658444 39.45977218939724 43.04426769308134 32.456597136877555 8.465212692835346 8.228748023985759 8.105237600922472
16934400.0 282.3994010312 280.4865628747 277.7267414062 273.2382559717 272.5117314249 271.8682334709 271.108269046 27.256599023959104 39.362747956098346 42.91465067986407 36.603622245054545 8.488166194491697 8.235799092023957 8.108844622414379
17020800.0 282.8713439133 280.9512673249 278.1820214449 274.1107588995 272.5504743454 271.8999977177 271.1388502297 27.212550129197883 39.26706131980311 42.78860014283724 38.467780489934306 8.515265414361831 8.243485915897837 8.11252827950354
17107200.0 282.20250208 280.7555608951 278.466955337 274.6274369252 272.5871067878 271.9326468314 271.1695657027 27.16568847308108 39.1712329772319 42.662549458590725 37.76266053988868 8.543389949728809 8.251694682917835 8.116312670304513
17193600.0 282.7846782654 281.1365405804 278.7306118595 274.7797025932 272.6159192937 271.9641662559 271.2003132116 27.12342623799105 39.0796112443217 42.53889255486423 37.46564450462119 8.56749060898727 8.259935130094426 8.120189186311324
17280000.0 282.5884689529 281.0866789389 278.7900337569 274.863459118 272.6407456384 271.9939356305 271.2307574526 27.079678245819252 38.98894808614436 42.41702174322445 37.29038528848421 8.589857493651799 8.268021864296351 8.124117821136926
17366400.0 283.1133836546 281.4487012523 279.0112185574 274.963272445 272.6675589794 272.022764628 271.2607810908 27.038384446757195 38.901165993241534 42.29788964313891 37.169741047884024 8.61590523393759 8.276152942505293 8.128083734557794
17452800.0 282.3123659135 280.9808428375 278.8332549106 274.9804536814 272.7029336174 272.0524696035 271.2905336408 26.99438859519411 38.81361594443858 42.18049158766401 37.05817465819155 8.653749341363303 8.284860053450913 8.132107115531971
17539200.0 279.4591479162 278.9868977357 277.7438802344 274.7585195034 272.7426850227 272.083669389 271.3202541488 26.949415407169905 38.72796115441864 42.06545914985994 36.92688875929007 8.701956409100964 8.294389693843408 8.136222603495499
17625600.0 278.560919616 278.0308092146 276.9657069047 274.5220649632 272.7799912268 272.1155134662 271.3500476864 26.911796577363965 38.649775303091644 41.956197420356474 36.768973541578205 8.754007772107883 8.304552111479268 8.140448901110766
17712000.0 280.9768886715 279.4614278886 277.5237114436 274.5863591794 272.8129249433 272.1469521796 271.3798508691 26.879510518144045 38.575983067976786 41.851757949355964 36.58623313584652 8.806880531505804 8.3150506426474 8.144781630036311
17798400.0 276.5619281953 276.7155310058 276.2353483012 274.4300353492 272.8412601246 272.177209394 271.409494115 26.839076984465663 38.50026444042124 41.74825519017822 36.38866391318456 8.858904845962565 8.325625852472582 8.149199746613926
17884800.0 277.7328740345 277.0755334847 276.1626316711 274.5450633742 272.8653293434 272.2058253466 271.4387719717 26.806626633723823 38.43099767293971 41.649432967992794 36.19193069020634 8.908995023436747 8.336086091679908 8.15367429903184
17971200.0 279.1729323558 278.0942502364 276.718734841 274.7676877827 272.8848080769 272.2324562722 271.4674760122 26.77460971575009 38.362503460409016 41.55281008959835 36.007125650575546 8.954370192239367 8.34625193665466 8.158172733261104
18057600.0 280.4540877056 279.1529906023 277.4543565147 275.0836297338 272.9006157416 272.256998084 271.4954272322 26.742146604363516 38.2940358817037 41.45750792065913 35.83727233607419 8.994990537821675 8.356015395362846 8.162663896011567
18144000.0 281.1363090409 279.8351098208 278.0397654201 275.3904157922 272.9135998547 272.2795189039 271.5224940892 26.70822579186701 38.22503750212387 41.36301344305162 35.682348523716875 9.031323210291703 8.36533147782282 8.167121481179892
18230400.0 279.0712544166 278.5916660223 277.5438281116 275.3632740493 272.9245135999 272.3001888191 271.5485965592 26.670238996076236 38.1545235942434 41.26861582768508 35.540814450050526 9.064230719310812 8.37420198219846 8.171525602211446
18316800.0 277.491897364 277.323854214 276.7355534222 275.1022678556 272.9341285927 272.3192476747 271.5737035994 26.636577989719697 38.08814716289182 41.177222456142786 35.41161966960032 9.095241867318235 8.382669302148825 8.175863369599357
18403200.0 280.455217099 279.093287514 277.474873844 275.2260642494 272.9433496274 272.3370040309 271.5978302146 26.608738333884094 38.02589144350199 41.08984856043976 35.2944156753347 9.126968852881571 8.390821246425833 8.180129367661694
18489600.0 279.4197566317 278.6761884206 277.4418317832 275.2805485558 272.953181166 272.3538341693 271.621035392 26.574273882165905 37.96102213407503 41.002834504628936 35.18691038874313 9.163193810344062 8.398795410166862 8.184326234344868
18576000.0 281.197570786 279.8383477956 278.0727306721 275.4979224037 272.9652007975 272.3702442226 271.6434277069 26.54511370235588 37.89921219046165 40.918189475460316 35.08813614272742 9.211303313490689 8.406814895046372 8.188466633819482
18662400.0 281.7797331852 280.4472050966 278.5831988838 275.7499488285 272.9817568722 272.386944983 271.6651507899 26.513162173367792 37.836372019979706 40.83431883879826 34.99580779261771 9.285729838351182 8.415237507717526 8.19257137934277
18748800.0 278.5815801495 278.4104505248 277.6279522459 275.5598000558 273.0032658831 272.4045618051 271.6864558116 26.47563525597396 37.77083228317061 40.74973556600983 34.90700659280505 9.400412664446517 8.424423509271223 8.196684507768953
18835200.0 279.4767620431 278.6776194366 277.5248354877 275.4469371747 273.0283713961 272.4233785279 271.7075572709 26.446642207264382 37.71168714375193 40.66931218030849 34.82152501118203 9.57057056409527 8.434597503473288 8.200846785910676
18921600.0 278.3355965709 277.9136956133 277.0733337017 275.2712255764 273.053708367 272.4431425799 271.7286008007 26.41549207461174 37.65266073673681 40.59061347545695 34.73801757726568 9.804700523873601 8.445713033373853 8.205088525815318
19008000.0 279.2580628988 278.3971087291 277.2090251747 275.2479030679 273.0783134136 272.4634634829 271.7496531929 26.387615881460565 37.59632036686304 40.5145814766447 34.65608439987101 10.108175712953935 8.457632696236592 8.209426251545446
19094400.0 278.3863491433 277.8712088876 276.9529529432 275.167735014 273.1009699482 272.4838899803 271.7707086341 26.357670385173005 37.53975823093257 40.43972681757901 34.57472637382122 10.474427163787233 8.47015337914321 8.213862401796439
19180800.0 277.4797553001 277.1625997774 276.4960807152 274.995575672 273.1201179009 272.503907955 271.7916977716 26.32909095748594 37.48496329137679 40.36673319448715 34.49353183975482 10.88153302507421 8.482988513145438 8.218385651418737
19267200.0 278.6997632115 277.8553719786 276.746053515 275.0070724697 273.1360008975 272.5231431824 271.8125156158 26.302915673342383 37.432216619909006 40.29602319430021 34.41273031732805 11.320828928862822 8.495889722721827 8.222975525326875
19353600.0 280.1654867694 278.9594164416 277.4108944014 275.2280314545 273.1494632002 272.5414162929 271.8330530884 26.277062016540825 37.379926925578644 40.22664482108012 34.332196677686284 11.799552148375252 8.508701210252271 8.227608566549057
19440000.0 279.6905775794 278.8440125509 277.532565473 275.3607276897 273.155105556 272.5581328575 271.8531629062 26.247777666811743 37.32608039290843 40.157352150376774 34.251853055529594 12.039752459572696 8.520931181917005 8.232250117039802
19526400.0 281.5997850254 280.1541614984 278.2942115639 275.6512165841 273.1481622407 272.572317861 271.8726214664 26.222990267726097 37.27479175287165 40.08981450017684 34.17323969328582 11.747847691042022 8.531717819277015 8.236844073236291
19612800.0 281.5506887906 280.3791585001 278.6627584979 275.9866814195 273.1533597378 272.585099346 271.8913369922 26.193669688274273 37.221270521855416 40.02202474092906 34.09617303291538 11.96248610882011 8.541779050932469 8.241361563828598
19699200.0 281.2378778401 280.2686673827 278.7723644747 276.2918599989 273.1709135047 272.597844403 271.9093932895 26.16416804305707 37.16764053087834 39.95431723299347 34.020505377629306 12.891068164183588 8.5521533854839 8.245815332349117
19785600.0 282.3074699864 281.0249466732 279.2716818805 276.629540971 273.1863818826 272.6106311752 271.9269046888 26.138020855506877 37.116342827097455 39.8881183923133 33.947041890390274 14.122971519110466 8.562924681785812 8.250227462212465
19872000.0 279.462681708 279.2448890924 278.4635834753 276.5226893177 273.1972622525 272.6230850435 271.9439355372 26.10451760013221 37.06087225821333 39.8202002200571 33.87510019565289 15.409626080992693 8.573785793942525 8.254609283157492
19958400.0 280.6468144628 279.7625728714 278.5456831878 276.4996741579 273.2050525253 272.6349227578 271.9605002631 26.08000221222003 37.011742161651576 39.75582367543151 33.80595493976536 16.70024567676201 8.584468303764343 8.25896008410079
20044800.0 278.6923630019 278.4926077351 277.8648687403 276.2673837313 273.2105795645 272.646010629 271.9765867997 26.050870749430093 36.96072144476116 39.691550683268545 33.7390185623061 17.912293920042 8.594809589482368 8.263272129889653
20131200.0 278.5392976514 278.1574983894 277.4865222707 276.033814794 273.2145890567 272.6563320935 271.9921776508 26.02583162497387 36.913116673867975 39.629730490558465 33.6747050000275 19.01630750396892 8.604743839411679 8.267535768186635
20217600.0 279.1881714896 278.5072668631 277.5578436852 275.9561764401 273.2177178413 272.665942604 272.0072622389 26.002078322187824 36.86711363145967 39.56991304182408 33.613145495140614 20.05660379047364 8.614274671773769 8.271742763984413
20304000.0 279.1726012063 278.5376051839 277.5802083928 275.9344649559 273.2203045851 272.6749322023 272.0218415868 25.97744442119147 36.82111701195272 39.51101342147195 33.5539661036432 21.069985595930397 8.623447191428161 8.275887839313826
20390400.0 277.0561898162 277.0944461199 276.7853943954 275.6577568384 273.2223302487 272.6833949513 272.0359277026 25.951652813382076 36.77498293008403 39.45249512260525 33.4965553739103 21.984278742435855 8.632320410637863 8.279968818466392
20476800.0 278.3333145632 277.7034385288 276.894975153 275.5662149783 273.2239975831 272.6914254637 272.0495415924 25.9296917922039 36.73197820253518 39.3964455356585 33.44153152355388 22.832817086036485 8.640963882900037 8.283986343904422
20563200.0 276.5699318095 276.5701397111 276.2823338717 275.3228653739 273.2253248357 272.6991052653 272.062710177 25.905740921329528 36.68855229761303 39.34096985979569 33.388280899422085 23.580679989200483 8.649442415809677 8.287943192795845
20649600.0 275.6668928127 275.7437209565 275.64576496 274.9940446119 273.2263140476 272.7064894241 272.0754623656 25.88409784444412 36.647428793269334 39.28730932067042 33.33687238041017 24.185448880792286 8.657798915581061 8.291843231256784
20736000.0 277.014507025 276.4831317035 275.8576119062 274.9169570171 273.2271258244 272.7136238455 272.0878270884 25.86304270945533 36.60711098784872 39.23516308541352 33.28756600333306 24.715190217801442 8.666071066515636 8.295690855578368
20822400.0 276.5736597776 276.2802106756 275.7834846682 274.8627432883 273.22783614 272.7205513752 272.0998326577 25.8413186753722 36.56687201314464 39.183689226292884 33.239947844876376 25.2055744847911 8.674297474669158 8.299490793761604
20908800.0 276.9582545743 276.5088681638 275.8834052223 274.8721968235 273.2285017799 272.7273181894 272.1115070849 25.820196536556065 36.527211860077024 39.13303564104724 33.19392758658487 25.689558480212245 8.682525213814888 8.303248196624088
20995200.0 277.0891398648 276.6351390646 275.9779551124 274.9101279273 273.2291542042 272.7339767743 272.1228788127 25.799011052989915 36.48781181857851 39.083022201733996 33.14935672227535 26.188463250842435 8.690814223767397 8.306968875841703
21081600.0 276.2141564596 276.0628272671 275.6888921728 274.8295991339 273.2297552872 272.7405683518 272.1339759636 25.777815365174444 36.448876866826645 39.0336450570311 33.10599664938556 26.670990422181102 8.699215843927195 8.310659068934106
21168000.0 276.0968576599 275.8828656072 275.5101789469 274.7304173824 273.2302881502 272.7471168325 272.1448248259 25.75746367785443 36.41091361499275 38.98526620801345 33.06387598083268 27.11819517020089 8.707763478603896 8.314324921067481
21254400.0 273.9192865358 274.3938673073 274.6900532714 274.4468376338 273.2307308291 272.7536015686 272.1554860385 25.67313220539159 36.37436450831403 38.93775432218355 33.02250709712829 27.504325163499715 8.716433331572112 8.317984963392702
21340800.0 273.3968620035 273.65358053 273.9360581944 274.0063559919 273.231018382 272.7600130594 272.1659494469 24.086065621307167 36.339532485151125 38.89196237677655 32.98211628089501 27.762537520101873 8.725214483262333 8.321634102894965
21427200.0 273.2271517581 273.3995011371 273.5901535094 273.6809945261 273.2310743608 272.7662668466 272.1761932998 21.89760711941835 36.303532793290756 38.847557282989925 32.94313729833566 27.813498117336334 8.73398830999344 8.325262831615238
21513600.0 273.2082466511 273.2985419849 273.4115164385 273.4834336091 273.2309582389 272.7722104416 272.1862140874 18.218109678888325 36.23702036652052 38.804080519294544 32.90545643987424 27.708039552271455 8.742525690189225 8.328867719983043
21600000.0 273.1934551168 273.2593307753 273.3282889217 273.3776235344 273.2307287797 272.7776853943 272.1959579894 17.065725852299476 36.10238035592405 38.76127957106822 32.86911371450293 27.502505985322173 8.75056799881987 8.33242668844052
21686400.0 273.1701685069 273.2417852416 273.2826800488 273.3145056857 273.2304447626 272.7827486542 272.2054466231 16.12402597597974 35.91312391427884 38.71871903189046 32.83377447119452 27.253252299880405 8.758163181697212 8.335944593450096
21772800.0 273.2330854345 273.2334556064 273.2533073978 273.2704900684 273.2301318179 272.7875582527 272.2147645414 24.758373625113528 35.70192408716441 38.67623107951762 32.79898349059783 26.985039325563864 8.7655230266787 8.339450568105491
21859200.0 276.378879315 275.2935724351 274.2483890564 273.5054111823 273.2298206127 272.7919576407 272.2237870487 27.788980537960963 35.527206479340826 38.63246437239386 32.76523173440535 26.72481079334718 8.77238308136965 8.342895095014027
21945600.0 277.5640121753 276.5896129643 275.3921516329 274.0976553806 273.2297387969 272.7960419571 272.2325177549 27.630922917720163 35.404637281814594 38.58780284647065 32.73263115887427 26.65744773293009 8.778864642685665 8.346275911391931
22032000.0 276.1687170628 275.9032077229 275.3386919049 274.350349825 273.2299577559 272.7999622229 272.2409344198 27.533054419676564 35.32475384368172 38.54179004405455 32.70102894071256 26.83870357145942 8.7851910108488 8.349580582048155
22118400.0 274.5416029601 274.7239604977 274.7106592358 274.2426469306 273.2302102832 272.8038354236 272.2491123016 27.453641798480017 35.26859570260376 38.495654094065635 32.66995140099849 27.051666109554247 8.791545433563417 8.352835237965186
22204800.0 275.1457388047 274.9380293528 274.6704986509 274.1757749881 273.2304427812 272.8076924636 272.2570796233 27.379858830178765 35.22699183489298 38.44929639856554 32.63957933964009 27.25153301877576 8.797978959964464 8.356048495605071
22291200.0 275.2627794495 275.0328211026 274.7054667581 274.1605836069 273.2306606889 272.8115451557 272.2648603666 27.310503039882306 35.19647775439696 38.40265344153018 32.60990087584851 27.442234979285224 8.804513423141447 8.359227796274736
22377600.0 274.7671495502 274.7048917584 274.5290243547 274.0947130394 273.2308497141 272.8153909281 272.2724740675 27.245755591832424 35.172756456550005 38.35608605524264 32.580832414964114 27.610361198604036 8.811147059306531 8.362379206816737
22464000.0 273.9099432467 274.0568935526 274.1186554762 273.9236034807 273.2309672445 272.8192066004 272.2799349754 27.18603469014473 35.1545605428341 38.31008751190524 32.5523238255312 27.716182950158043 8.817841432372772 8.365506947838607
22550400.0 273.4782994084 273.6345377125 273.764318555 273.7235677154 273.2309876658 272.8229519076 272.2872513637 27.12963708496658 35.140381030596465 38.26471979312487 32.524391285096385 27.73467142024532 8.824524623581176 8.368612960563086
22636800.0 273.9676773298 273.8733965707 273.7858245177 273.6407956856 273.2309437895 272.8265907959 272.2944264602 27.073857115753484 35.128558515791056 38.21938352103912 32.497032993351546 27.694985187702834 8.831127492189646 8.371697151986625
22723200.0 274.450164449 274.2270182988 273.9746374187 273.6703682541 273.230889444 272.8301065475 272.3014607546 27.019455006529085 35.11904963725224 38.174095517562414 32.47021641564854 27.646021950628672 8.837612383368148 8.374758272453281
22809600.0 275.1667140322 274.7795962195 274.3287199442 273.806349215 273.2308838742 272.8335071747 272.3083547471 26.96594872410404 35.111350746613454 38.128803393628665 32.44391871773807 27.64101580238276 8.84398624605934 8.377795061668278
22896000.0 276.1408706625 275.5559845716 274.8612536968 274.0512369145 273.2309881991 272.8368257559 272.3151114621 26.913154479059962 35.105209145465885 38.08349994655187 32.418131072516324 27.735154602924865 8.850304976565576 8.380807377664295
22982400.0 275.3903825922 275.1977951227 274.8206651558 274.1488396507 273.2311658488 272.8395503831 272.3216994515 26.862644342424677 35.09993304364671 38.03883701470667 32.39277857304103 27.89727768264673 8.855567464562228 8.383779475331336
23068800.0 274.3405875386 274.4401959788 274.4046859956 274.0471276209 273.2313289568 272.8416163641 272.3280764931 26.815801638878575 35.095346045132736 37.99526069045339 32.36781354343912 28.048175649816844 8.859603669041856 8.386689977467528
23155200.0 273.9483435403 274.0377763689 274.0713011248 273.8843526579 273.2314257549 272.8433283206 272.3342230366 26.771072761821028 35.09103190385808 37.95277991377437 32.34330678510755 28.138665887099272 8.862978726855486 8.389527140404953
23241600.0 273.3817772075 273.5370355463 273.6826711189 273.6800756317 273.2314562648 272.8448778377 272.3401936347 26.30072126680423 35.08696950426735 37.91122964433997 32.319164454615695 28.16733365131459 8.86605771222982 8.392313598414157
23328000.0 274.1789002306 273.8867528886 273.6647712918 273.5289733571 273.2313991606 272.8463130747 272.3459664056 26.225963630162298 35.081782326260054 37.8702314486122 32.29545961416982 28.113733206361598 8.868930366678919 8.395036844927482
23414400.0 274.8654615506 274.4955833199 274.0756334409 273.6423567645 273.2312960069 272.847700929 272.3514963721 26.527075843039572 35.07559316469598 37.82951065489228 32.272380589130016 28.017531533471775 8.871727389251994 8.397672873262096
23500800.0 275.9562295873 275.3600420728 274.6705200028 273.9132855868 273.2313069167 272.8491030673 272.3568123658 26.572802264899785 35.06888420691305 37.789149089616195 32.25002005478668 28.027669719258338 8.874572597337758 8.400232544816033
23587200.0 275.5049199949 275.2252104438 274.7714987056 274.0706426929 273.2314148992 272.8505305821 272.3619768149 26.56243687544729 35.06185730656321 37.749606521518025 32.22820621899665 28.12848240034578 8.877489562548176 8.402743720585125
23673600.0 273.4793249624 273.8284886135 274.0826847929 273.9518600401 273.2315374156 272.8519767725 272.3670358722 25.881630064274656 35.05518014772475 37.71119552710167 32.206700559782 28.243927863557563 8.88046578406918 8.405227420097408
23760000.0 273.2265347733 273.4049453265 273.6028187559 273.6722976027 273.2315871605 272.85345338 272.3719727305 21.683168310694832 35.04667776375514 37.67414093933564 32.185635281184354 28.291127323335978 8.883526775783345 8.407674171458128
23846400.0 273.134208852 273.2850076767 273.4034647723 273.4760815368 273.2315094735 272.8549637999 272.3767950738 15.420044628613534 35.0085646041598 37.63801735225589 32.16511270568439 28.2174969304261 8.886681326134799 8.410086492831187
23932800.0 273.1691535964 273.2537596772 273.3216420367 273.3715765138 273.2313265439 272.8565119931 272.3815048857 16.09545140866792 34.89778481098805 37.602750155659265 32.14525029933087 28.04592630172057 8.889939711270195 8.412464149425217
24019200.0 273.2297352137 273.2370677321 273.2708887256 273.2994521353 273.2311044049 272.8580716855 272.3861551201 22.937652430163574 34.76240370433705 37.56783581817705 32.12570244053059 27.840939230823214 8.893248165973747 8.41483301970967
24105600.0 273.5878380585 273.4090870787 273.3377981218 273.2909582074 273.2308385491 272.8596604594 272.3907139851 27.997194171887127 34.63953036363072 37.53333442896235 32.10680335664521 27.600355573354083 8.89664536001768 8.417176192006163
24192000.0 273.5278442981 273.4701784316 273.3979323064 273.3158977821 273.2305698007 272.8612732081 272.3951903362 27.83629255108819 34.55852043785578 37.49912875889957 32.08861615214208 27.362287676668966 8.900122120791288 8.419497337031697
24278400.0 273.2291834592 273.2675086013 273.3028926496 273.3030069205 273.230298187 272.8628949198 272.3996197032 22.693828758996666 34.49367840825178 37.4652558788218 32.07079803726481 27.126795296671098 8.903647355810138 8.421814294239375
24364800.0 272.5052714206 273.2307400422 273.2524616344 273.2673659961 273.2300121979 272.8645369697 272.4039852913 14.235998544077969 34.36517726635552 37.43155448309795 32.05407899867721 26.884251745075144 8.907247006430591 8.424117815309703
24451200.0 271.8432590123 273.2197908879 273.2375379062 273.2489795304 273.2297117728 272.8661913129 272.4082915876 14.134694474540122 27.278269726121685 37.397809293591216 32.039939032586865 26.63528564684211 8.910904781901825 8.426409713901482
24537600.0 271.4705228821 272.8045109131 273.2333907775 273.2426568368 273.2294051785 272.8678504534 272.4125415521 14.106672305488287 11.500222543090224 37.35890403843317 32.028257806572114 26.387181388936998 8.914605048188339 8.428691055900012
24624000.0 271.6928162582 272.716443615 273.2317976181 273.2405778831 273.2290926149 272.8695112102 272.4167371299 14.12208247725479 11.33899558470484 37.266859586987586 32.018778087891015 26.14027727006535 8.918341364769423 8.430962403212403
24710400.0 272.0834454107 272.69486623 273.2315105519 273.2398235907 273.2287741831 272.8711712359 272.4208782411 14.160166598011433 11.306742288038768 36.90795836980849 32.011324800930524 25.894811007899843 8.922108955262432 8.433223237083519
24796800.0 272.4027798696 272.8007978582 273.2309176306 273.2393857681 273.2284498708 272.8728276934 272.4249659378 14.211712744199438 11.492229326975389 36.192352380456384 32.00560004931758 25.65091901684862 8.92590173918306 8.435473656959378
24883200.0 272.0729065598 272.6775601964 273.2298193343 273.2388756137 273.2281199675 272.8744782447 272.4289960266 14.158871402586838 11.282468525415835 34.95290744077723 32.00137379604284 25.408947616926483 8.929714571181087 8.43771085181995
24969600.0 272.5864945359 272.8587984945 273.2284522564 273.2386350852 273.2277838618 272.8761197066 272.4329776725 14.259825492011089 11.633807575440294 33.55203777471472 31.997920888293198 25.16857650855541 8.933540137203035 8.439939435613079
25056000.0 272.4950793074 272.8459051551 273.2267593165 273.2384580558 273.2274408252 272.8777508774 272.436919484 14.233328507753257 11.59890275938902 32.00790017155068 31.994858848876262 24.929439931496617 8.93737553899834 8.442163869830853
25142400.0 272.303010073 272.7395344486 273.2242606992 273.2382832223 273.2270912689 272.8793710358 272.4408143233 14.192476071550903 11.376257062213751 30.050645018315276 31.991995842020074 24.691978312599634 8.941218918863589 8.444379774569704
25228800.0 272.3111414871 272.697208927 273.2202081503 273.2380754934 273.2267352047 272.8809786681 272.4446609998 14.193913254372418 11.31013345854031 27.504932546958795 31.988884677352512 24.45633175792766 8.945066448139249 8.446586057951276
25315200.0 272.5739559164 272.8040908209 273.2155452054 273.2378220915 273.2263728361 272.8825719658 272.4484564808 14.255818030318457 11.49931181980588 25.263248871889637 31.984958818797352 24.222752023104285 8.948913449452078 8.448780531362729
25401600.0 272.6512369488 272.855310597 273.2106065088 273.2375354921 273.2260035206 272.8841503537 272.4522069889 14.282889073121027 11.624142138239163 23.43686650514854 31.98005949879682 23.990943747544986 8.952758100609906 8.45096636077152
25488000.0 272.6482304711 272.8654152341 273.2051168682 273.2372173694 273.2256270916 272.8857131338 272.4559130827 14.281719296095783 11.652623616606006 21.85911221099949 31.974066038971195 23.760931965313425 8.956598218423604 8.453143481733491
25574400.0 272.5605405073 272.8298154902 273.1981193469 273.2369288629 273.2252433782 272.8872596925 272.459575304 14.251673890890048 11.55830404159403 20.316435275159986 31.96685767929888 23.532740085062827 8.960431761472476 8.455311825710009
25660800.0 272.6861518493 272.8734553315 273.1904665253 273.2368124909 273.224852206 272.8887894944 272.4631941811 14.29730341509077 11.676379216798324 19.03344135273151 31.95795581423194 23.306390717122763 8.964256820969323 8.457471321309908
25747200.0 272.5938467329 272.8427953797 273.1810322926 273.2367135298 273.2244533971 272.8903020747 272.46677023 14.262238628385528 11.590810837532088 17.834812400479073 31.94701714011012 23.08190562627212 8.96807161200392 8.459621894920138
25833600.0 272.4731551262 272.7773845559 273.1670750046 273.2366095435 273.2240467705 272.8917970333 272.4703039556 14.227792464319267 11.444579241105375 16.552085855084403 31.933767483429797 22.859305885397962 8.971874463908401 8.461763471579003
25920000.0 272.3314751594 272.6871610983 273.1432551956 273.236494498 273.2236321426 272.8932740277 272.4737958536 14.19760118122608 11.295768805581174 15.125046027745231 31.917918215159194 22.638612060673047 8.975663809676671 8.463895975383656
26006400.0 272.1772994828 272.5781784721 273.1012211298 273.2363625217 273.2232093269 272.8947327664 272.4772464106 14.172622215808206 11.164901399667515 13.705969843358885 31.89906672990511 22.419844372501306 8.979438175374096 8.466019330086818
26092800.0 271.9637083536 272.4255617172 273.0303470725 273.2362026127 273.2227781351 272.8961730034 272.4806561057 14.146492288468565 11.03347170299977 12.538068113340655 31.87655220834042 22.203022820966595 8.983196169775194 8.468133459499418
26179200.0 271.8917164705 272.3400317217 272.957390985 273.2359988807 273.2223383772 272.8975945318 272.4840254106 14.139235074157902 10.976490794550672 12.006225742287787 31.849536742086375 21.988167280257688 8.986936474457382 8.470238287786533
26265600.0 271.9894128778 272.3715587739 272.9347011889 273.2357398939 273.2218898617 272.8989971791 272.4873547905 14.14924702980496 10.996411272765764 11.898473595223109 31.81756414892301 21.775297583856414 8.99065783454475 8.472333739734198
26352000.0 271.4716241469 272.0692505782 272.8482398663 273.2353808827 273.2214323962 272.9003808023 272.4906447041 14.106740953097468 10.842685650909154 11.605058960190096 31.779937437263083 21.56443353928065 8.994359049995204 8.474419740846434
26438400.0 271.1918434426 271.8522126637 272.7552879304 273.2348299354 273.2209657872 272.9017452839 272.4938956033 14.091223856172071 10.766947724998744 11.403511314166312 31.727078693558514 21.35559484578751 8.998038967217477 8.476496217219122
26524800.0 271.0457824628 271.7188478944 272.6626382572 273.234680895 273.2204898432 272.903090527 272.4971079341 14.084392517491915 10.729125870775672 11.262573407996513 31.631258950532004 21.14880206557658 9.001696470610542 8.478563095617607
26611200.0 270.8363791361 271.5292232791 272.488989878 273.2345506491 273.2200043737 272.9044164523 272.5002821355 14.075760478505629 10.683525910225613 11.08260467037077 31.47336439327717 20.944076136854182 9.005330475267298 8.480620303195346
26697600.0 270.8440978767 271.468652578 272.3575239948 273.2343513113 273.2195091898 272.9057229948 272.5034186402 14.076057461943572 10.670594137785889 10.987398301079146 31.234821588103472 20.74143820197261 9.008939920813482 8.48266776757151
26784000.0 270.5905544938 271.2788316563 272.2362750687 273.2340584002 273.2190041043 272.9070101012 272.5065178736 14.067022528058272 10.634173387846976 10.918298143325146 30.891056514850366 20.540909578361322 9.012523765692869 8.484705416350716
26870400.0 270.6018214347 271.2575885027 272.2024697524 273.2336654488 273.2184889329 272.9082777238 272.5095802535 14.067394925474938 10.630438239679558 10.901412346366342 30.44230113114175 20.342511792718692 9.016080972467963 8.486733176652459
26956800.0 270.3517916162 271.0872759326 272.1192432509 273.2331525102 273.2179634931 272.9095258152 272.5126061899 14.059672052107247 10.602586336843768 10.863400459834835 29.877397588200214 20.14626605656143 9.019610492572465 8.48875097481518
27043200.0 270.2401951334 270.9859239188 272.0459285068 273.2324059122 273.2174276077 272.9107543302 272.5155960837 14.056553583871597 10.587578317443889 10.833501351390249 29.095803498815034 19.95219416611916 9.023111273748272 8.490758735804409
27129600.0 270.0421163376 270.8166335343 271.905021226 273.2311286219 273.2168811047 272.9119632281 272.5185503272 14.051441341896172 10.564702162482128 10.783558147998905 27.86311860860832 19.760318234729073 9.026582265410966 8.492756382950803
27216000.0 269.5538710249 270.4140541101 271.5838240123 273.228663055 273.2163238182 272.9131524718 272.5214693034 14.040710941125312 10.51901106106228 10.695812778216057 25.810568300084597 19.570660537517956 9.030022418892372 8.49474383773669
27302400.0 268.50444454 269.6018235239 271.0482436224 273.2240465222 273.2157555874 272.9143220249 272.5243533862 14.0237177507815 10.451539883811778 10.596679565935919 22.859194852496 19.383242975488127 9.03343067941173 8.496721019568058
27388800.0 268.0056148065 269.1375558031 270.6964523941 273.2157041027 273.2151762576 272.9154718494 272.5272029402 14.017546737549363 10.422457984386204 10.549903923900724 19.366611097523865 19.198087027630628 9.036805978536828 8.498687845517434
27475200.0 268.1067170483 269.1437867823 270.644126267 273.2003592582 273.2145856822 272.9166019049 272.5300183203 14.018722451324859 10.42281486130616 10.543792308227998 15.875762890344943 19.015214117462328 9.040147233917184 8.500644230023115
27561600.0 268.599174099 269.4823206876 270.8156612173 273.1701135402 273.2139837254 272.9177121508 272.5327998716 14.025003958939845 10.443534901530642 10.564577924936685 12.840070064157645 18.834646035663 9.043453356017595 8.502590084695107
27648000.0 268.5332904663 269.469123333 270.8210412233 273.0920828524 273.213369096 272.9188025923 272.5355479323 14.02410517974557 10.442674582302196 10.565266318018894 10.318464007252892 18.65607105046336 9.046723385995858 8.504525319848133
27734400.0 268.17447453 269.18425073 270.596587362 272.819226744 273.2127408391 272.9198732463 272.5382628342 14.019530559715546 10.425152616664825 10.53840164406218 8.817877076611873 18.47930936136387 9.04995639872118 8.506449845321491
27820800.0 266.8732021839 268.167608549 269.8726052678 272.3351746364 273.2120986768 272.9209240985 272.540944902 14.006401111028422 10.375270828488768 10.471253276587515 8.389969220205542 18.30438702572911 9.053151373119372 8.508363569562166
27907200.0 266.1217355445 267.4582939797 269.2755580984 272.0071445444 273.2114424243 272.9219550964 272.5435944511 14.000556184368111 10.348620953275326 10.430560183804083 8.271709621448887 18.13135339031347 9.056307169653273 8.510266397849271
27993600.0 265.0252055544 266.5562614656 268.624307223 271.7619750745 273.2107701484 272.9229695706 272.5462171143 13.993543194578073 10.321095685128995 10.395615698500547 8.212010230439168 17.95981505979104 9.059433101295152 8.512162095091904
28080000.0 263.8625924915 265.5933357335 267.9457808933 271.5564993776 273.2100829602 272.9239640784 272.5488078828 13.987522563684958 10.2972841540449 10.3663595599071 8.172880238838426 17.790170855391278 9.062517674905957 8.514046762398818
28166400.0 262.8332902515 264.7227599629 267.3233788658 271.3825786821 273.2093797559 272.9249384368 272.5513670329 13.983074271768139 10.279337870918651 10.344105295059316 8.14518397056033 17.62225206236412 9.065559327030707 8.515920287104306
28252800.0 262.5174497715 264.3643425854 266.9902920408 271.2284708658 273.208658903 272.9258927172 272.5538951763 13.981842053704238 10.272729661723853 10.333592486233705 8.123820037841915 17.45579403743228 9.068557282995654 8.517782807750702
28339200.0 261.9977821024 263.8453966628 266.4342593081 270.4615647361 273.2079160079 272.9268225218 272.5563865855 13.979931066691332 10.26384106545599 10.317800735718516 8.046179471950065 17.289964354846333 9.07149660452357 8.519629757893723
28425600.0 261.1969430501 263.0955418308 265.7230930588 269.7559331341 273.207143783 272.9277315496 272.5588470299 13.977236819612811 10.252223852823128 10.300223253799139 7.999238208854453 17.123435773666355 9.07438784868313 8.521465066303534
28512000.0 262.1999928673 263.6329844089 265.8148830857 269.5484201192 273.2063363481 272.9286234893 272.5612819496 13.980658281215035 10.260412455361518 10.302348823713062 7.988106423549359 16.95536707440606 9.077241831411186 8.523292518206325
28598400.0 261.3578633356 263.1238834629 265.5737049537 269.4802456595 273.2054747666 272.9294940821 272.5636863623 13.977755808261723 10.252639298958579 10.296846025088113 7.984654704625691 16.78249467711152 9.080043996477087 8.525108102903811
28684800.0 261.6054361534 263.2051823131 265.5463862252 269.4566625473 273.2045122498 272.9303424803 272.566060415 13.978575629322929 10.253840774154952 10.29623911077958 7.983482732702675 16.596829132777973 9.082790548340869 8.526911625084189
28771200.0 260.661759661 262.5622746278 265.1936994442 269.3672271106 273.2032799996 272.9311671529 272.5684045337 13.975584484675093 10.244718138193344 10.288683941198308 7.979137132050135 16.369901713398992 9.085475406333872 8.528703104341705
28857600.0 260.7830084598 262.5391364279 265.0727867937 269.2204995166 273.1990820752 272.9319309155 272.570711179 13.975949288501392 10.244405233881045 10.286207299320008 7.972328209843667 15.676621656499929 9.08797537484877 8.53047642472933
28944000.0 260.9919846535 262.6035799243 264.9397987043 268.7342849678 273.1739452193 272.932338544 272.5729702593 13.976590974872504 10.245279258543947 10.283546142077093 7.952218883453982 13.093402871000054 9.089314954526953 8.532223353694473
29030400.0 260.4373756899 262.1316004725 264.507083483 268.246642173 273.0608805272 272.9308677455 272.5750923694 13.974923380755877 10.239055362791374 10.27531257099324 7.935103269766323 9.884796719076082 9.08449890420973 8.533873625472854
29116800.0 259.6472217504 261.4138205169 263.8562040353 267.6140131574 272.2478566688 272.9036330362 272.5758719666 13.972729835251743 10.230314621806999 10.264018618399266 7.916329557090026 8.352193198784828 9.003179837523385 8.534482153931165
29203200.0 260.1762011172 261.6047708511 263.6927774025 267.0578558438 271.1701882071 272.7257868589 272.5675834126 13.974175881730046 10.232560703641324 10.26136600386382 7.902277767637352 8.116293470780732 8.68064625522068 8.528074351006609
29289600.0 261.213171691 262.2868214093 263.9368507411 266.7470899838 270.3609684666 272.3002789137 272.5317745157 13.977288676614442 10.241057755538794 10.265353313077423 7.895227976587116 8.038342947619023 8.37424134512869 8.501871279185691
29376000.0 260.7561383026 261.9663656692 263.6651317187 266.3487074034 269.7068771553 271.7650631315 272.4470377656 13.975867975906644 10.236969418729032 10.260924013623129 7.886900068057461 7.996442320705303 8.21266315144137 8.447958202243862
29462400.0 261.357649885 262.308660694 263.7310806452 266.0975084066 269.1836735251 271.2543459136 272.3035337715 13.977755112734048 10.241342907366775 10.26198156816961 7.882012008257792 7.970608424290256 8.12722632850639 8.375667575742085
29548800.0 262.8694833075 263.4102164192 264.355907474 266.1689713656 268.8279632465 270.8159039081 272.1108701423 13.983219133273774 10.256936830817187 10.272578980338897 7.883375986086533 7.95576375821952 8.077327287548142 8.30304158454882
29635200.0 263.4493618598 263.9564403951 264.7724773082 266.2922126291 268.5958545988 270.4568173105 271.8909698726 13.985650819195346 10.265680144256496 10.280287544761519 7.885777611271283 7.947019612211979 8.045803786349667 8.241271993602892
29721600.0 263.9687790762 264.4091022931 265.1146701207 266.4237912597 268.4447079964 270.1684656637 271.6651668531 13.988024062556544 10.27353284307103 10.287058921996984 7.888413463621523 7.9416729761722475 8.024684938100306 8.192574447489383
29808000.0 263.5894060779 264.1937505247 265.03452436 266.3915797588 268.3051164017 269.9277418137 271.4460982378 13.986271393367618 10.26972340597973 10.285435014976235 7.8877611496189095 7.93695658896126 8.009247597005078 8.154811768794975
29894400.0 264.5132093751 264.8397033106 265.4091351748 266.5057099782 268.2125760899 269.7288412435 271.2406510036 13.99074054639383 10.281585058093501 10.293238234302667 7.890093494519865 7.933939590265315 7.997728126430578 8.125414471203195
29980800.0 262.8924155393 263.7324095097 264.7779930308 266.2431951595 268.0589567162 269.5421702323 271.0485519943 13.983311319941397 10.262002990886378 10.280393419160688 7.884814781118888 7.92911215547245 7.987785827607752 8.101881977972187
30067200.0 259.2756968725 260.9157548356 262.8598987212 265.2760150472 267.6839043421 269.3072078829 270.8601734846 13.971764753563589 10.224703879458614 10.248835858915298 7.867678516089713 7.9181843302129975 7.976305236486719 8.081712536554901
30153600.0 258.7870377062 260.1134691977 261.9024889559 264.4491984846 267.2034115997 269.0135941277 270.6647534827 13.970553724645912 10.216347409251815 10.236175286049919 7.85533486617843 7.905709047486469 7.96334269806305 8.063235543578111
30240000.0 259.1105472313 260.1411092722 261.6282903459 263.9560661706 266.7511914775 268.6908512646 270.4576581112 13.971348292042508 10.216622458054319 10.232841183442874 7.848772104513967 7.895262643578321 7.950582605082256 8.045869668106214
30326400.0 259.2615007439 260.1803557054 261.51026394 263.6473973932 266.3675250317 268.3686596849 270.2404433909 13.971728658833465 10.21701450371529 10.231442192600664 7.844924508300595 7.887223562846344 7.9391418688385125 8.02966404041574
30412800.0 258.2230562532 259.3721529462 260.9097984849 263.1979808606 265.9869655199 268.0478927551 270.0154882471 13.969231779203945 10.209280544696396 10.224638846682177 7.839643100416602 7.87989007120493 7.928834482826414 8.014670130876713
30499200.0 259.5354875184 260.1856072356 261.2418091081 263.1119712061 265.6993263015 267.7511003332 269.7879076748 13.972435379605368 10.217067097227785 10.228337420021624 7.838672647539492 7.87472042396554 7.920118999587608 8.001042770980431
30585600.0 262.4791334234 262.4178025541 262.6633426933 263.6470382433 265.6360159138 267.5279599854 269.5691849177 13.9816963430617 10.242780872022406 10.246096932096208 7.844920139976992 7.873622216333113 7.914021207403517 7.989176444467379
30672000.0 262.527232672 262.7622347071 263.1575753432 264.0218746757 265.6726603448 267.3780017829 269.3692178598 13.981879384224397 10.247465313324946 10.253135450085557 7.849617328736329 7.874256182460672 7.910121370803585 7.9792316029672214
30758400.0 259.9818351686 260.9809884372 262.1588911646 263.7023547062 265.583989759 267.2404177934 269.1867229404 13.973634288793457 10.225419216294025 10.239404368039335 7.845595857946513 7.872729984285543 7.906673327234722 7.970813426328733
30844800.0 259.4863713788 260.3797085685 261.5766664415 263.3117514815 265.3957333052 267.0831876337 269.0144909877 13.972307103969 10.219033570167598 10.23222666071541 7.840946114649568 7.869576091241263 7.902875931636642 7.963379746145758
30931200.0 260.7844141834 261.2101084074 261.9457132827 263.3039978532 265.2538480263 266.9267100868 268.8492132037 13.975953549794923 10.227977671911713 10.23671192540132 7.840856601959828 7.867273251719865 7.899239012826878 7.956665676345056
31017600.0 260.3684905097 260.9873636377 261.8478827328 263.2277196323 265.1293639134 266.7775345281 268.6900234774 13.9747239728466 10.225489431809988 10.235501711674104 7.83998155234927 7.8653028819964605 7.895895993343356 7.950551180121442
31104000.0 261.2176268934 261.5769231842 262.1829895146 263.3194515949 265.0578550485 266.6478100795 268.5384256658 13.977302931518047 10.232229706840576 10.239713622379567 7.8410351134257334 7.8641914387050775 7.893081922072857 7.945021912487609
31190400.0 261.101460954 261.5640640823 262.2306049806 263.3520835722 265.0052111516 266.5361008012 268.3957231911 13.976933868555559 10.232077263863768 10.240327656106967 7.841413431194692 7.863382489982566 7.890724606126128 7.940057989726911
31276800.0 257.9629040475 259.2558909664 260.779723611 262.7064994838 264.7841481944 266.3915989842 268.2554469436 13.96864736417755 10.208223593901643 10.223230319041122 7.834259011432103 7.86006851971445 7.88776153757432 7.935389303998808
31363200.0 256.8135627537 258.0719985587 259.7090032742 261.9689598473 264.4295021624 266.1904840988 268.1080034847 13.966237569566877 10.198163769160255 10.21241956020501 7.826850445067538 7.855015181182521 7.8837906552678865 7.930691368664228
31449600.0 257.7246077604 258.5087712188 259.7002488885 261.6502720556 264.1074417743 265.9630829009 267.9500692936 13.968125289422813 10.201733360498178 10.212336498410451 7.823870388580362 7.8506838061471385 7.879501085423791 7.925880108555744
31536000.0 257.7584370447 258.529889247 259.6450337337 261.4564250817 263.8431386681 265.7359979165 267.7838860015 13.96819865309362 10.201909979647839 10.211814468794964 7.822117187831102 7.847296973438014 7.8754140016130805 7.921046211852957
