single point
       alpha_p                      0.002500000000000000    1.000000000000000    0.000000000000000
       alpha_m                      0.003083511174656000    1.000000000000000    0.000000000000000
           n_p                      1.757493324699000    1.000000000000000    0.000000000000000
           n_m                      2.029974571443000    1.000000000000000    0.000000000000000
          wr_p                      0.1644179052309000    1.000000000000000    0.000000000000000
          wr_m                      0.1658589197126000    1.000000000000000    0.000000000000000
         tcs_p                      0.6712985530946800    1.000000000000000    0.000000000000000
         tcs_m                      0.9119798176808400    1.000000000000000    0.000000000000000
         tcd_p                      0.1767910000000000    1.000000000000000    0.000000000000000
         tcd_m                      0.9488889268453700    1.000000000000000    0.000000000000000
          af_p                      1.500077992815200    1.000000000000000    0.000000000000000
          af_m                      1.499183286040400    1.000000000000000    0.000000000000000
         auf_p                      0.3897159743046000    1.000000000000000    0.000000000000000
         auf_m                      0.6997301702054500    1.000000000000000    0.000000000000000
         por_p                      0.8003808357672800    1.000000000000000    0.000000000000000
         por_m                      0.5070536526049900    1.000000000000000    0.000000000000000
        perm_p                      1.336660000000000e-11    1.000000000000000    0.000000000000000
        perm_m                      6.420748553390000e-14    1.000000000000000    0.000000000000000
         den_p                      900.0000000000000    1.000000000000000    0.000000000000000
         den_m                      1900.000000000000    1.000000000000000    0.000000000000000
