single point
       alpha_p                      0.002500000000000000    1.000000000000000    0.000000000000000
       alpha_m                      0.001959951192752000    1.000000000000000    0.000000000000000
           n_p                      1.801919115958000    1.000000000000000    0.000000000000000
           n_m                      2.036880798163000    1.000000000000000    0.000000000000000
          wr_p                      0.1763867402614000    1.000000000000000    0.000000000000000
          wr_m                      0.1753898390002000    1.000000000000000    0.000000000000000
         tcs_p                      0.6524125044890799    1.000000000000000    0.000000000000000
         tcs_m                      0.9187217334262000    1.000000000000000    0.000000000000000
         tcd_p                      0.1767910000000000    1.000000000000000    0.000000000000000
         tcd_m                      0.9584529170746801    1.000000000000000    0.000000000000000
          af_p                      1.494798283759600    1.000000000000000    0.000000000000000
          af_m                      1.499119709451800    1.000000000000000    0.000000000000000
         auf_p                      0.3981010358222400    1.000000000000000    0.000000000000000
         auf_m                      0.6991783929369400    1.000000000000000    0.000000000000000
         por_p                      0.7842624778569200    1.000000000000000    0.000000000000000
         por_m                      0.4945120022658200    1.000000000000000    0.000000000000000
        perm_p                      1.336660000000000e-11    1.000000000000000    0.000000000000000
        perm_m                      2.500000000000000e-14    1.000000000000000    0.000000000000000
         den_p                      900.0000000000000    1.000000000000000    0.000000000000000
         den_m                      1900.000000000000    1.000000000000000    0.000000000000000
