single point
       alpha_p                      0.002500000000000000    1.000000000000000    0.000000000000000
       alpha_m                      0.002057426535031000    1.000000000000000    0.000000000000000
           n_p                      1.789385353200000    1.000000000000000    0.000000000000000
           n_m                      2.035755964866000    1.000000000000000    0.000000000000000
          wr_p                      0.1743207378152000    1.000000000000000    0.000000000000000
          wr_m                      0.1741353632619000    1.000000000000000    0.000000000000000
         tcs_p                      0.6602150826300300    1.000000000000000    0.000000000000000
         tcs_m                      0.9165191972455700    1.000000000000000    0.000000000000000
         tcd_p                      0.1767910000000000    1.000000000000000    0.000000000000000
         tcd_m                      0.9564429479237000    1.000000000000000    0.000000000000000
          af_p                      1.496016338647800    1.000000000000000    0.000000000000000
          af_m                      1.499060619749000    1.000000000000000    0.000000000000000
         auf_p                      0.3942147318566100    1.000000000000000    0.000000000000000
         auf_m                      0.6992485835960000    1.000000000000000    0.000000000000000
         por_p                      0.7877368530587500    1.000000000000000    0.000000000000000
         por_m                      0.4969331726295700    1.000000000000000    0.000000000000000
        perm_p                      1.336660000000000e-11    1.000000000000000    0.000000000000000
        perm_m                      2.500000000000000e-14    1.000000000000000    0.000000000000000
         den_p                      900.0000000000000    1.000000000000000    0.000000000000000
         den_m                      1900.000000000000    1.000000000000000    0.000000000000000
