single point
       alpha_p                      0.002500000000000000    1.000000000000000    0.000000000000000
       alpha_m                      0.003193600118500000    1.000000000000000    0.000000000000000
           n_p                      2.006256290380000    1.000000000000000    0.000000000000000
           n_m                      2.048617532522000    1.000000000000000    0.000000000000000
          wr_p                      0.2400875070260000    1.000000000000000    0.000000000000000
          wr_m                      0.1784827311829000    1.000000000000000    0.000000000000000
         tcs_p                      0.5010506766389500    1.000000000000000    0.000000000000000
         tcs_m                      0.9450078383469500    1.000000000000000    0.000000000000000
         tcd_p                      0.1456942255781600    1.000000000000000    0.000000000000000
         tcd_m                      0.9810754011906900    1.000000000000000    0.000000000000000
          af_p                      1.500809158171600    1.000000000000000    0.000000000000000
          af_m                      1.499606651213000    1.000000000000000    0.000000000000000
         auf_p                      0.4630063734508200    1.000000000000000    0.000000000000000
         auf_m                      0.6987788839118200    1.000000000000000    0.000000000000000
         por_p                      0.6723408417405400    1.000000000000000    0.000000000000000
         por_m                      0.4846426661645800    1.000000000000000    0.000000000000000
        perm_p                      1.336660000000000e-11    1.000000000000000    0.000000000000000
        perm_m                      2.500000000000000e-14    1.000000000000000    0.000000000000000
         den_p                      900.0000000000000    1.000000000000000    0.000000000000000
         den_m                      1900.000000000000    1.000000000000000    0.000000000000000
