single point
       alpha_p                      0.002500000000000000    1.000000000000000    0.000000000000000
       alpha_m                      0.003006952374409000    1.000000000000000    0.000000000000000
           n_p                      1.765815664139000    1.000000000000000    0.000000000000000
           n_m                      2.031608401578000    1.000000000000000    0.000000000000000
          wr_p                      0.1656209489366000    1.000000000000000    0.000000000000000
          wr_m                      0.1673154484045000    1.000000000000000    0.000000000000000
         tcs_p                      0.6690279574687100    1.000000000000000    0.000000000000000
         tcs_m                      0.9133937242932700    1.000000000000000    0.000000000000000
         tcd_p                      0.1767910000000000    1.000000000000000    0.000000000000000
         tcd_m                      0.9515379249749401    1.000000000000000    0.000000000000000
          af_p                      1.498899140119100    1.000000000000000    0.000000000000000
          af_m                      1.499233382388500    1.000000000000000    0.000000000000000
         auf_p                      0.3908738663593500    1.000000000000000    0.000000000000000
         auf_m                      0.6997301666061700    1.000000000000000    0.000000000000000
         por_p                      0.7973359959425900    1.000000000000000    0.000000000000000
         por_m                      0.5095609533666901    1.000000000000000    0.000000000000000
        perm_p                      1.336660000000000e-11    1.000000000000000    0.000000000000000
        perm_m                      4.799737816790000e-14    1.000000000000000    0.000000000000000
         den_p                      900.0000000000000    1.000000000000000    0.000000000000000
         den_m                      1900.000000000000    1.000000000000000    0.000000000000000
