single point
       alpha_p                      0.002500000000000000    1.000000000000000    0.000000000000000
       alpha_m                      0.002369338218166000    1.000000000000000    0.000000000000000
           n_p                      1.928603919604000    1.000000000000000    0.000000000000000
           n_m                      2.044276848367000    1.000000000000000    0.000000000000000
          wr_p                      0.2205053813149000    1.000000000000000    0.000000000000000
          wr_m                      0.1825059419956000    1.000000000000000    0.000000000000000
         tcs_p                      0.5678577065033400    1.000000000000000    0.000000000000000
         tcs_m                      0.9352361902092799    1.000000000000000    0.000000000000000
         tcd_p                      0.1767910000000000    1.000000000000000    0.000000000000000
         tcd_m                      0.9731521022690900    1.000000000000000    0.000000000000000
          af_p                      1.495525108633600    1.000000000000000    0.000000000000000
          af_m                      1.499643034364300    1.000000000000000    0.000000000000000
         auf_p                      0.4365678185240800    1.000000000000000    0.000000000000000
         auf_m                      0.6987956139994200    1.000000000000000    0.000000000000000
         por_p                      0.7217845874465900    1.000000000000000    0.000000000000000
         por_m                      0.4818802821896500    1.000000000000000    0.000000000000000
        perm_p                      1.336660000000000e-11    1.000000000000000    0.000000000000000
        perm_m                      2.500000000000000e-14    1.000000000000000    0.000000000000000
         den_p                      900.0000000000000    1.000000000000000    0.000000000000000
         den_m                      1900.000000000000    1.000000000000000    0.000000000000000
