single point
       alpha_p                      0.006733874305239000    1.000000000000000    0.000000000000000
       alpha_m                      0.002157608895634000    1.000000000000000    0.000000000000000
           n_p                      2.049740160495000    1.000000000000000    0.000000000000000
           n_m                      2.050270469212000    1.000000000000000    0.000000000000000
          wr_p                      0.2264862352148000    1.000000000000000    0.000000000000000
          wr_m                      0.1604822745172000    1.000000000000000    0.000000000000000
         tcs_p                      0.4416557039872600    1.000000000000000    0.000000000000000
         tcs_m                      0.9519354620203300    1.000000000000000    0.000000000000000
         tcd_p                      0.1030593989752600    1.000000000000000    0.000000000000000
         tcd_m                      0.9843121104184700    1.000000000000000    0.000000000000000
          af_p                      1.505075906053000    1.000000000000000    0.000000000000000
          af_m                      1.499390163483900    1.000000000000000    0.000000000000000
         auf_p                      0.4858996929193800    1.000000000000000    0.000000000000000
         auf_m                      0.6988840280447099    1.000000000000000    0.000000000000000
         por_p                      0.6380074382201401    1.000000000000000    0.000000000000000
         por_m                      0.4808129011063800    1.000000000000000    0.000000000000000
        perm_p                      1.336655531800000e-11    1.000000000000000    0.000000000000000
        perm_m                      2.500000000000000e-14    1.000000000000000    0.000000000000000
         den_p                      900.0000000000000    1.000000000000000    0.000000000000000
         den_m                      1900.000000000000    1.000000000000000    0.000000000000000
