single point
       alpha_p                      0.002500000000000000    1.000000000000000    0.000000000000000
       alpha_m                      0.003193600118500000    1.000000000000000    0.000000000000000
           n_p                      1.983169096694000    1.000000000000000    0.000000000000000
           n_m                      2.047351818885000    1.000000000000000    0.000000000000000
          wr_p                      0.2368248947389000    1.000000000000000    0.000000000000000
          wr_m                      0.1805627038194000    1.000000000000000    0.000000000000000
         tcs_p                      0.5230723806405700    1.000000000000000    0.000000000000000
         tcs_m                      0.9419747350305500    1.000000000000000    0.000000000000000
         tcd_p                      0.1597148902151500    1.000000000000000    0.000000000000000
         tcd_m                      0.9787365271760500    1.000000000000000    0.000000000000000
          af_p                      1.499254675353800    1.000000000000000    0.000000000000000
          af_m                      1.499620346556600    1.000000000000000    0.000000000000000
         auf_p                      0.4545609583864900    1.000000000000000    0.000000000000000
         auf_m                      0.6987788838998600    1.000000000000000    0.000000000000000
         por_p                      0.6883843782261200    1.000000000000000    0.000000000000000
         por_m                      0.4858112286073300    1.000000000000000    0.000000000000000
        perm_p                      1.336660000000000e-11    1.000000000000000    0.000000000000000
        perm_m                      2.500000000000000e-14    1.000000000000000    0.000000000000000
         den_p                      900.0000000000000    1.000000000000000    0.000000000000000
         den_m                      1900.000000000000    1.000000000000000    0.000000000000000
