single point
       alpha_p                      0.002500000000000000    1.000000000000000    0.000000000000000
       alpha_m                      0.002788192155669000    1.000000000000000    0.000000000000000
           n_p                      2.023474156876000    1.000000000000000    0.000000000000000
           n_m                      2.050532852827000    1.000000000000000    0.000000000000000
          wr_p                      0.2392333498989000    1.000000000000000    0.000000000000000
          wr_m                      0.1736500116716000    1.000000000000000    0.000000000000000
         tcs_p                      0.4797813166132000    1.000000000000000    0.000000000000000
         tcs_m                      0.9474547932309400    1.000000000000000    0.000000000000000
         tcd_p                      0.1312022620364600    1.000000000000000    0.000000000000000
         tcd_m                      0.9822917058792500    1.000000000000000    0.000000000000000
          af_p                      1.502171277712700    1.000000000000000    0.000000000000000
          af_m                      1.499513673489800    1.000000000000000    0.000000000000000
         auf_p                      0.4703651268851400    1.000000000000000    0.000000000000000
         auf_m                      0.6987788840871100    1.000000000000000    0.000000000000000
         por_p                      0.6595516386635000    1.000000000000000    0.000000000000000
         por_m                      0.4836618813413400    1.000000000000000    0.000000000000000
        perm_p                      1.336660000000000e-11    1.000000000000000    0.000000000000000
        perm_m                      2.500000000000000e-14    1.000000000000000    0.000000000000000
         den_p                      900.0000000000000    1.000000000000000    0.000000000000000
         den_m                      1900.000000000000    1.000000000000000    0.000000000000000
