single point
       alpha_p                      0.002500000000000000    1.000000000000000    0.000000000000000
       alpha_m                      0.002582570053708000    1.000000000000000    0.000000000000000
           n_p                      1.950765037740000    1.000000000000000    0.000000000000000
           n_m                      2.045518037406000    1.000000000000000    0.000000000000000
          wr_p                      0.2274231427397000    1.000000000000000    0.000000000000000
          wr_m                      0.1824533884108000    1.000000000000000    0.000000000000000
         tcs_p                      0.5504513601784200    1.000000000000000    0.000000000000000
         tcs_m                      0.9379614470277400    1.000000000000000    0.000000000000000
         tcd_p                      0.1767909603600000    1.000000000000000    0.000000000000000
         tcd_m                      0.9753518514723800    1.000000000000000    0.000000000000000
          af_p                      1.497116640866400    1.000000000000000    0.000000000000000
          af_m                      1.499639213996000    1.000000000000000    0.000000000000000
         auf_p                      0.4434932693721200    1.000000000000000    0.000000000000000
         auf_m                      0.6987956139014700    1.000000000000000    0.000000000000000
         por_p                      0.7090278811428100    1.000000000000000    0.000000000000000
         por_m                      0.4816904216784400    1.000000000000000    0.000000000000000
        perm_p                      1.336660000000000e-11    1.000000000000000    0.000000000000000
        perm_m                      2.500000000000000e-14    1.000000000000000    0.000000000000000
         den_p                      900.0000000000000    1.000000000000000    0.000000000000000
         den_m                      1900.000000000000    1.000000000000000    0.000000000000000
