0.0 270.15 270.15 270.15 270.15 270.15 270.15 270.15 13.196481541017294 13.196481541017294 13.196481541017294 8.411199703248974 8.411199703248974 8.411199701677107 8.411199699151982
86400.0 261.1092246841 263.9877342414 266.1406880041 267.9584916338 269.7931898907 270.1073964773 270.1432586838 13.172589104495056 13.175530138268398 13.17907234019958 8.410666645338269 8.411064075427234 8.411181706312465 8.411196817207676
172800.0 260.7260335262 262.8024496713 264.6032705671 266.4691553989 269.1213135347 269.9193220611 270.0881330426 13.172289368107842 13.174144681567004 13.17638169081393 8.410502267681757 8.410874801217041 8.411108019374815 8.411173733998538
259200.0 261.2770552472 262.728080939 264.1105456926 265.7252890327 268.5288049541 269.6633024287 269.9876580474 13.172725744024607 13.174067056926848 13.175691873221458 8.410444622193804 8.41075351993291 8.411020667095338 8.411133761825349
345600.0 261.3947649103 262.6509632107 263.8453068506 265.2888619847 268.0523919818 269.3855465134 269.8527042928 13.17282362743285 13.173987586983884 13.175347285930338 8.410415988393124 8.41067640268795 8.410939523400415 8.41108396196911
432000.0 260.2745013347 261.8210885912 263.1706160643 264.7121103864 267.612088873 269.1016438714 269.6940688664 13.171956454184075 13.173193103296967 13.174543929890032 8.41038331080126 8.410617097964185 8.410868252425024 8.4110304680009
518400.0 260.019809537 261.4291694579 262.7190561348 264.2417643764 267.2067067294 268.8186318645 269.5198156991 13.171777608538173 13.172852564277806 13.17405770337629 8.410359758293946 8.41057035154277 8.410806635639307 8.410977173436498
604800.0 259.099334185 260.6808128342 262.0779864427 263.6918410335 266.8048686975 268.5353272009 269.3344676267 13.171179254072333 13.172255069557414 13.173427815741013 8.410335360097669 8.410530022262035 8.410752632401904 8.410925905087783
691200.0 257.8073026432 259.6282875971 261.2069076181 262.9951330593 266.3711528177 268.2437757477 269.1387405868 13.170447353021931 13.171514312457383 13.17266822134186 8.410308367344797 8.410491985141409 8.410703662064694 8.410876983250228
777600.0 257.4424160456 259.1142872272 260.637658303 262.4324399619 265.9423455543 267.9449775886 268.9332489751 13.170260031147288 13.171188419109113 13.172222542154481 8.410289069370188 8.410458916469421 8.410659248631328 8.410830578222779
864000.0 254.336082331 256.9014381943 259.0117546031 261.2954708021 265.3971767025 267.6180963145 268.7133903454 13.168929579369578 13.16999605619119 13.171125918751786 8.410256059577238 8.410422341498032 8.410616235603307 8.410785757133713
950400.0 253.3816128087 255.7692101701 257.8844592473 260.2993713595 264.798270011 267.2576825437 268.4746400629 13.168596054098662 13.16949096769457 13.170487976088362 8.410231853072489 8.41038771244536 8.410574421842705 8.410741927998224
1036800.0 255.0593105805 256.5278844834 258.0618734573 260.0630135522 264.3275282129 266.8963906458 268.2223877079 13.169203019329313 13.169822681654864 13.170582777060616 8.410226430628546 8.410363714699553 8.410537413751399 8.410700301178057
1123200.0 255.99004931 257.1796959811 258.42804963 260.1192623765 264.0073361813 266.5655206608 267.9683387073 13.169584841225138 13.170129857849227 13.170784815023687 8.410227488417933 8.410348747077341 8.410507136869628 8.41066253367292
1209600.0 255.8070812098 257.1428534968 258.4203429227 260.0578873198 263.7561581706 266.270962729 267.7216695933 13.169506915193447 13.170111905587598 13.170780471451092 8.410226114830637 8.410337733269696 8.410482669815504 8.410629295203972
1296000.0 255.4058006111 256.8532066827 258.1972654357 259.8648025445 263.5168151436 266.0034314909 267.4857059841 13.169341009157938 13.169973275478045 13.170656460167645 8.41022201544612 8.410327814575632 8.410462221747515 8.410600248317053
1382400.0 254.8786386619 256.4255659915 257.8432501803 259.5712388699 263.2635217956 265.7506428374 267.2594061697 13.169132911212849 13.16977639155355 13.170466234390041 8.41021602667427 8.410317878702603 8.410444279729958 8.410574609452452
1468800.0 256.2920187519 257.2322006263 258.265556002 259.6958199871 263.0910563344 265.5222900929 267.0445728321 13.169716722584647 13.170155568869909 13.170694074601236 8.410218438042625 8.41031136317836 8.410429110036839 8.410552054466162
1555200.0 254.8913140406 256.435493754 257.7907751371 259.4118244134 262.8916794699 265.3074597698 266.8400754659 13.169137789600143 13.169780860994086 13.170438698212141 8.41021282213754 8.410304155328516 8.410415657520518 8.41053203277935
1641600.0 255.9334044748 256.9544606965 258.0189543989 259.4404047269 262.7358955615 265.1094109541 266.6460028054 13.169560559349076 13.170021238335998 13.17055966313278 8.410213320292122 8.410298698785233 8.410403902522539 8.410514213651247
1728000.0 257.2861645356 257.9040350883 258.6510535436 259.7712149529 262.6785580497 264.9428729023 266.4663419717 13.170182151361624 13.170498340608388 13.170912267529987 8.410219871436865 8.410296684723615 8.410394463764632 8.410498654130427
1814400.0 258.5869852013 258.9310566712 259.4283510817 260.2692212206 262.7236223995 264.8200961183 266.3070065671 13.170875297739402 13.171077288423957 13.171384984649983 8.410230440695612 8.410298147486387 8.410387750717748 8.41048554889496
1900800.0 258.657463876 259.1973405082 259.7588630239 260.5700739305 262.7946589663 264.7347942596 266.1703375558 13.170915982419176 13.171239639886627 13.171600612509136 8.410237270582803 8.410300542091559 8.41038320382821 8.410474791980832
1987200.0 260.4084381578 260.4248360276 260.6415080937 261.1505491588 262.9403838242 264.6900543568 266.0585245821 13.172053032578813 13.172064979852612 13.172225435860586 8.410251398260968 8.410305605891583 8.410380856277591 8.410466304541245
2073600.0 263.1223656807 262.4552731553 262.1508102891 262.1599916137 263.2316848543 264.703114389 265.9774789167 13.174490137231679 13.173790468051465 13.173496105927706 8.41027963410588 8.410316221545711 8.410381538938754 8.410460320550907
2160000.0 262.4693345413 262.4837667558 262.5023171066 262.6314406405 263.5105035957 264.7576153176 265.9272197952 13.173804419759863 13.173818773099532 13.173837272413692 8.410294751932511 8.410327027410771 8.410384411071577 8.410456678188805
2246400.0 264.6990859745 264.0233597659 263.6315339034 263.4327517583 263.8460885749 264.8515974969 265.9071151331 13.176524029769794 13.175576660184111 13.175081902607516 8.41032385610632 8.41034091580031 8.410389453864381 8.41045523554591
2332800.0 262.2859601918 262.8101684761 263.1119548732 263.3746804074 264.0477978312 264.9497429862 265.9081374218 13.173624977453807 13.174152794638793 13.17447859034056 8.410321603516655 8.41034978664323 8.410394845433844 8.410455308708642
2419200.0 259.4653349607 260.8054067168 261.7625991022 262.6391461704 264.0144629137 265.0042602611 265.9123507303 13.171408655843212 13.17235010596179 13.173140971133416 8.410295176102936 8.410348331562316 8.41039789734244 8.41045561045103
2505600.0 259.3677314378 260.3453873697 261.2087707892 262.162323482 263.8839912376 265.0067428346 265.9060226573 13.17134642834383 13.172007346197015 13.172669741481815 8.410279911256183 8.410342631831169 8.41039803730945 8.410455157388704
2592000.0 259.4698238864 260.2656449759 261.0166169487 261.922109224 263.7496507213 264.9730530237 265.8846925532 13.171411536631165 13.171950130572501 13.17251513656438 8.41027268576595 8.410336912842133 8.41039614528544 8.410453636147468
2678400.0 259.8489654469 260.4580573908 261.0742246743 261.8742278772 263.6543835713 264.923906432 265.8509350227 13.17166103452467 13.17208926797965 13.17256103158154 8.410271251692258 8.410332944023859 8.41039341343907 8.410451247048895
2764800.0 261.7265388024 261.6953742657 261.8691000731 262.2955584977 263.6810318394 264.8891576981 265.8137797604 13.173109064890305 13.173081633130135 13.173236252246332 8.410283906289115 8.410334018074447 8.410391501837728 8.41044864329942
2851200.0 263.1333870922 262.8485622419 262.7661764237 262.8987180685 263.8259361677 264.8897234102 265.7841361059 13.174502384384294 13.174193308557244 13.17410669788556 8.410303954494816 8.410340087209187 8.41039153282883 8.410446585083594
2937600.0 265.6738709644 264.7594928139 264.2017226769 263.872268392 264.1230519417 264.9456565555 265.7737709744 13.178152695673752 13.176615236398268 13.175814472024223 8.41034200982373 8.410353189787694 8.41039461833478 8.410445869372694
3024000.0 267.2946373153 266.2430740547 265.4847535028 264.8682735829 264.5260083833 265.0625651866 265.7915255975 13.181889338469942 13.179288611076968 13.177808303691645 8.410390499636602 8.410372466197321 8.410401207554163 8.410447096573682
3110400.0 265.7267122912 265.6122411372 265.3965731229 265.1138570763 264.8399508178 265.2063203541 265.8344063317 13.178251677373046 13.178038795333567 13.177652785587311 8.410404206668362 8.410388823510843 8.410409580085314 8.410450085440331
3196800.0 258.7120716709 261.0136427483 262.4663649124 263.568513197 264.7150786672 265.2829730084 265.8766491393 13.170947746658657 13.172512777512901 13.173801470595345 8.410329569304807 8.410382204649121 8.410414171554985 8.410453064850437
3283200.0 257.2434182457 259.1659514738 260.7123383058 262.2222920993 264.3366802283 265.2558167883 265.8919633536 13.170161081503261 13.171220218413293 13.172278957469853 8.410282021749211 8.410363303083768 8.410412534543322 8.41045415367149
3369600.0 256.5490296822 258.2247213973 259.6823238393 261.2686878331 263.8916672105 265.1413035459 265.8681218053 13.16983231098476 13.170671546328318 13.17154984694842 8.41025483730481 8.410343064408538 8.4104057555795 8.410452460584795
3456000.0 255.8860335634 257.4920263064 258.916790514 260.5351688294 263.4532434106 264.9689830316 265.8052902782 13.169540361393949 13.170285045636252 13.171068742017793 8.410236741665294 8.410324943233814 8.410395917785804 8.410448052136038
3542400.0 256.1109614197 257.4044082038 258.6329011006 260.1259068069 263.0816703383 264.7706994062 265.7115619421 13.169637150801181 13.170240961209373 13.170901763631585 8.410227492119423 8.410310810485116 8.410385106236676 8.410441616437206
3628800.0 257.2165026399 258.0337185713 258.9204782313 260.1248351782 262.8346522784 264.5792395031 265.6000338522 13.170147866001477 13.170567601233243 13.171070949765216 8.410227370183229 8.410301954047583 8.410375148910218 8.410434169983258
3715200.0 259.1828545944 259.3913065948 259.8125843543 260.5800450798 262.7614805057 264.4269698564 265.486899383 13.171230667373532 13.171361387355947 13.171636550888522 8.410237500455448 8.410299364353627 8.41036754674018 8.41042684117583
3801600.0 259.1599695605 259.6308587759 260.1218410375 260.8355431915 262.7575514152 264.3168730091 265.3830811618 13.17121652593478 13.171515997587914 13.171848514458588 8.410243565868418 8.410299189131193 8.410362215941062 8.410420306662438
3888000.0 262.2569669151 261.7202423234 261.5492886156 261.7022072724 262.921119324 264.2670856178 265.2997673301 13.173597093702377 13.173103511949758 13.172954779012809 8.410266182045909 8.4103048403779 8.41035984936073 8.410415189692797
3974400.0 263.2930475833 262.824623883 262.5582568081 262.4908864989 263.18463358 264.280231807 265.2449742424 13.174682503708777 13.174168017136394 13.17389340372181 8.410290092826992 8.410314393263377 8.410360471626767 8.410411884135824
4060800.0 263.9598072356 263.5479175675 263.2731326736 263.1194457859 263.4778191885 264.343485637 265.2206992217 13.175493891646216 13.174980934450184 13.174659757083868 8.410311908924971 8.410325670459896 8.410363492092984 8.410410434505735
4147200.0 266.1462766601 265.1786382132 264.5238830066 264.0248602223 263.8501766846 264.4564125795 265.2281863406 13.17908400156922 13.177281449373215 13.176265867053731 8.410348771811405 8.410341051168347 8.410368995589407 8.410410880651854
4233600.0 267.9515837782 266.7343167186 265.8302212571 265.0348571346 264.3040668457 264.6212107598 265.2691674501 13.183975829633757 13.180410158101353 13.178449207421254 8.410399910258118 8.4103616049164 8.410377292853557 8.41041333790854
4320000.0 267.6402897783 266.9325530174 266.2878641398 265.603169494 264.722251547 264.8175642926 265.3399995207 13.182932611873099 13.18090664540572 13.179385004423578 8.410434690108463 8.410382552492804 8.410387614396448 8.41041764682779
4406400.0 264.5459396219 265.0649802183 265.2496211324 265.2232292815 264.9170920023 264.993325404 265.425296601 13.176297858145247 13.177094793687841 13.177400415862117 8.410410592777374 8.410393040693998 8.41039728188106 8.410422942254865
4492800.0 263.2456743805 263.9070536746 264.3488614301 264.6745937935 264.9283868534 265.1163289967 265.5069382484 13.174628526626595 13.175425948993036 13.176017026177123 8.410380083883194 8.410393662295794 8.410404303211322 8.410428123224783
4579200.0 262.2802244187 263.0298284422 263.6038421484 264.1365710711 264.8301307944 265.1804060427 265.5719977766 13.17361945078177 13.17438823597397 13.175048291864652 8.410353871880957 8.410388308679275 8.4104080481199 8.410432333096228
4665600.0 262.4552372105 262.9320320851 263.37340632 263.8701333509 264.7208537098 265.20182469 265.6165582541 13.1737904324265 13.174282312352634 13.174775117183252 8.410341999708015 8.410382504495132 8.410409313593275 8.410435259144036
4752000.0 262.1011239983 262.641374868 263.1117598037 263.6408181059 264.6132410218 265.1957331473 265.6420466984 13.173449426865151 13.173977778032443 13.17447837418962 8.41033233398795 8.410376934011888 8.410408952981989 8.410436948696567
4838400.0 260.6470264871 261.6143689372 262.3737797117 263.1501329589 264.4472460779 265.1602781331 265.6486985084 13.172229586517306 13.173010941935981 13.173710242412605 8.410313222411231 8.410368619609335 8.41040686519481 8.41043739154177
4924800.0 260.2738488856 261.1445442068 261.9032323881 262.7451354487 264.2548313262 265.0979785125 265.6368241633 13.171955988058086 13.172617579968286 13.17326712508529 8.410298791464447 8.410359372852255 8.410403241892844 8.41043660155769
5011200.0 261.3626001011 261.7153688507 262.14790143 262.7581512554 264.1328556034 265.0295824765 265.6115690523 13.172796709133213 13.173099217680646 13.17349336288535 8.410299164706434 8.410353703047397 8.410399329058334 8.410434929782449
5097600.0 260.0112076301 260.9106081551 261.6417883255 262.4458967259 263.9899008686 264.9541947203 265.5760274488 13.171771675152444 13.172431677897814 13.17303477187681 8.41028879964315 8.41034726396652 8.410395093098993 8.410432596267068
5184000.0 260.5298753496 261.0825173519 261.6411824 262.3511956222 263.8710909279 264.8770952381 265.5331950285 13.172142159424807 13.172567670015043 13.173034244193508 8.410285735697107 8.410342058906496 8.410390842075095 8.410429813456766
5270400.0 260.0561522274 260.7763381416 261.4173669872 262.1780567853 263.7533783309 264.7987332389 265.4850407073 13.171802752744913 13.17232778237835 13.172842620646225 8.410280330107618 8.41033703537158 8.41038660313935 8.410426722606472
5356800.0 260.3471839942 260.8912045506 261.432184104 262.1255104094 263.6591853319 264.723205482 265.4337851735 13.172008642526382 13.172416539712367 13.17285510696074 8.410278701147964 8.410333101539988 8.410382593320742 8.410423475751067
5443200.0 260.8458672048 261.218699315 261.6302850813 262.206822156 263.6091501212 264.6579300276 265.3827491419 13.172381332921395 13.17267784910301 13.173024762333842 8.410281165797487 8.410331034770172 8.410379186180696 8.410420286045648
5529600.0 261.0088386517 261.3803891408 261.7634992554 262.2887006506 263.5882218931 264.6057007569 265.3348384379 13.172508969179209 13.172811580511594 13.173141769865806 8.410283702666623 8.41033017017319 8.410376498087965 8.410417330183103
5616000.0 260.5454497021 261.1128970052 261.6134855421 262.216130285 263.5526209 264.5597368206 265.2902228683 13.172153699536699 13.172592058341802 13.173010175843135 8.410281453595909 8.4103287244322 8.410374159933045 8.410414610526297
5702400.0 260.2798966723 260.8896587845 261.4382076818 262.0939111314 263.4955811734 264.5131645243 265.2472377695 13.171960310324533 13.172415335570903 13.172860190973962 8.410277721789592 8.410326436977547 8.41037181661632 8.410412019767529
5788800.0 260.8754500883 261.2241681685 261.6137591739 262.1557802154 263.4643565004 264.4704092088 265.2059623917 13.172404279553557 13.172682320040261 13.173010413132143 8.410279581392613 8.410325189859503 8.41036968785416 8.410409558854989
5875200.0 261.5742659535 261.7329585969 261.9689956198 262.3633035377 263.4834146094 264.4405461885 265.1689128146 13.172976268086819 13.173114732141292 13.17332707638865 8.41028603271883 8.410325933777782 8.410368213581279 8.410407371918595
5961600.0 262.2131737692 262.2524982528 262.3759795877 262.6419066816 263.5507998912 264.4299363528 265.1394309293 13.173555223554033 13.17359280767719 13.173712394021292 8.41029512151357 8.410328618985382 8.410367692269569 8.410405646360203
6048000.0 262.4301493335 262.5126093957 262.634700722 262.861700649 263.6371051198 264.4371304304 265.1193218271 13.173765620498003 13.17384756090551 13.17397095963323 8.410302656722141 8.410332123200794 8.410368045609708 8.410404476770621
6134400.0 262.7994742138 262.8273635676 262.9062124054 263.0807444802 263.7350874224 264.4590438593 265.1089291986 13.17414155697494 13.174170906440404 13.174254644391977 8.410310499717177 8.41033618505829 8.410369125557327 8.410403874644745
6220800.0 262.8402094292 262.9362898345 263.0464891954 263.2271012194 263.8268322445 264.4901918282 265.1071217841 13.174184471868838 13.174286886723145 13.17440646126963 8.410315941124916 8.410340070375014 8.410370670163582 8.410403770085269
6307200.0 263.0778860004 263.1330797968 263.2186405798 263.3751437099 263.9156483452 264.5272207512 265.1123727116 13.174440950718973 13.174502042597522 13.174597927614045 8.410321611284713 8.410343907678858 8.410372521156837 8.410404073977565
6393600.0 262.8904280081 263.0658207715 263.2229156971 263.4271771424 263.9841140432 264.5647809769 265.122447476 13.17423779050944 13.174427674668351 13.174602756761889 8.410323652007197 8.410346919555588 8.410374415285121 8.410404658174034
6480000.0 263.0236216392 263.1544093296 263.2945538161 263.4933573845 264.0425140809 264.6008000532 265.135425278 13.174381459818875 13.174525810556835 13.174684227409676 8.410326273290577 8.41034952525722 8.410376247578247 8.410405412907762
6566400.0 263.0438594627 263.1928124562 263.3420603149 263.5462940974 264.0930469814 264.6345713197 265.1499553679 13.174403581073957 13.174568830012529 13.174738831918665 8.410328397306719 8.410351807732606 8.410377979834815 8.410406260868324
6652800.0 263.6288914402 263.5889657352 263.6164563856 263.7239721644 264.1650831817 264.6711953529 265.1664746905 13.175078687900536 13.175030306491252 13.175063581017996 8.410335690326319 8.410355103533874 8.41037987426733 8.410407228726726
6739200.0 263.0459443978 263.2967126854 263.488766412 263.70352529 264.2109631228 264.705726493 265.1840714311 13.17440586447341 13.174686698778647 13.174910438637083 8.41033484648303 8.410357233812125 8.410381675736682 8.41040826419055
6825600.0 263.8276324076 263.7631624339 263.7788438128 263.8744973215 264.2775274793 264.7423423492 265.2030951959 13.175324938335464 13.175244050877417 13.175263635364383 8.41034209914625 8.41036036040461 8.41038360238737 8.410409388875488
6912000.0 263.8987760844 263.9039411748 263.9323144029 264.0110744912 264.3533803382 264.7829324794 265.2242878586 13.175415350009347 13.175421961654095 13.17545839749439 8.410348098545942 8.410363982408521 8.410385758185615 8.410410648238871
6998400.0 264.3072494893 264.2143159609 264.1768848862 264.1951128257 264.4442389969 264.8295041734 265.2486061403 13.175959140753623 13.175831578282951 13.175780857207418 8.410356476583692 8.410368405490836 8.41038825799929 8.410412101798624
7084800.0 263.4365950847 263.7255228954 263.9213930761 264.1078137753 264.4884296256 264.8718005787 265.2740763101 13.174848889252647 13.175197277073742 13.175444349388085 8.410352470512208 8.410370594526432 8.410390553095239 8.410413633987144
7171200.0 262.6918397773 263.1620173746 263.5196755522 263.8712828051 264.4682767998 264.8979144291 265.2963062993 13.174029581751578 13.174534309996629 13.174947180743235 8.410341997689942 8.41036960194918 8.41039198202234 8.410414979509035
7257600.0 262.5693468986 262.9653368567 263.3127075357 263.6996780329 264.4202803673 264.9063838134 265.3120564241 13.173904593891042 13.174318183652074 13.17470503866488 8.410334723563151 8.41036724708178 8.410392447436486 8.41041593752046
7344000.0 264.0762143762 263.887353417 263.8594501357 263.9636798055 264.447629967 264.9168540501 265.3242578003 13.175646273000694 13.175400751328835 13.175365222632559 8.410346001276865 8.410368584860967 8.410393024148847 8.410416682366648
7430400.0 264.6931010777 264.4590306019 264.3298737582 264.2910899077 264.5408263372 264.9433501407 265.3385196635 13.176515055800008 13.17617263308375 13.175990553217575 8.410360987092153 8.41037321817268 8.41039449025817 8.410417555989179
7516800.0 264.2665433709 264.3190330099 264.3460341544 264.3893874128 264.6257769195 264.9806399481 265.3570747133 13.175902977550319 13.175975483800878 13.176013077968818 8.410365713387312 8.410377536665099 8.4103965699832 8.410418697462655
7603200.0 263.9614299041 264.1212693955 264.2416502513 264.3699393374 264.6770361079 265.0182532056 265.3784769934 13.17549599241469 13.175706179426683 13.17586885464354 8.410364776535225 8.410380187646595 8.410398687382294 8.410420020973358
7689600.0 263.1609920606 263.5726776262 263.8764943517 264.1694528848 264.668932664 265.0438284006 265.3985944941 13.174533163890805 13.175010670835917 13.17538690232535 8.410355319766783 8.410379772182274 8.41040013851326 8.410421271797963
7776000.0 263.5089787368 263.6901967018 263.8835763868 264.1298462645 264.6559616371 265.0589626798 265.4151640331 13.174934441820417 13.175153676293197 13.175395931089232 8.410353492336299 8.410379103348458 8.410401001619507 8.410422306993052
7862400.0 264.2436813461 264.1763882168 264.1927883628 264.2937112117 264.6856943934 265.075333376 265.4298253704 13.175871632526485 13.175780186696091 13.175802361656752 8.410361120340706 8.410380644836335 8.410401938938083 8.410423226732087
7948800.0 265.158495406 264.8653196769 264.6992336615 264.621786805 264.7786910038 265.1058380079 265.4470017352 13.177248029193105 13.176777839436749 13.176524251363325 8.410377322789987 8.410385540162807 8.410403695852656 8.410424308773836
8035200.0 264.8866276563 264.8418538914 264.7949928779 264.764931592 264.8736549353 265.1478408504 265.4688924817 13.176811022143765 13.176741469771969 13.176669378134864 8.41038479958601 8.410390659018688 8.410406137274064 8.410425694920843
8121600.0 265.2209976643 265.0830688299 264.9911383735 264.9276881585 264.9707955342 265.1978479469 265.4958531336 13.177352217788144 13.177124190039633 13.176975981904617 8.410393623491 8.410396021640475 8.41040907811262 8.410427413177667
8208000.0 266.223347744 265.7964713172 265.5068614964 265.2755367193 265.1098207344 265.2612144647 265.5294145802 13.179246505792642 13.178384263732308 13.17784778883215 8.410413745533814 8.41040392638954 8.410412859011844 8.410429569366345
8294400.0 266.8830188788 266.3852071353 266.0070531128 265.6619022015 265.2870277631 265.3421055156 265.5717239682 13.180779998827234 13.17959836376237 13.178798283938336 8.41043834448266 8.410414418348 8.410417776156823 8.410432315227668
8380800.0 267.3048648401 266.8108920838 266.4091742325 266.0094742238 265.4810610452 265.4392299688 265.6238998119 13.18191864665975 13.180598704799307 13.179651726399927 8.410462788719382 8.41042647632051 8.41042381857492 8.410435744602001
8467200.0 267.5452616448 267.0907250844 266.7022808234 266.2907676512 265.6722596601 265.5474644286 265.6853678501 13.182634525399646 13.181323214225504 13.180332447748379 8.410484404754383 8.410438982568762 8.41043073699363 8.410439847211379
8553600.0 267.151117811 266.9287051574 266.6880676508 266.38300024 265.8227509074 265.6558006618 265.7530050728 13.181487353835767 13.180896743858181 13.180298187568225 8.410491824704652 8.410449288829065 8.410437865251309 8.410444441627028
8640000.0 266.5309726028 266.5261213221 266.4535673095 266.3018953373 265.9103045787 265.7517586291 265.8216714458 13.179928154214606 13.179916973121694 13.179751454278582 8.410485171292315 8.41045547789714 8.410444356188536 8.410449194086143
8726400.0 266.4363208634 266.3993267642 266.3424838332 266.2406710519 265.9616226105 265.8314961907 265.8871135833 13.179712572809573 13.179629760722936 13.179504060715248 8.410480287983008 8.410459174316202 8.410449881473044 8.410453808358003
8812800.0 265.7095592466 265.9031483575 266.0054490261 266.0470162715 265.9635689126 265.8906635693 265.9456090685 13.178219410934396 13.178591353669342 13.178795049117777 8.410465446459899 8.410459309623393 8.410454061078473 8.410458004904086
8899200.0 266.2160734312 266.1316379484 266.089067112 266.0544998129 265.9741123392 265.9367484748 265.9966225919 13.179231032167444 13.179053490870729 13.178965395451945 8.410466005131301 8.41046007583174 8.410457364789773 8.410461721595142
8985600.0 266.9372570364 266.6324908747 266.4246394797 266.2483205327 266.0312642224 265.9833063209 266.043252157 13.180918764721453 13.180165485001618 13.17968633721907 8.410480900082623 8.410464278477674 8.410460746227281 8.410465166302771
9072000.0 267.0831214659 266.8314106428 266.6236132013 266.4142192794 266.1126494007 266.0359849532 266.0889069582 13.181302752360693 13.18064990860874 13.180144471674177 8.410494338660047 8.410470383638556 8.410464626427839 8.410468583776565
9158400.0 266.933553471 266.7934358922 266.6526524285 266.4837648004 266.1869638024 266.0918119452 266.1348803801 13.180909221592607 13.180555372042406 13.180213394626218 8.410500157599444 8.41047608397817 8.410468802747562 8.410472070757232
9244800.0 267.5374610281 267.1937300067 266.9318167639 266.6734637228 266.2803791651 266.152878893 266.1823648481 13.18261045074227 13.181604927797487 13.180904749999046 8.410516740034518 8.41048342954371 8.410473448583494 8.410475721424868
9331200.0 268.0161964196 267.5942146354 267.2575102323 266.9180903983 266.3996523328 266.2227251723 266.2330165728 13.18420625458792 13.182786962556701 13.181783698687786 8.41053965224498 8.410493111900196 8.410478864344475 8.410479671710343
9417600.0 266.9568584929 267.0101359957 266.9623988135 266.8278183061 266.465818938 266.2891189429 266.2848966719 13.180969439687026 13.181108612751157 13.18098381405271 8.410530908946262 8.410498626227279 8.410484116241017 8.410483779177289
9504000.0 266.8620121346 266.8556373741 266.8234256478 266.7453251502 266.4954965738 266.3448529094 266.334808486 13.180726819957195 13.1807107439171 13.18062994743038 8.410523208063074 8.410501131152053 8.410488605296047 8.410487790765515
9590400.0 267.2263226695 267.0575473895 266.9298049561 266.7944980192 266.5313412261 266.3937332664 266.3816866115 13.181695859487023 13.181234260453936 13.180899572821453 8.410527771801995 8.410504192968471 8.410492604253573 8.410491613253257
9676800.0 267.8763205243 267.516221135 267.2486217815 266.9931045638 266.6043468788 266.4453846191 266.4273863114 13.183713691440405 13.182545196345352 13.181758581349841 8.410546966971532 8.410510542326255 8.410496894264803 8.410495391779472
9763200.0 269.5643170134 268.7069229768 268.088191968 267.5268246009 266.7721067593 266.5178500581 266.4776888726 13.191841575932616 13.187033126696624 13.184469091033812 8.41060560124905 8.410525709438474 8.410503027450526 8.41049961165508
9849600.0 269.7949318166 269.1174144348 268.5384364128 267.9302003166 266.9761106408 266.6136149396 266.5370137547 13.193498306322075 13.189110765436538 13.186275117484403 8.410657968656224 8.410545291291982 8.410511344510038 8.410504672215033
9936000.0 269.713658133 269.1980845318 268.7177114598 268.1617705777 267.1643628487 266.7228866752 266.6056182292 13.192892152077649 13.189563422659154 13.18708338620834 8.410691756203125 8.410564559000571 8.410521142170461 8.410510640547564
10022400.0 269.6158373336 269.1921233695 268.7848678687 268.2898108607 267.3201836172 266.8346926766 266.6807909184 13.192195185872706 13.189529418681015 13.187401147139607 8.410711739323459 8.41058145107286 8.410531523550722 8.410517327922337
10108800.0 269.2435042123 268.9785070128 268.6877254793 268.2953317533 267.4308521282 266.9391352082 266.7583299144 13.189825500335688 13.18836751723814 13.186944221292089 8.410712393701184 8.410593995380536 8.41054156420126 8.410524393209055
10195200.0 269.5599108526 269.158391394 268.8042946042 268.3865122163 267.5309356814 267.0359340709 266.8355441414 13.191811748599571 13.189338686134064 13.187494676106077 8.410727438253533 8.410605778002784 8.41055118115293 8.410531604040374
10281600.0 269.5061438726 269.1685517466 268.846590065 268.4508302548 267.6208886599 267.1259491161 266.91106312 13.191452888815283 13.189395837351906 13.187700870184464 8.410738342025526 8.41061673698275 8.410560405827834 8.410538831923898
10368000.0 270.1227660943 269.5826836742 269.1362832095 268.6482043277 267.7315159901 267.2154188794 266.9856000479 13.196231028632642 13.19196660566109 13.18921520855279 8.410774173788509 8.410630746416068 8.410569856283463 8.410546142198521
10454400.0 272.230981234 271.0337764427 270.1416099588 269.283248796 267.9482413225 267.3252626841 267.0648546713 13.249738506977101 13.207593101278782 13.196403940012395 8.410916312773836 8.410660046464592 8.410581862054826 8.410554114700059
10540800.0 272.5120056738 271.5336934127 270.6873708483 269.7722689615 268.2069239778 267.4596727488 267.1536673093 13.278395508659873 13.21842635057275 13.202403733601228 8.411063129605372 8.410698470984133 8.410597193432054 8.410563303014165
10627200.0 272.2611454618 271.5386432497 270.8473138587 270.0230409085 268.4390519599 267.6067223612 267.2520298104 13.252042294034462 13.218562819661134 13.204629130886046 8.41115526496999 8.410736571166986 8.410614831648585 8.410573807354869
10713600.0 270.5628043546 270.5016831465 270.2576557199 269.7929157648 268.5521395515 267.7392718701 267.3529863865 13.200839164254775 13.200118963040332 13.197512271767105 8.411065775805355 8.410756354574207 8.410631565160212 8.4105849652468
10800000.0 270.3918721935 270.2072824637 269.9787364168 269.6117331909 268.596061186 267.8462219532 267.4491329162 13.198895812852202 13.197021731366908 13.194969305626495 8.411005959130085 8.410764186408999 8.410645686180766 8.410595964684553
10886400.0 270.2800141218 270.0650083803 269.8340192901 269.500161265 268.6142212665 267.9298813465 267.5364526813 13.197734843381172 13.195712630141237 13.19379911050582 8.410972438648194 8.410767416952497 8.410657141672461 8.410606285923215
10972800.0 269.552717371 269.5593746968 269.4781766793 269.2785479096 268.5936235305 267.9904607849 267.6125981962 13.191763190642208 13.19180812350515 13.191269882515902 8.410911774494064 8.41076348999148 8.410665672328207 8.410615556207569
11059200.0 269.6023812569 269.483291344 269.3559271422 269.158707613 268.5662364548 268.0333524618 267.6773538468 13.192101959290243 13.19130316748762 13.190497850169269 8.41088202259507 8.410758414681341 8.410671836266715 8.410623645975338
11145600.0 270.1017915928 269.774252134 269.5104439449 269.2152255877 268.5712228684 268.0700803435 267.733391454 13.196040777947177 13.19334164125551 13.191481245976169 8.41089600773546 8.410759305249597 8.410677198411872 8.41063080516834
11232000.0 270.4906133906 270.0762368593 269.7313404934 269.3535678583 268.6141048269 268.1102772358 267.7847884113 13.199991642132703 13.195812068770142 13.19302187310432 8.410931815311999 8.41076719675443 8.41068315798252 8.410637505011556
11318400.0 271.6646764457 270.8989764331 270.3097419644 269.7203480791 268.7276194282 268.1665407237 267.8372035933 13.222305055216836 13.205407060625266 13.198035539849618 8.411041594546793 8.410788885896386 8.410691663534053 8.410644473162062
11404800.0 272.2142614886 271.4337220556 270.7820665209 270.0899064822 268.8884093109 268.2438315693 267.895484325 13.248517920497918 13.215818900714254 13.203689407541829 8.411179773161354 8.410821638202565 8.410703670872213 8.410652386850478
11491200.0 271.9235062214 271.3937479578 270.8786591067 270.2580903701 269.0363480021 268.3336593674 267.9605599248 13.23206815526823 13.214849617516379 13.205097414670696 8.411253363028706 8.410854028568977 8.410718117613708 8.410661436485487
11577600.0 272.4679335857 271.7687825251 271.1682923854 270.4905420492 269.187525241 268.4318852281 268.031877135 13.272541702156296 13.225844616010194 13.210033003928173 8.41137293315476 8.410889688496646 8.41073455445348 8.410671622508225
11664000.0 272.5975219674 271.9507320337 271.3658089071 270.6839278925 269.3355853402 268.5352997878 268.1083627366 13.292060663211545 13.233308308938144 13.214194868577092 8.411489704356356 8.410927402238915 8.41075262750377 8.410682871948644
11750400.0 272.6616758569 272.0570188081 271.4985373511 270.8320842732 269.4727787765 268.6403290995 268.188536601 13.305028323122611 13.238664994635652 13.217477807180053 8.411592264474582 8.410965087413796 8.410771844405614 8.410695041990088
11836800.0 272.6711220336 272.1095558164 271.5819913367 270.940460657 269.5950811614 268.7436754237 268.2707008939 13.307193887184303 13.241665177410265 13.219790219176977 8.411675713031299 8.411001146214996 8.410791661531883 8.41070793557641
11923200.0 273.1963214822 272.4549156416 271.8389940794 271.1353927112 269.7262079631 268.847457315 268.3543338778 16.700430325769275 13.270937936502895 13.22850868743429 8.411853795889106 8.41104281215433 8.410812535154554 8.410721520428588
12009600.0 273.2229831523 272.65834018 272.0342257071 271.3128894132 269.8599974466 268.9522226102 268.4390487693 23.130598490724285 13.304281102688467 13.23744087464966 8.412049828517318 8.4110888453849 8.410834669732756 8.410735780407116
12096000.0 273.2232081686 272.7803541373 272.1934388447 271.4777951392 269.9959740619 269.0588191938 268.5252994007 23.256171500067016 13.339139574318928 13.247050369155566 8.412270610263302 8.411139739492732 8.410858372890695 8.410750843958754
12182400.0 273.2197623292 272.7310138464 272.2121471238 271.5519979173 270.1140721479 269.164371008 268.6126223827 21.580867384481046 13.322897230512142 13.248366292606269 8.412380034084107 8.411187590636393 8.41088311253164 8.410766687277345
12268800.0 273.2153022525 272.7028704969 272.2142848548 271.5902039049 270.2061320402 269.2622876276 268.6987539016 20.00567363611689 13.315057794703458 13.24851959952154 8.41243897926647 8.411227479262397 8.410907282427136 8.410782932841375
12355200.0 273.208798051 272.6956141349 272.224160507 271.6239206579 270.2848665457 269.352825815 268.7822850636 18.44199303422665 13.313175426983907 13.249235897725205 8.412494235346548 8.411263625038462 8.410930757426271 8.410799309443206
12441600.0 273.1948953608 272.6965490314 272.2383521172 271.65629863 270.3547576152 269.4365365116 268.862543129 16.562677102210603 13.313414975395046 13.250289079463132 8.412550254303634 8.411297434048931 8.410953496437442 8.410815654775055
12528000.0 273.1367186033 272.676328357 272.2387788527 271.6787937315 270.4165429738 269.5139620384 268.9392221369 14.302311569323434 13.308419842708455 13.250321194325595 8.41258953718847 8.411328759816232 8.410975474640384 8.410831862249237
12614400.0 273.0601889269 272.6345635397 272.2216796729 271.6876190231 270.4696352336 269.5852848538 269.0121411874 13.682494005939557 13.299202119124525 13.249054699206766 8.412603132283127 8.411356803482848 8.410996578389225 8.410847840834455
12700800.0 273.2184493444 272.7331738665 272.2852517282 271.7349718288 270.52375133 269.6529603278 269.0822663724 21.059535678866503 13.323537233612834 13.253984577424403 8.412698255576347 8.411386662197705 8.411017411133253 8.410863755764193
12787200.0 273.2293499928 273.1120211703 272.5485726276 271.9037626571 270.6010266914 269.7205008078 269.1497631357 28.020135706926016 14.007217201109139 13.283820377589135 8.413113549616932 8.411431955064437 8.41103903471321 8.410879609213712
12873600.0 273.4503641869 273.1897701635 272.6773940754 272.0370170677 270.6947262994 269.7927572427 269.2167641178 30.671929570084572 16.134077457178506 13.308673716798092 8.413529707803221 8.411490846058005 8.41106314630264 8.410895892750966
12960000.0 273.34149558 273.2004061017 272.7293493929 272.1149676372 270.7827911276 269.8680255775 269.2844536585 29.27118851755234 17.150867210327405 13.322408003521447 8.413818671342506 8.411550372871144 8.411089408878379 8.410912925697893
13046400.0 275.1024436817 273.215004166 272.7693601828 272.1709824583 270.8586399964 269.9420819808 269.3523232006 28.800704678373968 19.917961719564495 13.335200933330608 8.414056253429752 8.411605247996956 8.411116470271066 8.410930622960787
13132800.0 273.7307673704 273.2158188482 272.7942551053 272.2137527187 270.926108392 270.0132477865 269.4193619972 28.488887381213807 20.162205672288646 13.344424592837479 8.414255431117335 8.411657197125665 8.411143697962048 8.410948745499487
13219200.0 273.2291735627 273.2134555692 272.8040411445 272.2433273806 270.9854877864 270.080733703 269.4848878282 27.835518329488487 19.49075027598896 13.348368146725532 8.414400433397542 8.411705570336546 8.411170702138833 8.410967109608551
13305600.0 273.2284583948 273.210503172 272.8105883723 272.2664982096 271.0381527689 270.1442663153 269.5484170613 27.12369815984733 18.790208716117373 13.351117803164849 8.414519692456496 8.411750735116525 8.411197249658283 8.410985561980395
13392000.0 273.227724933 273.2068074266 272.8164639223 272.2864509712 271.0856071401 270.2039495924 269.6096729438 26.449855605417433 18.07848634874181 13.353665958672856 8.4146274522904 8.411793406704948 8.411223247825973 8.411003990824964
13478400.0 273.2269296361 273.2020984951 272.8219059523 272.304351231 271.1289930066 270.2600731442 269.6685468508 25.776830862808307 17.36608609085396 13.356097496970788 8.414728514400574 8.411834184509882 8.411248690121193 8.411022323628552
13564800.0 273.2260938359 273.1959543202 272.8264443551 272.3204367255 271.1690408432 270.3129658431 269.7250419449 25.127264141802556 16.66409215518725 13.35818015449286 8.41482281812822 8.411873423260793 8.411273603311294 8.411040517398108
13651200.0 273.2251960756 273.1876489403 272.8292832942 272.3344658008 271.2061491528 270.3629166444 269.779219634 24.488152949668255 15.982230594925793 13.35950923408908 8.414907323308102 8.411911234053079 8.41129801232809 8.411058546517294
13737600.0 273.2242069816 273.1758713329 272.8292579731 272.345812396 271.2404434092 270.4101359549 269.8311588349 23.846179512058946 15.331684263860081 13.359497288376023 8.414976141047738 8.411947483764942 8.411321917460597 8.411076391860057
13824000.0 273.2230833486 273.1581338552 272.8244378206 272.3532784423 271.2717624361 270.4547279559 269.880924686 23.186196167718226 14.729142684050197 13.357253070432009 8.415018982346922 8.41198172759396 8.411345273271769 8.411094030603923
13910400.0 273.221747607 273.1297389528 272.8113200622 272.35459677 271.2995353929 270.4966467643 269.9285381779 22.4845516367649 14.20337336166985 13.35143089089454 8.415017883876644 8.412013014820133 8.41136795577184 8.411111424430871
13996800.0 273.220061231 273.0840277455 272.7846074073 272.3461712371 271.3226388963 270.5356349284 269.9739410822 21.707496701530417 13.800354433847046 13.340719085597364 8.414947639968277 8.412039661640915 8.41138971534858 8.411128503899942
14083200.0 273.2178080452 273.0215550327 272.7427224176 272.3260951657 271.339927713 270.5712745844 270.0169849996 20.82393441260515 13.559266843068668 13.326437744479446 8.414802398206763 8.412059876210828 8.411410190528715 8.411145160096073
14169600.0 273.2146986757 272.962313416 272.6975594292 272.3004100198 271.3519105604 270.6033459489 270.0575129984 19.829980921359226 13.459503963863424 13.313674847381135 8.414633693828357 8.412073936395116 8.411429113075936 8.411161273025082
14256000.0 273.2127697227 272.9274194315 272.6659736638 272.2800085923 271.3612444555 270.6322058778 270.09550854 19.315608514730787 13.423182914755376 13.306004398067007 8.414509830395223 8.412084957605742 8.411446559190228 8.411176773398127
14342400.0 274.4136177137 273.1316054987 272.7567989658 272.3166945976 271.3760933216 270.6596131877 270.1317278113 27.263590053427606 14.228398968792114 13.330938604988606 8.414744836260924 8.412103312090935 8.411463507210785 8.411191917997174
14428800.0 275.6032426553 273.2072322167 272.8507754957 272.3948479047 271.4111518769 270.6892870561 270.1667032931 27.06083626356327 18.152511825989823 13.370285650957033 8.415306359230016 8.412148726751886 8.411482288959427 8.41120689686076
14515200.0 275.9780846533 273.2206773521 272.920485214 272.4561100911 271.452512828 270.7226969627 270.2018195667 27.06583736070639 21.97862381391034 13.417131739240286 8.41584273846705 8.41220464919643 8.411503993353548 8.411222299027706
14601600.0 276.4207452127 273.2267994781 273.0974915623 272.5815362784 271.5111433375 270.7622562925 270.2386652963 27.16985153404668 25.67195374796258 13.887951402632426 8.417454167258246 8.412289280556543 8.411530490035828 8.411238865302993
14688000.0 275.2587232613 273.2283752867 273.155896107 272.6562411508 271.5704461271 270.8057884595 270.2774040361 27.325729385347785 27.04459958390199 14.672960629510824 8.418856049500745 8.412381246484207 8.411560697050716 8.411256747995306
14774400.0 275.7810222881 273.2299230844 273.1854265025 272.7044677507 271.6240171001 270.8508802207 270.3176481697 27.543151028243443 28.64632045919599 15.836460277286015 8.420051108999049 8.412470353644975 8.41159321086941 8.411275851591004
14860800.0 276.9050002341 273.2317427422 273.20392801 272.7395927572 271.671318637 270.8956836799 270.3586992738 27.849157204180575 30.94216886768134 17.621249702664098 8.421137277391889 8.412554321637307 8.411626824836734 8.41129591447083
14947200.0 277.1583083383 273.2331586992 273.2142464984 272.7658497168 271.7130457351 270.9391254276 270.3998690349 28.12893608394802 33.12552018657296 19.703182341915902 8.422100287465083 8.412632930034958 8.411660738031461 8.411316646103348
15033600.0 276.3961130929 273.6204041079 273.2201723543 272.7849541339 271.7498512286 270.9806431402 270.4406032519 28.191686444578053 33.802105389360634 21.75537517720845 8.422884749438719 8.412706101081298 8.411694438010246 8.411337787972462
15120000.0 277.2857735387 274.7549451406 273.2255411537 272.7984988485 271.7823338785 271.0199746422 270.4804974993 28.147691730024217 33.01947741359927 24.727077043593432 8.423471727440214 8.412773890004578 8.411727593794001 8.411359128844811
15206400.0 277.7207987255 275.0887671882 273.2290499477 272.8110876377 271.8117396962 271.0571636605 270.5193076833 28.089743686365733 32.751072737711375 27.708355333814655 8.424086204117222 8.412838099308539 8.411760107293254 8.41138052043264
15292800.0 278.1092174993 275.3141056413 273.2315703937 272.8284122709 271.8400371989 271.092609627 270.5569739514 28.0385497707102 32.727797237144266 30.702208650502207 8.425141875526563 8.412902757491635 8.411792207685986 8.411401903177458
15379200.0 276.4273125104 274.7235454122 273.2327882892 272.8482970197 271.8680611425 271.1267648909 270.593565922 27.999234491782595 32.77968786529991 32.515401290146706 8.426612093468274 8.412969774253762 8.411824219547201 8.411423288680647
15465600.0 277.6790788399 275.1566997006 273.2341144465 272.8792028622 271.8980279408 271.1603457604 270.6292975079 27.976745786400812 32.92109717352157 34.844838821864826 8.429866766408411 8.413045132779041 8.411856780932574 8.411444779661077
15552000.0 279.493952525 275.9756101479 273.2356427552 272.9381206656 271.9350022153 271.1948197802 270.664662919 27.97893644915157 33.20465630223631 38.10265495106005 8.443655833038854 8.413144121598693 8.411891389667618 8.411466668181488
15638400.0 279.440397444 276.1199731933 273.2368562328 273.0066576558 271.9786710873 271.2312551772 270.7002483134 28.038563243726625 33.47958787498203 41.231039835961006 8.503464223730624 8.413269824286793 8.411929339919862 8.411489340484717
15724800.0 276.510347558 274.9750146242 273.2373705456 273.0402189236 272.0194005528 271.2685823587 270.7361669496 28.088629548149736 33.56761692630348 42.726282479449296 8.596552715049226 8.41339557975915 8.411969766671465 8.411512913365435
15811200.0 277.4443235441 275.2153631822 273.2379380321 273.0617519771 272.0552415063 271.3054600877 270.7721402875 28.126418972080312 33.59965068378895 44.505041138135844 8.743861990241836 8.413513733096961 8.412011338050416 8.41153724684142
15897600.0 276.8907850767 275.0312594172 273.2383828848 273.0757558901 272.0864419881 271.3410046068 270.8077668844 28.14305258149642 33.581836441793406 45.99919126118344 8.928498382653189 8.413622876912756 8.412053035229308 8.411562093703868
15984000.0 278.2092712304 275.7786097194 273.7441596001 273.0910166055 272.1147341452 271.3749737009 270.8427375498 28.146974065073653 33.55151201531605 46.65852896601117 9.56050371320074 8.413727588438144 8.412094468755658 8.411587240772336
16070400.0 280.5114185213 277.2716934809 274.7147100871 273.1017377318 272.1400423453 271.407241836 270.8768339649 28.14582857057246 33.486930571542366 46.1654039650368 11.03020772675866 8.41382613685659 8.412135346358836 8.411612515516842
16156800.0 279.6302982079 277.1775224126 274.8476412316 273.110021734 272.1636453269 271.4379447149 270.9099523181 28.134547980579825 33.41140517660176 45.832887443177654 12.528703316584691 8.413922737880798 8.412175693543626 8.411637813129454
16243200.0 274.6960499911 274.7449182366 274.0137592629 273.116970274 272.1861385293 271.4673024533 270.9420798692 28.119143367904226 33.33753092964805 45.564817428189514 13.150251088587762 8.414019379555473 8.412215671127074 8.411663090186124
16329600.0 277.9726789727 275.8889792125 274.2975628606 273.1284084422 272.2100457201 271.4959311119 270.9733562547 28.104237177814657 33.26527666480669 45.34343928272708 14.019709126151325 8.414127957834362 8.412256043461708 8.411688425305474
16416000.0 279.1278747605 276.6789629712 274.63019163 273.1510289481 272.2403179753 271.52521967 271.0042124596 28.086115161579933 33.19700796779822 45.15866289597856 15.168947308147873 8.414275639480914 8.412298841184727 8.41171415484136
16502400.0 280.6392145302 277.6808325691 275.2193990995 273.3966387285 272.2962622821 271.5597994693 271.0360686608 28.06614264649897 33.13300602537572 44.994217202322595 16.37961874079169 8.414583992796818 8.41235143125425 8.411741518285739
16588800.0 282.5486364974 279.0606416119 276.2199112702 273.8360391231 272.3407369126 271.5964885409 271.0691041677 28.04489733495421 33.071996166390576 44.83266146711574 17.65706643331414 8.41485704002718 8.412409828286565 8.411770793138782
16675200.0 280.7703957893 278.516329291 276.2233969754 273.8874633048 272.3727432905 271.6319081399 271.1025335148 28.015960300940137 33.0113026742808 44.67625935687624 19.0370691287848 8.415070423529848 8.412468923744333 8.411801393343133
16761600.0 281.9149391123 279.0226954084 276.4621275627 273.9469124976 272.399366682 271.6651014808 271.1355967373 27.99227303904278 32.95490599292701 44.52696884307335 20.534853241082825 8.415261825082451 8.41252690311679 8.411832672679555
16848000.0 282.469021369 279.4628888403 276.7730988497 274.1637875431 272.4683412049 271.7044810348 271.169896854 27.966673345051937 32.90026693293925 44.38361913696772 21.919578381359177 8.415865846253068 8.412599194608072 8.411866242989582
16934400.0 283.3035105115 280.1635017128 277.4291188963 274.9719668177 272.5403854864 271.7498371963 271.2065445415 27.941165534147732 32.8473690723767 44.24449092885494 21.996786244100605 8.416658863996801 8.412687574654308 8.411903440358842
17020800.0 283.8195839799 280.691645086 277.9129642128 275.303890249 272.5814568182 271.7936039772 271.2443464696 27.914643886187203 32.795366795121005 44.109308357878334 22.081499488058657 8.417187042958856 8.412778548085848 8.411943331241233
17107200.0 282.9120598561 280.3862866946 277.9104102214 275.3721639226 272.6092814786 271.8329755049 271.2817423032 27.885464558406532 32.74333131215534 43.97778874795154 22.167018562537667 8.41758593199248 8.412865631550984 8.411984406301135
17193600.0 283.5057025665 280.6536830158 278.0507380231 275.446001529 272.6350344833 271.8687111573 271.3179439449 27.860186270843105 32.69432130829947 43.85138813758201 22.25199132210436 8.418003508107883 8.412949377864653 8.412025791535722
17280000.0 283.2788863341 280.655391955 278.1832265048 275.7237675298 272.7605955836 271.9203632155 271.3572846015 27.83335280837525 32.64608835633276 43.728734057717624 22.334339294247695 8.421507564640184 8.413079160628676 8.412072689459613
17366400.0 283.8755957895 281.0677004208 278.5505400585 276.1634762028 272.8145259246 271.9725082117 271.3990288596 27.808721626487056 32.59989797782238 43.60976635072475 22.413457526776078 8.423899127379991 8.41322191249955 8.412124792600713
17452800.0 283.0069436215 280.7635516855 278.5522258406 276.2953956546 272.8413304906 272.0179354203 271.4405986082 27.781366584893043 32.553321488045405 43.49322546117353 22.488430225503237 8.42534225112266 8.413357159965345 8.4121792456553
17539200.0 279.8624679552 279.037744428 277.7164496354 275.9637127122 272.8588893877 272.0563731755 271.4802489836 27.752308412067517 32.50658160845524 43.37952462799393 22.557239479206338 8.426421332445766 8.413480510422724 8.41223374976002
17625600.0 278.9061079799 278.0883548353 277.0181593744 275.5786302546 272.8732271112 272.0894193396 271.5173388655 27.729695384005993 32.46440733921087 43.27195480853577 22.6209338292725 8.427439834789569 8.413593817207529 8.412287167421768
17712000.0 281.6311196431 279.2630701943 277.3979121706 275.6583909115 272.8874819365 272.1188163066 271.5519234976 27.71197525318219 32.42615799805616 43.16991649582433 22.682446098848107 8.428657874022631 8.413700809697286 8.412339245235552
17798400.0 276.7403246454 276.9024471598 276.3136416543 275.1951623947 272.9023354056 272.1458403712 271.5843436591 27.685340570973946 32.384927727207966 43.06981498103442 22.738282130208297 8.430192815065482 8.41380477737538 8.41239018507453
17884800.0 278.0147572298 276.9948577571 276.0611102871 274.9730537885 272.9178918793 272.1713184243 271.6149929435 27.666737016362173 32.34843880844925 42.975109670186285 22.790831226744185 8.432167585898629 8.413908136503235 8.412440351413732
17971200.0 279.6117894601 277.8186505988 276.3841475925 275.0633692712 272.9356804342 272.1960576439 271.6442937478 27.648413602653406 32.313025739736084 42.88343105507536 22.84133807775983 8.435124244280217 8.4140138628858 8.412490249318884
18057600.0 280.9938355304 278.7742324778 276.9778173686 275.427940225 273.0489344296 272.2374724154 271.6767539498 27.62979652738652 32.27806045957486 42.793562906833756 22.890272566301554 8.567641374357276 8.414203885506767 8.412547880421732
18144000.0 281.7033902756 279.4528570788 277.539819723 275.8631421767 273.0921886064 272.2799809641 271.7116798046 27.610007685354475 32.2429279636984 42.704771275867444 22.937531013752245 9.087609359329813 8.414418036328229 8.4126128389224
18230400.0 279.3826422482 278.439535166 277.2311326552 275.8607403273 273.1077005753 272.3160880039 271.7464737336 27.586128200128194 32.205960322399655 42.61618600525871 22.98131590101018 9.694514861691133 8.414617354672416 8.412680816109525
18316800.0 277.6399669656 277.2842023943 276.5863336257 275.5670685092 273.1159789261 272.345731882 271.7794444957 27.565962321959503 32.1710378201791 42.5302329639335 23.021312915817543 10.24757766595826 8.414794581512584 8.41274846522805
18403200.0 280.9601352263 278.7619580626 277.1469433046 275.7529186641 273.1216983511 272.3704710846 271.8099924184 27.551399614530983 32.139731927685894 42.44797212800149 23.060090269992358 10.830808670800316 8.414952963917106 8.412814159863728
18489600.0 279.8198324661 278.4965260919 277.1627167633 275.8115362423 273.1260921328 272.39166684 271.838113849 27.53051495828161 32.10635610277885 42.36631212354698 23.09646136672663 11.440611924273243 8.415097007405027 8.412877382289714
18576000.0 281.7625831865 279.50565106 277.6873705241 276.0780469832 273.1298715713 272.4103233664 271.8640472789 27.514871348777557 32.075369089669564 42.2868379773231 23.1314755329092 12.124707234224685 8.415230730800227 8.412938173977908
18662400.0 282.3846365072 280.1113899814 278.1511392632 276.3737462625 273.1335770527 272.427249348 271.8881208769 27.49670560655066 32.043851933587646 42.20819944240487 23.16494492348516 12.903745279295775 8.41535811478603 8.412996876514951
18748800.0 278.8128131703 278.3781166952 277.42589788 276.1199760618 273.1375470934 272.4431346966 271.9106930237 27.472692373363913 32.00931562981923 42.12881260119136 23.194698513862097 13.646366011436887 8.415483301532117 8.413054021155869
18835200.0 279.817273972 278.5006858783 277.2936609764 275.9920435378 273.1421820273 272.4585836616 271.9321273296 27.457055180891928 31.97917917883179 42.052897964013056 23.222304367974065 14.342615631486881 8.415610651372946 8.413110275907982
18921600.0 278.5900154427 277.8312790908 276.9047648374 275.7728637999 273.147636248 272.4740582572 271.952762798 27.43885623639669 31.94878737600294 41.97864604909379 23.247373836299246 14.970296784366482 8.415744137771403 8.413166366212545
19008000.0 279.6283213249 278.2044316599 276.9735733212 275.7433984383 273.1542053982 272.489984627 271.972918402 27.42377238297629 31.920329008374157 41.906817168070305 23.270788980700186 15.56875074605866 8.4158881577574 8.413223079731337
19094400.0 278.6743313673 277.7605218929 276.7575152212 275.6319587815 273.1618931908 272.5066598579 271.9928738623 27.406427207338087 31.891399829797177 41.836154771552344 23.29209270694446 16.13054123081985 8.416046708534061 8.413281206205045
19180800.0 277.676386444 277.1056275796 276.361520668 275.4142468547 273.1702020364 272.524067812 272.0128095389 27.39010884320719 31.863256276296266 41.76719216265752 23.311183191206027 16.627076179288217 8.41622137773619 8.413341343130153
19267200.0 279.0474087976 277.6608962442 276.5213430938 275.4275338583 273.1791458467 272.5421909896 272.032840642 27.376144334146172 31.836723378322002 41.70027998079925 23.328963750117072 17.105931098047694 8.416414017731153 8.413403962644331
19353600.0 280.6739275974 278.6642104272 277.0737922848 275.7108746493 273.267296523 272.5687691431 272.0549311622 27.362624075640152 31.81084680578983 41.63461894695886 23.345871352277275 17.530807150671514 8.416718596186838 8.413475717039333
19440000.0 280.124584587 278.6548357425 277.2603437613 275.9365991252 273.4348761036 272.5975586009 272.0789395401 27.345798117475397 31.783694893382574 41.569009364597854 23.3612625349032 17.860526809170636 8.417082101895478 8.413557108926737
19526400.0 282.2179670982 279.8395409075 277.9555004957 276.3660851614 273.5011664082 272.6215015454 272.1029348152 27.333565493331616 31.75862908106489 41.5048316078531 23.375938624857643 18.358112310283737 8.417415051680738 8.413642243065759
19612800.0 282.1304799082 280.1347459184 278.336329814 276.693040909 273.5475924101 272.6405791647 272.1256183548 27.31703279695059 31.731951180538246 41.44038624148526 23.389357412793782 18.972105501940355 8.417703097777938 8.41372644678213
19699200.0 281.7270817949 280.0521748374 278.4400466491 276.8551048189 273.5788937645 272.6560626909 272.1465398253 27.300361278736702 31.704873184773238 41.3758910122506 23.40118150830506 19.66057337977213 8.417953489184306 8.413807536014449
19785600.0 282.8678887424 280.687817149 278.8198267049 277.0977426155 273.6087005642 272.6690442809 272.1657132765 27.287030237528008 31.679586472661672 41.312772468988335 23.411980531749364 20.417672438007155 8.418176036870411 8.413884923630409
19872000.0 279.6833693568 279.1482025179 278.1634934068 276.8636791642 273.6104377063 272.6803355877 272.1833420758 27.266111251097144 31.650632096172377 41.24815872949805 23.42022734569603 21.167465615878534 8.418379765220008 8.413958827049424
19958400.0 280.9926850826 279.4834050727 278.1571904465 276.7973800133 273.6079173817 272.6905745056 272.199695353 27.254106769508546 31.626139271984005 41.18654752119679 23.427390778020253 21.899268488277905 8.41857329569703 8.41402987215282
20044800.0 278.8494473379 278.373139039 277.5775818078 276.4979520699 273.5909072436 272.7002652465 272.2150532444 27.237055280816563 31.599908461292554 41.12522593083992 23.43265048997427 22.576400494327917 8.418764706183913 8.414098890426994
20131200.0 278.7012358105 277.9950184631 277.2084951809 276.229097321 273.568198138 272.7097832114 272.2296766521 27.22381295737104 31.57578436417969 41.066071347399884 23.436604450433215 23.186001354999398 8.418961032887868 8.414166781435327
20217600.0 279.454344271 278.262588053 277.2157514317 276.1459403605 273.55464914 272.7194265548 272.2438000953 27.211661562936303 31.552838318609066 41.008784840521336 23.439727772257765 23.75283341924135 8.419168933409493 8.41423446301541
20304000.0 279.4476639722 278.2970232162 277.2168146467 276.1155996189 273.5490908282 272.7294595103 272.2576372467 27.198515378252146 31.529809016260025 40.95244220507451 23.441912611985707 24.29736010212879 8.419395509122495 8.414302881982923
20390400.0 277.1068664189 277.029869155 276.5647049421 275.7906606987 273.52846464 272.7399579084 272.2713462648 27.18372233447967 31.50608358728188 40.896588388608066 23.44250066831225 24.782323691335193 8.419644649689046 8.414372824853706
20476800.0 278.5482635119 277.4752474358 276.5955146513 275.7056616025 273.5142829667 272.750924702 272.2850319453 27.172755251248283 31.484592493805312 40.842813571641585 23.442461266508186 25.22463598551108 8.419919119893699 8.41444489376377
20563200.0 276.6234342128 276.502808279 276.0876855907 275.4299178504 273.4924592195 272.762190946 272.2987248742 27.159360286236353 31.46242072397772 40.78976037549362 23.44119784508587 25.606515569976228 8.420217498830942 8.414519355276145
20649600.0 275.6488052672 275.7115751179 275.5265142393 275.0732552711 273.4609392308 272.7733959973 272.3123607098 27.147887812572556 31.441467098362203 40.73839119629814 23.438888454563248 25.906453154674555 8.420532237490209 8.414595962435559
20736000.0 277.1854941626 276.2996100032 275.6409756576 275.0135728838 273.4434825958 272.7843130567 272.3258450142 27.13696889819323 31.421196146673033 40.68831764568809 23.43613635722444 26.160513070202878 8.42085772382002 8.414674249143342
20822400.0 276.7145688155 276.1530644747 275.5750967169 274.9555304426 273.4338045214 272.7948387994 272.3390966174 27.125288954987614 31.40084785800071 40.638933966095955 23.432699297364813 26.388265159895425 8.421190782555838 8.414753760116275
20908800.0 277.1377471034 276.3421819131 275.6457475096 274.9685216533 273.431334026 272.8049599382 272.3520646164 27.114165849027575 31.380849623983295 40.590272838805944 23.428692382751752 26.60702414970064 8.42153049830914 8.41483416516627
20995200.0 277.2811755952 276.4627863197 275.723446918 275.0079962722 273.4336138062 272.8147008612 272.3647253076 27.102920510423154 31.360986193517068 40.542190411877655 23.424116712844285 26.82752371762464 8.421877118689306 8.414915265827572
21081600.0 276.3071900094 275.9685601349 275.4946871765 274.9100624847 273.4290989137 272.8240152193 272.3770539783 27.091419559813424 31.3412056237046 40.49474398888149 23.418787147468766 27.033594911852912 8.422228233281231 8.4149968317864
21168000.0 276.185584276 275.7779864115 275.3323466599 274.803021571 273.4201968919 272.8328237238 272.3890147885 27.08061778816645 31.32195695390954 40.44817823054327 23.412842338822532 27.215951675979454 8.42257954409774 8.415078528250621
21254400.0 273.6431116853 274.3321739363 274.5403632933 274.3882520661 273.3900911064 272.8409412671 272.4005390199 27.071273817050074 31.303740050509514 40.403126943420645 23.40601463509322 27.328406268506036 8.42292130096396 8.415159746882962
21340800.0 273.2283279427 273.71331488 273.9827937811 273.9911457897 273.3506015624 272.8481929894 272.4115377602 26.999862759547913 31.282831375245262 40.35890699358419 23.398627787453737 27.354474715510953 8.423242392145026 8.415239662230954
21427200.0 273.2273960382 273.4932755069 273.6775884993 273.7144420563 273.3155166633 272.854492348 272.4219311593 26.164623490731636 31.136308299173912 40.2728334130931 23.39034551565538 27.308943688838788 8.423534301192825 8.415317431845711
21513600.0 273.2263619167 273.385474266 273.503559847 273.5361362245 273.2894560148 272.8598277431 272.4316640766 25.329569496887178 30.975555181383594 40.04632423962496 23.379751360791868 27.215117285652113 8.423791605480881 8.415392330843735
21600000.0 273.2259241472 273.3243963516 273.3996045934 273.4234732114 273.2716958589 272.8642178436 272.4407046015 25.002024061438764 30.848177228842165 39.78648604815721 23.366669123881064 27.092702374733584 8.424010636817787 8.415463770931565
21686400.0 273.225265698 273.2874583803 273.3357828731 273.3525873093 273.2600805852 272.8676684146 272.4490318948 24.535705592138655 30.711252512405817 39.50088510420323 23.351035577238836 26.955398721108043 8.424187646649255 8.415531230077473
21772800.0 273.5267578957 273.4299942475 273.3806525861 273.3486189914 273.2551909158 272.8700922409 272.4566091077 28.047600730946336 30.896038372513953 39.4662465867323 23.33522906540817 26.81931786167446 8.424314634803846 8.41559404215024
21859200.0 276.8194843473 275.2586169461 274.3238737652 273.7978652112 273.2818974418 272.8682016602 272.4626186477 27.872605613470164 31.017121455106643 39.46258532208238 23.3195488435906 26.814029159319265 8.424215394004023 8.415644858415241
21945600.0 277.9773298851 276.366745043 275.1666841584 274.3391413124 273.3298604172 272.8628022586 272.4666757552 27.73025155264515 31.087799229156044 39.47801027807833 23.304341191487257 26.905094084182885 8.423939267844192 8.415679678074346
22032000.0 276.3666263191 275.8391869177 275.173090093 274.5161498534 273.3632234647 272.8566829472 272.4692310657 27.61716377245945 31.120540052592386 39.499015044673364 23.289451909351524 27.054809177063866 8.423638795222741 8.415701824958733
22118400.0 274.5345863791 274.7701442283 274.6661039977 274.3396901143 273.3654318093 272.8518532559 272.4710940274 27.527952910645578 31.132454932220714 39.51898962541808 23.274748193562726 27.19709722592331 8.42341048311562 8.4157180779156
22204800.0 275.2087516728 274.8739317888 274.586376441 274.2546815682 273.3589070411 272.8488524482 272.4729179902 27.44979460017465 31.134360405944324 39.53724666454045 23.260408687095175 27.31704386530377 8.423272370291231 8.415734078582995
22291200.0 275.3557525795 274.9534297936 274.5941607738 274.2310841623 273.354159623 272.8474233435 272.4750451257 27.381925712188234 31.129068809341014 39.552048702732456 23.2464182698405 27.422296012931447 8.423207572754658 8.415752849703798
22377600.0 274.8114139945 274.6684916665 274.4445381684 274.1499636367 273.3471858514 272.8471375218 272.4775817434 27.323528813093702 31.119073887038002 39.56227980577077 23.23269536143449 27.509314607134815 8.423194687696975 8.415775391937697
22464000.0 273.8742952344 274.0812956264 274.0979343963 273.9576261084 273.3318624513 272.8476346858 272.4805114019 27.273639802425418 31.10653230309843 39.56777060063277 23.219172485907208 27.559088625461335 8.423217116127816 8.41580164278529
22550400.0 273.4198849507 273.6690326289 273.7796441329 273.7441119752 273.3111494517 272.8486595627 272.4837710752 27.229603641252936 31.09275923843537 39.5690746054233 23.205841305283183 27.55932385219948 8.423263588182651 8.415831126123468
22636800.0 273.9846149323 273.8433071001 273.7622685924 273.6663370702 273.2969180912 272.8500410376 272.4872894941 27.18851261009261 31.077987037060925 39.566673769515155 23.192700068874462 27.525984602950338 8.423326739920329 8.415863280177659
22723200.0 274.528002313 274.1583086818 273.9029950965 273.7048476168 273.2936757158 272.8516655675 272.491002462 27.15097632252433 31.062641442564296 39.5608956650401 23.179726182286565 27.485709731886626 8.423401762035981 8.415897590131504
22809600.0 275.3099370501 274.6594838667 274.1940129756 273.853409882 273.3024126265 272.8534568392 272.4948569479 27.116319462349814 31.0469227101075 39.552053335514785 23.166910022762057 27.467421687515625 8.42348545165094 8.415933625405428
22896000.0 276.3621590556 275.3706570371 274.6449588748 274.1153513979 273.3235622709 272.8553624014 272.4988107927 27.084268544868028 31.031033213677638 39.54047493404366 23.154262041000468 27.50098176697999 8.423575614917677 8.415971039499437
22982400.0 275.5046776263 275.1095590233 274.6532120804 274.2020164631 273.3390546318 272.8573457017 272.5028310849 27.055447820509556 31.014855373710326 39.526083479413 23.1416552395225 27.572731537046014 8.423670722223504 8.416009558188932
23068800.0 274.3315500675 274.4361546398 274.3290698017 274.0785583949 273.3375235913 272.8593809938 272.5068923817 27.03038341432553 30.999009292500634 39.50931296128314 23.128993283476532 27.64174874098225 8.423769692713176 8.416048966097918
23155200.0 273.9143568088 274.0404096854 274.0389947547 273.9048933907 273.3247047408 272.8614496879 272.510975056 27.007552104140775 30.983585750009855 39.49074818837286 23.116312677358614 27.68098555533602 8.42387173978466 8.41608909393142
23241600.0 273.2279098422 273.5442585316 273.6928580229 273.6841025453 273.3044675538 272.8635380767 272.51506393 26.61469745112985 30.94115824494782 39.46464418199902 23.1035641124951 27.67272289433885 8.4239762759355 8.416129807731007
23328000.0 274.2402912798 273.9438896955 273.7841367379 273.6569328208 273.2935021081 272.8656359844 272.5191472479 26.995117280637064 30.934484324927315 39.439509809037844 23.09080221258939 27.639306712488228 8.424082857864146 8.416171000853215
23414400.0 275.0196877112 274.4451692577 274.0517818884 273.7719132719 273.2967089228 272.8677357155 272.5232158953 26.971591376769265 30.925319398919832 39.414775528073484 23.078050090325636 27.61482753633635 8.424191142777167 8.41621258786462
23500800.0 276.1949804979 275.216744388 274.5218087601 274.0308582802 273.3154289366 272.8698311716 272.5272627283 26.94973284778428 30.914407411047204 39.39000188120941 23.065343821577528 27.636546503568216 8.424300849792349 8.416254499091021
23587200.0 275.6575553752 275.1418503583 274.6279792856 274.162380849 273.3329120559 272.8719176366 272.5312821267 26.929757985857652 30.902219239465623 39.3650397311641 23.05261830355221 27.70138025992333 8.424411753630954 8.41629667707313
23673600.0 273.2270767053 273.8319842828 274.0058839637 273.9087872833 273.3243240642 272.8739917651 272.5352697853 25.897063600782726 30.748673088403322 39.30506664135653 23.039414692429606 27.74662257014332 8.424523688729911 8.416339075258374
23760000.0 273.2264287057 273.5028686635 273.6656784316 273.6722201297 273.3037984171 272.8760510801 272.5392224238 25.380838616189884 30.623863081202657 39.14261560028695 23.024947336354217 27.743642508799667 8.424636526571476 8.416381655688742
23846400.0 273.2237527753 273.3771170531 273.4862183451 273.5101312613 273.2839246826 272.8780937866 272.5431375912 23.57106022063361 30.338462609866262 38.76768367961928 23.007565006501203 27.69406574644367 8.424750168427286 8.416424387515104
23932800.0 273.2238335305 273.3154162526 273.3852393438 273.4065058014 273.2688608662 272.880118713 272.547013518 23.61912162539825 30.18980824201514 38.415603704115625 22.98772652851786 27.60948238736005 8.424864544663704 8.416467245901988
24019200.0 273.2286276283 273.2836599547 273.3269485254 273.342103857 273.2585964154 272.8821251607 272.5508490009 27.287034454008076 30.35187193895898 38.36519062559994 22.967777473664214 27.50144006960173 8.424979608494914 8.416510211165578
24105600.0 273.6089119181 273.4726331036 273.3987266757 273.3535716549 273.2551706724 272.8841126683 272.5546432581 28.020854240954474 30.54305920132708 38.36757271605271 22.948074114172577 27.386407758234633 8.425095324107735 8.41655326753652
24192000.0 273.567896775 273.4915380872 273.4239378744 273.3669083113 273.2549644724 272.8860808788 272.5583958228 27.838229483319225 30.658663471196174 38.39486414503969 22.9288221418908 27.272146370800158 8.425211659704852 8.416596402201574
24278400.0 273.2254621624 273.3112482354 273.3387069779 273.3295523375 273.2526902544 272.8880294147 272.5621064268 24.671664102978813 30.396425918650653 38.36395332091884 22.90961401839283 27.153648718413155 8.425328580350287 8.41663960416782
24364800.0 273.2111351229 273.2538277513 273.2834525913 273.2914041853 273.2491685754 272.8899619884 272.5657844868 18.9290228650058 29.545944752034522 37.75033455178437 22.887745469058107 27.02970900919751 8.425446300096622 8.416682976990769
24451200.0 272.3373987473 273.2286623829 273.2511669939 273.2627863413 273.245559762 272.891874877 272.5694204336 13.258530464513138 27.32095979858775 35.86586980850146 22.857565490226666 26.898092452593897 8.425564582849667 8.416726401492598
24537600.0 270.8629938962 273.225410846 273.2389671129 273.2476325361 273.2430213028 272.8937680369 272.5730144792 13.20486197339955 24.635896881731142 33.79691537953726 22.82082773764878 26.760874808935597 8.425683410791562 8.416769871548102
24624000.0 271.2046318396 273.2218254632 273.2325309394 273.239850852 273.241504064 272.8956416383 272.5765675025 13.21074280542983 22.523210166520627 32.10845579848723 22.77335826139549 26.620666698311158 8.425802778927835 8.416813389124648
24710400.0 271.8456806075 273.2191521743 273.2317471247 273.2390672173 273.2409218119 272.8974910313 272.580069278 13.228775509074103 21.3317634755751 30.948338150292052 22.70747221766465 26.47977077344705 8.425922368190085 8.41685681793643
24796800.0 272.2804896674 273.2171609956 273.2311238368 273.238794817 273.2406606084 272.8993201202 272.5835301791 13.253593393894173 20.597738753173722 30.103776549240752 22.63302516916355 26.3394354944714 8.426042406306117 8.416900275346022
24883200.0 271.8618387975 273.2122434573 273.2304503737 273.238660276 273.2405189887 272.9011289367 272.5869506206 13.229430327726588 19.186579974445287 29.260683591259742 22.550288513794552 26.199941619628678 8.426162875417512 8.416943757545454
24969600.0 272.5190446085 273.2100782135 273.2299118606 273.2385668947 273.2404189073 272.9029174278 272.5903307226 13.279396756632732 18.699940425647014 28.633652829924273 22.462196624487323 26.06137995219346 8.426283751236415 8.416987256928925
25056000.0 272.3894787005 273.2059423677 273.2293926391 273.2384845708 273.240332232 272.9046857314 272.5936710325 13.263612894750533 17.93323928961198 28.065321973547615 22.369726172417913 25.923772702959134 8.42640502162904 8.417030771331316
25142400.0 272.1799280826 273.1976108684 273.228800426 273.2384287981 273.2402534832 272.9064339344 272.5969719559 13.24612782457661 16.833128176664516 27.457015633994008 22.272477839661615 25.78712878049339 8.426526670602922 8.417074296828035
25228800.0 272.2328178818 273.1855019032 273.2281554392 273.2383800056 273.2401783995 272.9081621734 272.6002339926 13.249874968918082 15.841199637098686 26.838813483026215 22.17051642876468 25.65144671382935 8.426648685223128 8.417117830787475
25315200.0 272.5553084126 273.1763674047 273.2275730096 273.2383289897 273.2401039143 272.9098707151 272.6034579158 13.284883390513091 15.353882855469344 26.316853546685483 22.065482161736572 25.51671756557839 8.426771061661407 8.41716137439107
25401600.0 272.6349234052 273.1659957337 273.2270391084 273.2382763156 273.2400289892 272.9115594427 272.6066435858 13.299275914076818 14.956896811498366 25.86615067454075 21.958663916284426 25.38292980681735 8.426893768287771 8.417204916539422
25488000.0 272.6173422883 273.1492951341 273.2265094804 273.238222256 273.2399533234 272.9132287601 272.609792079 13.295773384743413 14.525276007485894 25.443314619711394 21.85070921391558 25.25007124000222 8.427016810801497 8.417248462759412
25574400.0 272.4989457089 273.109043737 273.2258996945 273.2381666581 273.2398768232 272.9148785753 272.6129032731 13.276588304816554 13.980246318539992 24.984152574644813 21.74142245429525 25.11812941305325 8.427140158414307 8.417292002164604
25660800.0 272.6461559225 273.0753071545 273.2252855778 273.2381098332 273.2397994476 272.9165093492 272.6159783456 13.30162576884158 13.752535999379193 24.549343450210586 21.631493882061182 24.987091871482196 8.427263821317972 8.417335542102204
25747200.0 272.5034691945 272.9901945603 273.2245232662 273.2380514911 273.239721167 272.9181210255 272.619017219 13.277206988419993 13.49833603381037 24.044859957815607 21.520475574714393 24.856946095639394 8.427387770813272 8.417379072400719
25833600.0 272.32157302 272.8393778414 273.2234340814 273.2379907774 273.2396419524 272.9197139655 272.6220208107 13.257097762439487 13.364407505374153 23.384873825915328 21.40695535280298 24.727679588793976 8.427512009886751 8.417422597131788
25920000.0 272.129068542 272.6893637156 273.2219137872 273.2379266074 273.2395617725 272.9212881856 272.6249891967 13.2428483330713 13.31159586182381 22.567386002236063 21.289245431905236 24.599279815775372 8.427636514808313 8.417466108365094
26006400.0 271.941737653 272.5618601332 273.2198303502 273.2378576219 273.2394805929 272.9228439882 272.62792314 13.232893178099184 13.285937854861851 21.609411776710402 21.16535974534714 24.471734259438747 8.4277612841937 8.41750960826576
26092800.0 271.696992388 272.419698462 273.2167760937 273.2377814156 273.2393983754 272.9243817087 272.6308234469 13.223356021491666 13.266852302710351 20.468357212702525 21.031809485207294 24.34503044894846 8.427886319842951 8.417553099972443
26179200.0 271.6429960039 272.3737769719 273.2126583736 273.2376959887 273.2393150789 272.925901277 272.6336899599 13.221622219013199 13.262017536365033 19.287929465694653 20.886215787907666 24.21915587165218 8.42801159060778 8.41759657226912
26265600.0 271.7874921769 272.4372946252 273.2077231485 273.2376008973 273.2392306624 272.927403022 272.636523492 13.226530920377519 13.26884932450505 18.240388698365194 20.729073799521085 24.094098052044295 8.428137097776101 8.417640028613903
26352000.0 271.1684493261 272.1531414518 273.1981529963 273.2374915756 273.2391533399 272.928890708 272.6393322004 13.210036020148626 13.244363927421778 16.891403681057728 20.554927006219717 23.96963811253662 8.428263136316072 8.417683587353041
26438400.0 270.8481503435 271.9557292263 273.1741361003 273.237351111 273.2391049393 272.9303624978 272.6421118929 13.204641481952148 13.23354132472617 15.256891795282181 20.34186482395974 23.845844524008804 8.428389533621653 8.417727177585263
26524800.0 270.6958052814 271.829564727 273.0668830718 273.2371178195 273.2390559226 272.9318154824 272.6448562348 13.202514705138592 13.228136454000902 13.71171549556749 20.014666355070887 23.722891155948528 8.428516013881167 8.417770691176369
26611200.0 270.4295279757 271.4964091478 272.6115388414 273.2364948314 273.2390063046 272.9332480168 272.6475621302 13.199305466570722 13.217421525136151 13.294661436618433 19.27721886345743 23.600857786140217 8.428642399108737 8.417814067589257
26697600.0 270.4527983955 271.3870791269 272.403138675 273.235510769 273.2389559868 272.934663629 272.6502374155 13.199563642773207 13.214691677586668 13.265048640449686 18.398005691926254 23.479548645734955 8.428768968183716 8.417857422041662
26784000.0 270.1665125179 271.1902088431 272.2871686251 273.2338623209 273.238904944 272.9360625094 272.6528825125 13.196635388053792 13.210458319561564 13.254143113229896 17.42514934254571 23.358956970250368 8.42889571152787 8.41790075295158
26870400.0 270.1933216431 271.178262664 272.2716223305 273.2307586754 273.238853148 272.9374448553 272.6554978265 13.196888382028282 13.210225459111514 13.252874921471053 16.43798488644907 23.239069882082457 8.429022620308327 8.41794405859503
26956800.0 269.9028810457 271.0041724019 272.1928129099 273.2194859197 273.2388005685 272.9388108291 272.6580836936 13.19434449845075 13.207092359596299 13.247007123624206 15.382795981994436 23.119872621622587 8.429149682614403 8.417987336193356
27043200.0 269.7495434278 270.8044631947 271.9362821507 273.0487766266 273.2387471711 272.9401606498 272.6606406052 13.193156651011288 13.204006794286892 13.232644018382732 14.470806567902498 23.001343052999562 8.42927689191018 8.418030585685713
27129600.0 269.5074391737 270.5519195523 271.6613850566 272.9008219654 273.2386929185 272.9414944851 272.6631689333 13.19146142458438 13.200708728607774 13.222200266399945 13.58037134229655 22.883454281306612 8.429404237030344 8.418073805140232
27216000.0 268.9799234335 270.1686587235 271.4122630092 272.8354334478 273.2386377716 272.9428125152 272.6656690914 13.188374876094741 13.196655494197195 13.215293694020493 12.542891773293544 22.766178667525985 8.429531708107634 8.418116993461672
27302400.0 267.8138581851 269.3784457431 270.9587057601 272.7366916853 273.2385816896 272.9441149081 272.6681414684 13.18350108259503 13.19063675188017 13.206346513696767 11.253004333937897 22.649487770506852 8.429659294184628 8.418160149250568
27388800.0 267.2868820162 268.9309390973 270.6709235619 272.6700762525 273.2385246252 272.9454018254 272.6705864438 13.181867174682605 13.188122907896771 13.202189247309736 9.800453159414394 22.533340670469347 8.429786983791779 8.418203271082099
27475200.0 267.4312463147 268.9424758727 270.6276540017 272.6047501555 273.2384664812 272.9466734236 272.6730043896 13.182288401200584 13.188181786969489 13.20163673642856 8.494894142076301 22.417577420693526 8.42991476497784 8.418246357511165
27561600.0 267.9653956661 269.1594684826 270.5326877342 272.1100791007 273.2384070898 272.9479298511 272.6753956663 13.18402466184173 13.189344732557629 13.200480600683557 8.414419430638796 22.301868773487115 8.430042625071545 8.418289407001392
27648000.0 267.8597042259 269.0786522866 270.4190742259 271.9685458031 273.2383463575 272.9491712487 272.6777606229 13.183656702163685 13.188898880047704 13.199190745879852 8.413706433918048 22.18607943409146 8.430170550590347 8.41833241792007
27734400.0 267.464597086 268.8010916404 270.2327283826 271.8776361822 273.2382842001 272.9503977519 272.6800996038 13.182388382912128 13.187479205050103 13.197267665675282 8.413419217811438 22.070104343213544 8.43029852752436 8.418375388675049
27820800.0 266.0350010871 267.83225622 269.6390536791 271.6359220801 273.2382205245 272.9516094872 272.6824129403 13.178854849941471 13.183563249353485 13.19235750939407 8.412854219179108 21.953825763446357 8.430426540869878 8.418418317532211
27907200.0 265.2605240434 267.1719236405 269.1694597994 271.4206816742 273.2381548017 272.9528065706 272.6847009535 13.177418855812006 13.181544576351563 13.189400957566368 8.412477919601262 21.836065803190788 8.430554574462034 8.418461202656019
27993600.0 264.0279973609 266.1678392116 268.3530518376 270.7358654094 273.2380814211 272.9539890722 272.6869639465 13.175582739751462 13.17912914816595 13.185495424121271 8.411630182356536 21.703248461350952 8.430682607024874 8.418504041992906
28080000.0 262.6976724736 265.0426630666 267.4348912819 270.0437558059 273.2380014991 272.9551570127 272.6892021882 13.174035597592576 13.177058684515119 13.182299278428783 8.411220243022635 21.558601135178346 8.430810611491886 8.418546832906197
28166400.0 261.5273938258 264.0380485977 266.6411800145 269.5372005365 273.2379162564 272.9563103863 272.6914159302 13.172936008977722 13.175595934947573 13.180186100875774 8.411033858874672 21.40560608984135 8.430938557252258 8.418589572490475
28252800.0 261.1992530341 263.6222967013 266.2443754663 269.2568915616 273.2377834578 272.9574489252 272.6936053414 13.172661980449684 13.175070671874964 13.179291396339428 8.410951858878162 21.14464005668666 8.431066383373388 8.418632256283672
28339200.0 260.6753604701 263.0908872487 265.6822878382 268.6104875517 273.2369898844 272.9585703969 272.6957700683 13.172250948922992 13.174455288131057 13.178168379527069 8.410792234355144 19.553344087743778 8.431193802229252 8.418674869479828
28425600.0 259.8623559102 262.3766713236 265.0435233046 268.0506208881 273.235463707 272.9596732364 272.6979095451 13.171670075782501 13.173713070735573 13.177060073144442 8.410693585920422 17.47063912642472 8.431320590599745 8.418717392633447
28512000.0 261.1424563275 263.051814737 265.3142917606 268.0517998052 273.2320767258 272.9607567652 272.7000232979 13.172615892556669 13.174412298081368 13.17751045245022 8.410691591892482 15.291451808211821 8.431446619764298 8.418759807586946
28598400.0 260.127192737 262.4695835703 264.9697967881 267.8572183984 273.179935239 272.9618132852 272.7021092667 13.171852260634678 13.173804667133673 13.176941995030624 8.410663604858657 13.092029298022881 8.431570925976713 8.41880206342203
28684800.0 260.434354303 262.5089745473 264.8316192922 267.5447526217 272.7288225541 272.9626875356 272.7041295108 13.172071927217244 13.173843925398128 13.176725663716452 8.410619339667411 11.386899334334435 8.431674863256958 8.418843370423353
28771200.0 259.2854985151 261.6956967236 264.2273898961 267.088570951 272.6245241562 272.9624643914 272.7058422526 13.17129460141364 13.173081916288986 13.175849382402028 8.41056684944177 9.406796932575157 8.431648240754457 8.418878688825224
28857600.0 259.430192684 261.5759722009 263.9476165218 266.6875532608 271.8843153471 272.7932279075 272.6673555884 13.171386160682058 13.172977739027345 13.175478129995847 8.410525789091487 8.413608930749557 8.421138517330057 8.418146382918916
28944000.0 259.7121469251 261.6217167176 263.7614260045 266.2433050358 270.7201879045 272.3450231788 272.5322788924 13.171569566763834 13.173017318020545 13.17524188579031 8.410485702780585 8.411546503871397 8.414790189898001 8.416307222951644
29030400.0 259.119153016 261.1216351917 263.2589394646 265.6684050215 269.927064198 271.8451435358 272.3180507545 13.171191405179206 13.172599093348172 13.174643594970782 8.410442463855219 8.411128718520422 8.412893624527474 8.414628683370346
29116800.0 258.281566651 260.375407649 262.5676661729 265.0010727142 269.2567581116 271.3591745368 272.0573839976 13.170702937454106 13.172029049156887 13.173902896674758 8.410400624097992 8.41091625904646 8.412074999391942 8.413483866010653
29203200.0 258.9880687622 260.6149032959 262.476599837 264.6530722036 268.7113556471 270.9066503855 271.7752744867 13.171111594393917 13.172205470312143 13.173811641070959 8.41038107953319 8.410792217449988 8.411635260303349 8.412739727288887
29289600.0 260.2605724638 261.4174408069 262.86372478 264.6595892745 268.3191335637 270.5041367335 271.4904740524 13.171946512153257 13.172842682779816 13.174209381763989 8.410380827015542 8.410720516148544 8.411372085468008 8.412248234165439
29376000.0 259.7994597665 261.2027007798 262.7257466673 264.4992150992 267.9921688786 270.1479495979 271.2136906026 13.17162774726386 13.172664790579987 13.174064636254021 8.410372490485178 8.410669512461405 8.41119882372434 8.411910860136713
29462400.0 260.5556196311 261.6367186433 262.9265757413 264.4982062389 267.7371164122 269.835538081 270.9510151582 13.172161248723942 13.17303035831889 13.174276455163193 8.410372184620446 8.410634081179314 8.411077924748309 8.411670253486259
29548800.0 262.325906753 262.8586811972 263.6914727761 264.851167136 267.6064231867 269.576462805 270.708951047 13.173663610860677 13.174204030631552 13.175155246272888 8.410390201408093 8.410616913437323 8.410993921678026 8.4114949873302
29635200.0 262.9876582774 263.5102954782 264.2203659634 265.1860646577 267.5582536192 269.3716123659 270.4924125333 13.174342341092874 13.174936008598584 13.175839811491954 8.410408990478585 8.410610543442465 8.41093577156042 8.411365628767024
29721600.0 263.5718000206 264.0334036809 264.6503897211 265.4834469946 267.5565445752 269.2139309192 270.3031393149 13.175009614532861 13.175589833946017 13.176451335893878 8.410427128974254 8.410609994258031 8.410895193402679 8.411268901146803
29808000.0 263.132431603 263.8561108514 264.627095796 265.538723603 267.5373518344 269.0859198007 270.138178002 13.174501321694198 13.175360983373643 13.176416821288555 8.410430726877916 8.410607498308103 8.410864600368061 8.411194653849263
29894400.0 264.1981063245 264.5439406674 265.064665946 265.7818023791 267.547646367 268.9835862792 269.9948010412 13.175809567536497 13.176294952897647 13.177094283973092 8.410446847514137 8.410608556619755 8.410841516023124 8.411136518223243
29980800.0 262.3466195868 263.4452598923 264.452857324 265.5096653555 267.4767769328 268.8847499978 269.8661467937 13.173683741887928 13.174859071237742 13.176163821991532 8.410428950330239 8.410600104820949 8.410820287736904 8.411088736155461
30067200.0 258.2817351026 260.5449099448 262.505119167 264.3846385166 267.1723365372 268.7422706362 269.7361654772 13.170703030794558 13.172153299170027 13.173840071706834 8.410366672270868 8.410566419637982 8.410791385831756 8.411044171670895
30153600.0 257.8759389812 259.6962227613 261.5632061619 263.5506573649 266.772699492 268.5468628862 269.5919871237 13.17048347232748 13.171559027680676 13.172966742798472 8.410329663687719 8.410527013939747 8.410754699562151 8.41099860390011
30240000.0 258.3682158323 259.7663832596 261.3398056975 263.1447793856 266.4095522007 268.3215937148 269.4313349261 13.170751197277486 13.17160562804975 13.172777711093536 8.410313720028338 8.410495157236864 8.410716145399205 8.410952051948874
30326400.0 258.6109719852 259.8617708357 261.2753950311 262.9324155714 266.1129498143 268.0909832324 269.2591932797 13.170889105275137 13.171669680402205 13.172724375684949 8.410305846386995 8.410471524118206 8.410680285464336 8.410906498973905
30412800.0 257.4766516116 259.0743309194 260.7049058681 262.5093154678 265.8119093509 267.8577438918 269.0794474974 13.170277278425175 13.171163967480208 13.172273316047168 8.410291409700369 8.410449558951607 8.410647242043606 8.41086310529585
30499200.0 259.0337170438 259.9282192349 261.0910205854 262.5526266591 265.5993148715 267.6389971125 268.8983698282 13.171139238791355 13.171714782001503 13.172574485356801 8.410292647782722 8.410435029611117 8.410618830854567 8.410823153516349
30585600.0 262.3924395973 262.2724704457 262.5964034204 263.322369825 265.6004659126 267.4730363905 268.7295847382 13.173728517451956 13.173611987643506 13.17393198150219 8.410319791307913 8.410434867597424 8.410598758041566 8.410788904185802
30672000.0 262.3712755971 262.6923315916 263.1320851429 263.7858331984 265.6811548652 267.3631561361 268.5828614794 13.173707794190658 13.174030088785047 13.174500936406707 8.410338481528353 8.410440070340213 8.410586111141779 8.410761218559712
30758400.0 259.4272493538 260.8642505943 262.1100366749 263.3630482865 265.6215832604 267.2652938979 268.4532741591 13.171384281226983 13.172395580954916 13.173457772855867 8.410321545398197 8.410436100730935 8.410575251143703 8.410738226173972
30844800.0 258.916787216 260.2072381393 261.5187506362 262.9362312938 265.4644703625 267.1525341426 268.3304877583 13.171068740040852 13.171908618282583 13.172928616473095 8.410305751552803 8.410425960647233 8.410563184039162 8.410717598218659
30931200.0 260.4526622442 261.067375579 261.9197415195 263.015895701 265.3584043357 267.0376936436 268.211207104 13.172085315961532 13.172555554821274 13.173282117009082 8.410308470661992 8.410419288494202 8.410551358829503 8.410698556037266
31017600.0 259.9821121387 260.8782334654 261.8402242818 262.9643919427 265.2663527693 266.9267379886 268.0953963509 13.171751656530722 13.172406443568155 13.173210262244787 8.410306610739527 8.410413642850436 8.410540354488543 8.410680940531655
31104000.0 260.9574135819 261.4891060314 262.2005499778 263.1254313602 265.2241344823 266.8291716367 267.9855364691 13.172468369091721 13.17290333490494 13.17354320889614 8.410312391112443 8.410411058865902 8.410531002157882 8.41066497131171
31190400.0 260.8140670176 261.4982784296 262.262405978 263.1849949384 265.1952841351 266.7449431898 267.883237363 13.172356774689723 13.172911145208536 13.173602314644812 8.410314597245879 8.410409305825217 8.410523161013591 8.4106507091275
31276800.0 257.2459955578 259.1304358365 260.7745772894 262.3919229028 264.9952199075 266.6371297524 267.7802208171 13.170162349034914 13.171198336328114 13.172326433079759 8.410287387788538 8.410397833347233 8.410513424731981 8.410636904330781
31363200.0 256.0369921402 257.8745035186 259.6841472236 261.5791889878 264.6722883528 266.4852344725 267.6655929546 13.169605072067924 13.170482713990328 13.171551050401554 8.410263294382041 8.410380457393916 8.410500250238094 8.410622162301687
31449600.0 257.1799184169 258.3312033705 259.7036799961 261.3280842617 264.3923049823 266.30931878 267.5374016338 13.170129966460955 13.170730521910997 13.171563960357824 8.410256383127994 8.410366379701074 8.410485734643819 8.41060639988346
31536000.0 257.2625624712 258.3985142372 259.6787597008 261.1909297691 264.1701292087 266.1303017053 267.4000252548 13.170170505383313 13.17076819037032 13.171547495404514 8.410252735345491 8.41035580959048 8.41047172139746 8.41059029996037
