single point
       alpha_p                      0.002500000000000000    1.000000000000000    0.000000000000000
       alpha_m                      0.002699960535002000    1.000000000000000    0.000000000000000
           n_p                      1.960661326344000    1.000000000000000    0.000000000000000
           n_m                      2.046201071427000    1.000000000000000    0.000000000000000
          wr_p                      0.2306436053896000    1.000000000000000    0.000000000000000
          wr_m                      0.1824150823047000    1.000000000000000    0.000000000000000
         tcs_p                      0.5426887678870600    1.000000000000000    0.000000000000000
         tcs_m                      0.9391773508689000    1.000000000000000    0.000000000000000
         tcd_p                      0.1721427667775500    1.000000000000000    0.000000000000000
         tcd_m                      0.9763893297984499    1.000000000000000    0.000000000000000
          af_p                      1.497754509868400    1.000000000000000    0.000000000000000
          af_m                      1.499642740432200    1.000000000000000    0.000000000000000
         auf_p                      0.4467585347559700    1.000000000000000    0.000000000000000
         auf_m                      0.6987956139845400    1.000000000000000    0.000000000000000
         por_p                      0.7030442598897600    1.000000000000000    0.000000000000000
         por_m                      0.4815042262497900    1.000000000000000    0.000000000000000
        perm_p                      1.336660000000000e-11    1.000000000000000    0.000000000000000
        perm_m                      2.500000000000000e-14    1.000000000000000    0.000000000000000
         den_p                      900.0000000000000    1.000000000000000    0.000000000000000
         den_m                      1900.000000000000    1.000000000000000    0.000000000000000
