single point
       alpha_p                      0.002500000000000000    1.000000000000000    0.000000000000000
       alpha_m                      0.002374983660798000    1.000000000000000    0.000000000000000
           n_p                      2.048896497494000    1.000000000000000    0.000000000000000
           n_m                      2.050272501337000    1.000000000000000    0.000000000000000
          wr_p                      0.2294313247775000    1.000000000000000    0.000000000000000
          wr_m                      0.1622343305900000    1.000000000000000    0.000000000000000
         tcs_p                      0.4468851034092200    1.000000000000000    0.000000000000000
         tcs_m                      0.9515910590283601    1.000000000000000    0.000000000000000
         tcd_p                      0.1073096801927600    1.000000000000000    0.000000000000000
         tcd_m                      0.9839820349672500    1.000000000000000    0.000000000000000
          af_p                      1.504874469005800    1.000000000000000    0.000000000000000
          af_m                      1.499392231818400    1.000000000000000    0.000000000000000
         auf_p                      0.4836983618676000    1.000000000000000    0.000000000000000
         auf_m                      0.6988840319935100    1.000000000000000    0.000000000000000
         por_p                      0.6382428234926500    1.000000000000000    0.000000000000000
         por_m                      0.4819166906133100    1.000000000000000    0.000000000000000
        perm_p                      1.336660000000000e-11    1.000000000000000    0.000000000000000
        perm_m                      2.500000000000000e-14    1.000000000000000    0.000000000000000
         den_p                      900.0000000000000    1.000000000000000    0.000000000000000
         den_m                      1900.000000000000    1.000000000000000    0.000000000000000
