single point
       alpha_p                      0.002500000000000000    1.000000000000000    0.000000000000000
       alpha_m                      0.002031213014067000    1.000000000000000    0.000000000000000
           n_p                      1.831382787397000    1.000000000000000    0.000000000000000
           n_m                      2.038548313216000    1.000000000000000    0.000000000000000
          wr_p                      0.1841803996347000    1.000000000000000    0.000000000000000
          wr_m                      0.1769482249162000    1.000000000000000    0.000000000000000
         tcs_p                      0.6328916069159900    1.000000000000000    0.000000000000000
         tcs_m                      0.9235857874216700    1.000000000000000    0.000000000000000
         tcd_p                      0.1767910000000000    1.000000000000000    0.000000000000000
         tcd_m                      0.9632626194667000    1.000000000000000    0.000000000000000
          af_p                      1.493513179053200    1.000000000000000    0.000000000000000
          af_m                      1.499117370715100    1.000000000000000    0.000000000000000
         auf_p                      0.4064766938076600    1.000000000000000    0.000000000000000
         auf_m                      0.6991783922598001    1.000000000000000    0.000000000000000
         por_p                      0.7731284676524600    1.000000000000000    0.000000000000000
         por_m                      0.4914135774610500    1.000000000000000    0.000000000000000
        perm_p                      1.336660000000000e-11    1.000000000000000    0.000000000000000
        perm_m                      2.500000000000000e-14    1.000000000000000    0.000000000000000
         den_p                      900.0000000000000    1.000000000000000    0.000000000000000
         den_m                      1900.000000000000    1.000000000000000    0.000000000000000
