single point
       alpha_p                      0.002500000000000000    1.000000000000000    0.000000000000000
       alpha_m                      0.002157880828495000    1.000000000000000    0.000000000000000
           n_p                      1.866642854416000    1.000000000000000    0.000000000000000
           n_m                      2.040356527855000    1.000000000000000    0.000000000000000
          wr_p                      0.1958532464045000    1.000000000000000    0.000000000000000
          wr_m                      0.1787650989663000    1.000000000000000    0.000000000000000
         tcs_p                      0.6114410774628000    1.000000000000000    0.000000000000000
         tcs_m                      0.9282021664016300    1.000000000000000    0.000000000000000
         tcd_p                      0.1767910000000000    1.000000000000000    0.000000000000000
         tcd_m                      0.9669573784508300    1.000000000000000    0.000000000000000
          af_p                      1.493463434767900    1.000000000000000    0.000000000000000
          af_m                      1.499189580213900    1.000000000000000    0.000000000000000
         auf_p                      0.4176385050306900    1.000000000000000    0.000000000000000
         auf_m                      0.6991221270066200    1.000000000000000    0.000000000000000
         por_p                      0.7566936248377900    1.000000000000000    0.000000000000000
         por_m                      0.4878999805533400    1.000000000000000    0.000000000000000
        perm_p                      1.336660000000000e-11    1.000000000000000    0.000000000000000
        perm_m                      2.500000000000000e-14    1.000000000000000    0.000000000000000
         den_p                      900.0000000000000    1.000000000000000    0.000000000000000
         den_m                      1900.000000000000    1.000000000000000    0.000000000000000
