single point
       alpha_p                      0.002500000000000000    1.000000000000000    0.000000000000000
       alpha_m                      0.002134904564138000    1.000000000000000    0.000000000000000
           n_p                      1.816156487465000    1.000000000000000    0.000000000000000
           n_m                      2.037401368624000    1.000000000000000    0.000000000000000
          wr_p                      0.1789290394684000    1.000000000000000    0.000000000000000
          wr_m                      0.1757186479266000    1.000000000000000    0.000000000000000
         tcs_p                      0.6429696334748700    1.000000000000000    0.000000000000000
         tcs_m                      0.9214146177962400    1.000000000000000    0.000000000000000
         tcd_p                      0.1767910000000000    1.000000000000000    0.000000000000000
         tcd_m                      0.9607206665603401    1.000000000000000    0.000000000000000
          af_p                      1.493877445024300    1.000000000000000    0.000000000000000
          af_m                      1.498982390896600    1.000000000000000    0.000000000000000
         auf_p                      0.4023540339848900    1.000000000000000    0.000000000000000
         auf_m                      0.6991783930010100    1.000000000000000    0.000000000000000
         por_p                      0.7792637875724300    1.000000000000000    0.000000000000000
         por_m                      0.4939867009834100    1.000000000000000    0.000000000000000
        perm_p                      1.336660000000000e-11    1.000000000000000    0.000000000000000
        perm_m                      2.500000000000000e-14    1.000000000000000    0.000000000000000
         den_p                      900.0000000000000    1.000000000000000    0.000000000000000
         den_m                      1900.000000000000    1.000000000000000    0.000000000000000
