single point
       alpha_p                      0.002500000000000000    1.000000000000000    0.000000000000000
       alpha_m                      0.002132426346148000    1.000000000000000    0.000000000000000
           n_p                      1.848408422389000    1.000000000000000    0.000000000000000
           n_m                      2.039340382173000    1.000000000000000    0.000000000000000
          wr_p                      0.1896079222201000    1.000000000000000    0.000000000000000
          wr_m                      0.1778841905712000    1.000000000000000    0.000000000000000
         tcs_p                      0.6225624252724000    1.000000000000000    0.000000000000000
         tcs_m                      0.9259840572510299    1.000000000000000    0.000000000000000
         tcd_p                      0.1767910000000000    1.000000000000000    0.000000000000000
         tcd_m                      0.9652209737945300    1.000000000000000    0.000000000000000
          af_p                      1.493407232574200    1.000000000000000    0.000000000000000
          af_m                      1.499238777414400    1.000000000000000    0.000000000000000
         auf_p                      0.4119527604007800    1.000000000000000    0.000000000000000
         auf_m                      0.6994984146281300    1.000000000000000    0.000000000000000
         por_p                      0.7655415091460200    1.000000000000000    0.000000000000000
         por_m                      0.4903338777453500    1.000000000000000    0.000000000000000
        perm_p                      1.336660000000000e-11    1.000000000000000    0.000000000000000
        perm_m                      2.500000000000000e-14    1.000000000000000    0.000000000000000
         den_p                      900.0000000000000    1.000000000000000    0.000000000000000
         den_m                      1900.000000000000    1.000000000000000    0.000000000000000
