single point
       alpha_p                      0.002500000000000000    1.000000000000000    0.000000000000000
       alpha_m                      0.002223585647074000    1.000000000000000    0.000000000000000
           n_p                      1.907002611892000    1.000000000000000    0.000000000000000
           n_m                      2.043147177512000    1.000000000000000    0.000000000000000
          wr_p                      0.2102924689233000    1.000000000000000    0.000000000000000
          wr_m                      0.1822862616418000    1.000000000000000    0.000000000000000
         tcs_p                      0.5837752227636100    1.000000000000000    0.000000000000000
         tcs_m                      0.9326442177616100    1.000000000000000    0.000000000000000
         tcd_p                      0.1767910000000000    1.000000000000000    0.000000000000000
         tcd_m                      0.9711659830891201    1.000000000000000    0.000000000000000
          af_p                      1.494135944341200    1.000000000000000    0.000000000000000
          af_m                      1.499656800311000    1.000000000000000    0.000000000000000
         auf_p                      0.4295168836661800    1.000000000000000    0.000000000000000
         auf_m                      0.6987956139715000    1.000000000000000    0.000000000000000
         por_p                      0.7347574628746800    1.000000000000000    0.000000000000000
         por_m                      0.4828562457781300    1.000000000000000    0.000000000000000
        perm_p                      1.336660000000000e-11    1.000000000000000    0.000000000000000
        perm_m                      2.500000000000000e-14    1.000000000000000    0.000000000000000
         den_p                      900.0000000000000    1.000000000000000    0.000000000000000
         den_m                      1900.000000000000    1.000000000000000    0.000000000000000
