single point
       alpha_p                      0.01000000000000000    1.000000000000000    0.000000000000000
       alpha_m                      0.001824914353440000    1.000000000000000    0.000000000000000
           n_p                      1.506390661315000    1.000000000000000    0.000000000000000
           n_m                      1.483608483215000    1.000000000000000    0.000000000000000
          wr_p                      0.2243241434600000    1.000000000000000    0.000000000000000
          wr_m                      0.1594880648121000    1.000000000000000    0.000000000000000
         tcs_p                      0.4395766083664200    1.000000000000000    0.000000000000000
         tcs_m                      0.9521050640268000    1.000000000000000    0.000000000000000
         tcd_p                      0.1010234059199300    1.000000000000000    0.000000000000000
         tcd_m                      0.9844054289468900    1.000000000000000    0.000000000000000
          af_p                      1.505114150390900    1.000000000000000    0.000000000000000
          af_m                      1.499389128309700    1.000000000000000    0.000000000000000
         auf_p                      0.4869354130909800    1.000000000000000    0.000000000000000
         auf_m                      0.6988840286409900    1.000000000000000    0.000000000000000
         por_p                      0.6373949570709900    1.000000000000000    0.000000000000000
         por_m                      0.4810307652907400    1.000000000000000    0.000000000000000
        perm_p                      5.346622127220000e-11    1.000000000000000    0.000000000000000
        perm_m                      1.000000000000000e-13    1.000000000000000    0.000000000000000
         den_p                      900.0000000000000    1.000000000000000    0.000000000000000
         den_m                      2300.000000000000    1.000000000000000    0.000000000000000
