single point
       alpha_p                      0.01000000396676150    1.000000000000000    0.000000000000000
       alpha_m                      0.001814351691820000    1.000000000000000    0.000000000000000
           n_p                      1.543066055542000    1.000000000000000    0.000000000000000
           n_m                      1.481387925686000    1.000000000000000    0.000000000000000
          wr_p                      0.1968745647666000    1.000000000000000    0.000000000000000
          wr_m                      0.1535437252587000    1.000000000000000    0.000000000000000
         tcs_p                      0.4267678081144800    1.000000000000000    0.000000000000000
         tcs_m                      0.9722189516359100    1.000000000000000    0.000000000000000
         tcd_p                      0.09854485091839001    1.000000000000000    0.000000000000000
         tcd_m                      0.9904222776664600    1.000000000000000    0.000000000000000
          af_p                      1.502451896561600    1.000000000000000    0.000000000000000
          af_m                      1.499678225516000    1.000000000000000    0.000000000000000
         auf_p                      0.4905677160218300    1.000000000000000    0.000000000000000
         auf_m                      0.6991992881410900    1.000000000000000    0.000000000000000
         por_p                      0.6122875059812000    1.000000000000000    0.000000000000000
         por_m                      0.4945442160616400    1.000000000000000    0.000000000000000
        perm_p                      9.999999999999999e-12    1.000000000000000    0.000000000000000
        perm_m                      1.000000000000000e-13    1.000000000000000    0.000000000000000
         den_p                      900.0000000000000    1.000000000000000    0.000000000000000
         den_m                      2300.000000000000    1.000000000000000    0.000000000000000
