0.0 270.15 270.15 270.15 270.15 270.15 270.15 270.15 6.576028547750957 6.576028547750957 6.576028547750957 7.673568863359098 7.673568863359098 7.673568861165598 7.673568857658884
86400.0 269.2800475167 269.654326879 269.8932773727 270.0257716891 270.1305849251 270.1476074065 270.1496174105 6.551874515227979 6.561155730997793 6.567901048400024 7.673498009354595 7.673557379057324 7.67356743717502 7.673568629799418
172800.0 268.4410920147 269.0424034972 269.4795861889 269.7606935546 270.0510556489 270.1281903813 270.1442084354 6.535252602583807 6.546652189111367 6.556645897697154 7.6733647656832735 7.673511909946081 7.673555966298815 7.673565414714821
259200.0 267.6057802338 268.3937944949 269.0066956339 269.4299725831 269.9255621687 270.0882221182 270.1304719772 6.522611701434207 6.534448895670329 6.545906587033603 7.673225792435209 7.673444888169413 7.673532823831505 7.673557302862051
345600.0 266.6921134109 267.6783877106 268.471064695 269.040147543 269.7571014213 270.0248953513 270.1054091281 6.511702433996967 6.523594207977034 6.535768216011861 7.67309130535707 7.673362941277871 7.673497398147277 7.673542695689276
432000.0 265.0543574269 266.5101221819 267.6589642383 268.4795520257 269.5224993367 269.9316525781 270.0654355267 6.4969991977789245 6.50980329081444 6.523329464362793 7.672938255041761 7.673261862339896 7.673447836714861 7.673519901608502
518400.0 264.2611900335 265.7323452244 266.988297947 267.9405138664 269.2468512095 269.8083285985 270.008110001 6.491390702066123 6.502491685547863 6.51497150176793 7.67282246025654 7.673158952247656 7.673386637397166 7.673488250269677
604800.0 263.4002896074 264.9801059644 266.3493207761 267.4132308546 268.9466132419 269.6585561532 269.9327478602 6.486097327354617 6.4964396554002 6.5081891859477174 7.672730607387715 7.673062509392844 7.673318266237793 7.6734483985443696
691200.0 261.5948738914 263.6707277939 265.4017482078 266.7183334636 268.5918776199 269.4790331338 269.8380148098 6.476990686242668 6.487682023033992 6.499723243667485 7.6726332925299445 7.672965324745293 7.673243840685648 7.673400939009575
777600.0 259.4398111187 262.0249903704 264.1878001447 265.8308066259 268.1553360759 269.2609735128 269.7206387628 6.468582694020734 6.478956715857015 6.490909822874674 7.672536449452722 7.672865121836504 7.673162900418337 7.6733458611114775
864000.0 257.4895267057 260.4087956488 262.9103076948 264.8463249187 267.640833873 268.9984742547 269.576841388 6.462531945192692 6.472097210329483 6.4833882289945555 7.672453624174945 7.672767820505318 7.673077009593997 7.673283436290932
950400.0 257.357561155 259.867373481 262.2025721306 264.1263057118 267.1313086127 268.7042388489 269.4073121744 6.462163846425235 6.47008572386415 6.479802167436623 7.672404421822377 7.672688056363052 7.672993074299233 7.673216150000254
1036800.0 257.9374828888 259.9705230283 261.9781036861 263.7252436556 266.6954942269 268.402611547 269.2187411224 6.463817310596126 6.470459308405129 6.478736876661475 7.672380148932758 7.672629896669172 7.672918084440273 7.673148286770889
1123200.0 258.3693667222 260.1480299175 261.9226013444 263.5040917152 266.3455218955 268.1137230354 269.0206001024 6.46511196943896 6.471112640013445 6.47847843033933 7.672367579536204 7.6725886293280325 7.672854882827187 7.673083817420451
1209600.0 258.5335726741 260.2141287394 261.8684990358 263.3446352396 266.0614124993 267.8469308419 268.8211603865 6.465619326002224 6.471359373147037 6.4782283488558425 7.6723589002162464 7.6725581726002625 7.6728027777569725 7.673025027537781
1296000.0 257.9833754486 259.8489619519 261.5909406927 263.0946678078 265.7974276433 267.5987398258 268.6247621401 6.463952229805681 6.470019501739309 6.476973218034311 7.6723460599897475 7.67253207354467 7.672758910762002 7.672972320231472
1382400.0 256.4883444796 258.8331974661 260.9048050476 262.6100033178 265.4928676514 267.3537186561 268.4300476501 6.459850659836071 6.466567666624489 6.47405655966958 7.672323090578068 7.672504340807565 7.672719378460366 7.672924499461811
1468800.0 257.046338099 258.9043294285 260.7333590879 262.3385518562 265.2073761554 267.1125978434 268.2363737591 6.461313894247585 6.466797222773216 6.473365973775813 7.6723110067772655 7.672480293877341 7.6726836843176764 7.672880785054611
1555200.0 254.9791405815 257.6047813168 259.8925938214 261.7594583196 264.8708062844 266.8637630017 268.0406021648 6.456240185661114 6.462857294155485 6.470176660964709 7.672287494527173 7.672454187231081 7.672649789432099 7.67284004704454
1641600.0 254.9761374455 257.2779299637 259.4568332122 261.3178819316 264.5276596881 266.6067828167 267.8407020717 6.456233458379351 6.461943972013897 6.468641174986659 7.6722710417692115 7.672429703746191 7.672617557263051 7.672801625375609
1728000.0 256.4204704754 257.9951063178 259.6847128153 261.260103055 264.2676548937 266.3608334894 267.6404390883 6.459677736853286 6.463986816467382 6.469434795802532 7.672268819036661 7.672412376681135 7.672589050066406 7.672765997812387
1814400.0 257.9931322266 259.024195098 260.2489599643 261.4877735511 264.1274989699 266.148396797 267.448246769 6.463980993329708 6.467187996345732 6.471490157556672 7.672276862347356 7.6724033870867085 7.672566079168342 7.672734217109958
1900800.0 258.1363322083 259.3026759022 260.4974510354 261.6386967884 264.0480322607 265.9730765222 267.2705413893 6.464406402789553 6.4681155207093175 6.472438898753056 7.672282429624317 7.67239838998033 7.6725481715087644 7.6727067261485375
1987200.0 261.2582732277 261.2348286291 261.6314466673 262.2612642742 264.1090831086 265.8518048529 267.115602489 6.475527424614601 6.475427833721002 6.47715354409798 7.672307144677419 7.672402027429186 7.672536300592941 7.672684111117037
2073600.0 263.9346293567 263.2405012393 263.0155803161 263.1538940928 264.3267147935 265.8014788269 266.9932347034 6.489295382396622 6.485191742445622 6.483953614799078 7.672348267252349 7.672415732760662 7.672531492291139 7.672667074705203
2160000.0 263.4309145616 263.4361692993 263.4845195367 263.6546010545 264.5619717896 265.8057998805 266.9056897307 6.486273444630134 6.486303747393645 6.486583733373876 7.672374892257365 7.672431425388989 7.672531902485318 7.672655306436534
2246400.0 265.5437508237 264.8148615922 264.4334516557 264.3290115253 264.8441923345 265.8566447562 266.8522016739 6.500890219455581 6.4952214100192736 6.492543249040076 7.672415647392132 7.6724514858681045 7.672536766596309 7.672648281362152
2332800.0 262.7770650533 263.552729586 264.0023613896 264.3137420914 265.0134252114 265.9177892459 266.8232775402 6.482685044870726 6.486982326191956 6.489720710621113 7.672414701579811 7.672464233948348 7.672542708957013 7.672644533232927
2419200.0 261.8430525941 262.8079696896 263.5481364635 264.106559781 265.0645160593 265.960582099 266.8055448799 6.478111349458207 6.482846927863529 6.48695535208299 7.672401640945014 7.672468213770855 7.6725469294825075 7.672642252675667
2505600.0 262.5748950595 263.0804607706 263.6118312827 264.1038175483 265.0896798205 265.9850586705 266.7907365816 6.481643676100771 6.484306489353411 6.487331155270203 7.672401459524259 7.672470192885372 7.6725493667836435 7.672640358208135
2592000.0 262.5766758623 263.1274486717 263.6480507715 264.126060483 265.1099885827 265.9979409172 266.7757181934 6.481652717879477 6.484564192682781 6.48754654055652 7.672402836267994 7.672471793342088 7.672550656427138 7.672638446081962
2678400.0 262.8444193346 263.2987085417 263.7547297403 264.1918513211 265.1366795931 266.0059030675 266.7603097241 6.4830387947846155 6.485519066597163 6.488188166268025 7.672406948931958 7.6724739020462955 7.672551455905087 7.672636493871494
2764800.0 263.6327586208 263.7998357391 264.0637277959 264.3773528332 265.1935205105 266.0178369404 266.7465698151 6.487455452815207 6.488462764945116 6.490110175459865 7.6724188865090275 7.672478434515432 7.672552657616157 7.67263476118904
2851200.0 264.1654432311 264.229558099 264.3834341968 264.6024955674 265.2791868936 266.0395901253 266.7371780353 6.490764506699666 6.491182707871385 6.492205092451859 7.672434111383034 7.6724853965218704 7.672554858745616 7.6726335812157505
2937600.0 266.8467967034 265.8887964762 265.4019881985 265.2168456791 265.4685521442 266.0899101101 266.7384847549 6.513380939812326 6.503867363307673 6.499725188752303 7.672480218268923 7.672501354385754 7.672560003783388 7.672633745175089
3024000.0 268.3719898156 267.1609802765 266.3744151011 265.9173228592 265.7478225814 266.1802930912 266.7575071617 6.534082405809085 6.516988505181531 6.508437285626348 7.672542773391085 7.672526449337717 7.67256943651779 7.672636139832847
3110400.0 266.7242445004 266.5911369141 266.3426137351 266.1231404835 265.9763661492 266.2894930867 266.7931933533 6.512046097099376 6.510638931795524 6.508123108306442 7.672563483564788 7.672548501808543 7.672581173254892 7.672640671883489
3196800.0 259.079723482 262.1725720195 263.9328125172 264.9361428845 265.8623991412 266.3410364078 266.8250002591 6.4673707266827245 6.47965789480927 6.489284038199514 7.672458655343113 7.672537376803083 7.67258684726296 7.6726447554835735
3283200.0 259.1928935966 261.2558332703 262.8830685361 264.0821499866 265.590085952 266.3143844668 266.8340720991 6.467746536441428 6.475517046069718 6.483243358845946 7.672400554941086 7.672512174052122 7.672583902397395 7.672645927923921
3369600.0 260.2546556536 261.5289434867 262.7160966738 263.7338718532 265.3396653198 266.2379160297 266.8161543351 6.471511594441995 6.476699052686811 6.482367802584518 7.672379769601514 7.6724905545138 7.672575582388181 7.672643615556095
3456000.0 259.2391317933 260.9108581872 262.2535643843 263.348189904 265.0988867164 266.1321683982 266.7743145296 6.467901409329776 6.474081208025296 6.480048763843687 7.672358660682163 7.672471051679226 7.672564383005743 7.672638267840819
3542400.0 261.1152387633 261.7994530404 262.5958515106 263.3896177743 264.9506902681 266.0258480102 266.717649769 6.474924383446971 6.477911803676703 6.4817502250368095 7.672360688087361 7.67245959173204 7.672553466623326 7.672631139008101
3628800.0 263.2016679046 263.1388530315 263.3788571695 263.7831390871 264.9398312583 265.9483867483 266.6592521065 6.484974970702204 6.484627013796564 6.48597456848182 7.672382279971225 7.67245870907425 7.672545721450693 7.672623925696758
3715200.0 263.7555185138 263.7552204824 263.8916463853 264.1435705704 265.0091221193 265.9084917263 266.6094633861 6.488192951161129 6.488191143159777 6.489027898298581 7.672403860911638 7.672463937638204 7.672541798736159 7.6726178800731795
3801600.0 263.8450064975 263.9853785935 264.1584862959 264.3843341717 265.1000314019 265.8985545963 266.5725959395 6.488739761955054 6.489613621975093 6.4907193986731055 7.672419319345324 7.672470976508548 7.672540828545199 7.6726134639028505
3888000.0 265.0331432069 264.7487340396 264.6736036916 264.7352329196 265.2282676637 265.9156738011 266.5504676026 6.496838547402773 6.494744012972257 6.494208429994399 7.672443465026356 7.672481204372381 7.672542501642372 7.672610837551812
3974400.0 264.8134974255 264.8303745811 264.8632112007 264.94462533 265.35324231 265.9508214369 266.5420625757 6.4952115041691885 6.495334228712159 6.495574080398469 7.67245890245824 7.6724915178164 7.672545962288369 7.672609844713922
4060800.0 265.7046886438 265.3945150336 265.2555080725 265.2302080391 265.4929795495 266.0010625027 266.5461109064 6.502253029076159 6.4996646623763725 6.498554565697524 7.67248130048233 7.672503462791721 7.672550969650323 7.672610322598752
4147200.0 267.8115120538 266.7343971704 266.1213424209 265.7884711141 265.7054545438 266.076960567 266.5647273977 6.525447452584557 6.512155223621453 6.5059965374626065 7.672530310927671 7.672522511201338 7.672558672564405 7.6726125279324195
4233600.0 269.1310709919 267.8217646508 266.9640261999 266.4123827888 265.983609531 266.1857061309 266.6013758596 6.548546425786778 6.525593056598517 6.5146947949234155 7.672595090735369 7.672549222205035 7.672570009415816 7.672616906943121
4320000.0 267.3501099626 267.1635194534 266.853654857 266.5587184786 266.2002819397 266.3061168734 266.6529309571 6.519300284719523 6.517018814025743 6.513456789827846 7.672611918678088 7.672571559335439 7.672582993662927 7.672623152882344
4406400.0 260.8649694713 263.4619269143 264.8259531008 265.5600984389 266.1225470559 266.3739125945 266.7007590849 6.4738948064111375 6.486452642634608 6.49530204115455 7.6725095876987925 7.672563395815155 7.6725905126067895 7.672629038890293
4492800.0 259.6221775332 261.9110159446 263.5068136924 264.612700412 265.8580339666 266.3625284532 266.7258155333 6.469215000115232 6.47842472565537 6.486713544986143 7.67243531368096 7.672536999357479 7.672589239275048 7.672632158365216
4579200.0 260.0063655441 261.6534031783 262.9913444748 264.0596944515 265.5677836777 266.2902008826 266.7209623825 6.47059015674498 6.477251690780568 6.483822670799736 7.672399097971037 7.672510199820068 7.672581250575777 7.672631552213532
4665600.0 259.9610818073 261.4564561945 262.6800149443 263.6996802583 265.3070220011 266.1839365624 266.6889917707 6.4704249311770345 6.476381279473856 6.482181366474813 7.672377819228585 7.672487832086485 7.6725698220302805 7.672627582444569
4752000.0 259.1841223945 260.9005616384 262.2313626858 263.3183943118 265.056425533 266.0579256312 266.635250783 6.467717245101118 6.474039291474204 6.479941184203401 7.672357091006607 7.672467719579083 7.672556724813092 7.672620999495189
4838400.0 260.0790950814 261.2218917797 262.2562206727 263.1888491671 264.8615792345 265.929299254 266.5671033999 6.470857328789624 6.475373005318472 6.4800616571598235 7.67235032379839 7.672452917968861 7.672543839109946 7.672612810316723
4924800.0 260.9313351149 261.7190542318 262.4908604222 263.2402482069 264.7417457022 265.8141765964 266.4930892734 6.474164726422542 6.477546846655548 6.481219591137345 7.672352855593211 7.672444138373228 7.672532699091514 7.6726041108896785
5011200.0 259.196470145 260.8308426762 262.0150105227 262.9697656044 264.5979028344 265.7036235571 266.4161749174 6.467758488268796 6.473756861460261 6.478909806228498 7.672339407757506 7.672433967930037 7.672522333700984 7.672595278327748
5097600.0 260.1926548559 261.179137069 262.0846487498 262.9140891041 264.4799565185 265.5993631373 266.3383775376 6.471279007376341 6.4751924398702405 6.479238463959266 7.672336663265309 7.672425875020259 7.672512843468973 7.672586552415148
5184000.0 262.3389647165 262.4232889294 262.7666677614 263.238415996 264.4658988802 265.5201337506 266.2658619337 6.480465672694434 6.480882222497019 6.482630745450905 7.672352646368878 7.672424882509472 7.672505809529195 7.672578601010192
5270400.0 263.0723330315 263.1100048719 263.2929949507 263.5888066182 264.5279032575 265.4750109095 266.2051423563 6.484262096612282 6.484468311029296 6.48548680798969 7.672371257256956 7.672429044397314 7.672501870118083 7.672572074028744
5356800.0 261.6122588491 262.4867855095 263.07994824 263.5683610655 264.5556681263 265.4469058913 266.1560164347 6.477068004129115 6.481199154890583 6.4843036883813 7.672370172128503 7.67243093656071 7.67249944035951 7.672566878343241
5443200.0 259.8339730815 261.3815912562 262.4320770577 263.224256849 264.4866932447 265.4091896293 266.1113647338 6.46996569223019 6.4760561840966755 6.48092591832867 7.6723520114515535 7.6724262500847615 7.672496208121354 7.6725622203827974
5529600.0 260.2287360625 261.3389884413 262.2559829211 263.0363507571 264.3899423671 265.3571617509 266.0654484963 6.471414156014426 6.475872572517016 6.480060502948516 7.672342577216336 7.672419791501077 7.672491802062292 7.672557493307851
5616000.0 259.7837097252 261.0380977457 262.018296738 262.8429767305 264.2792986604 265.2927588782 266.0154406482 6.4697859138884946 6.474603617668842 6.4789252458794415 7.672333246657679 7.672412577237293 7.6724864308967655 7.672552415984781
5702400.0 260.591493819 261.3940952757 262.1397318278 262.838371619 264.2009284591 265.2268539521 265.9625147541 6.4728053203307105 6.4761102647578745 6.4795006432451805 7.6723329823216515 7.672407564911102 7.672481027179887 7.672547121312768
5788800.0 262.5822837505 262.5607280438 262.7988146982 263.1711266734 264.2188608051 265.1805168202 265.9129219525 6.481681206133884 6.4815718266189695 6.4827988968556625 7.672349176357212 7.672408670526654 7.67247728276422 7.672542232149693
5875200.0 262.1413527025 262.5836301497 262.9557267685 263.333375669 264.2632512309 265.1548783427 265.8709982402 6.479508388043593 6.481688049274028 6.483631082532809 7.672357523587957 7.672411485634168 7.672475230100096 7.672538152349752
5961600.0 261.418590019 262.2200341976 262.8059113581 263.3006567725 264.2777904968 265.1372176101 265.8360233717 6.4762164576988495 6.479886418182231 6.482836123401899 7.672355843684199 7.6724124167606185 7.672473823984622 7.672534785475894
6048000.0 261.7896079673 262.3580212019 262.8601613371 263.3257153465 264.2849651721 265.122427793 265.806062908 6.477866904631202 6.480559380293489 6.483121975097458 7.672357145218775 7.672412876106521 7.672472651332621 7.6725319274700565
6134400.0 260.7411989375 261.8016464073 262.5595412525 263.1713272275 264.2509892056 265.1012576852 265.7776126418 6.473397238526555 6.477921814645147 6.48156581425295 7.672349242027533 7.672410698730362 7.672470980491482 7.672529235583385
6220800.0 262.700874989 262.7651824417 263.0303216613 263.3803996333 264.2693768336 265.085820144 265.7515963916 6.482289033201694 6.482622995107199 6.484033491647027 7.672359994998986 7.672411866480658 7.672469767764809 7.672526792582033
6307200.0 263.6964534342 263.5272381509 263.5558343351 263.7113343739 264.353521617 265.08930604 265.7322283569 6.487836310785571 6.486832866867217 6.4870005705055 7.672378085445444 7.672417309829663 7.6724700411923195 7.672524985277276
6393600.0 263.1045782768 263.4030348108 263.6221478377 263.8405560195 264.4353699079 265.1067379764 265.7209692144 6.484438534297379 6.486113080435719 6.4873923789316725 7.672385530252844 7.672422719347771 7.6724714121540645 7.672523939093074
6480000.0 264.1507506101 263.9931354491 263.994342316 264.0880045301 264.5388739078 265.1377602613 265.7184821401 6.4906693028976985 6.489662497422727 6.489670107413154 7.6724003671562935 7.672429713265791 7.6724738670946 7.672523708434011
6566400.0 264.8091869926 264.5157085512 264.3908340406 264.3788640945 264.6690705846 265.1839942478 265.7256335677 6.495180220124651 6.493105760636375 6.492254938045315 7.672418918545676 7.672438763056406 7.672477562219045 7.672524372102544
6652800.0 265.3728442785 264.9850649059 264.7718206387 264.6777078865 264.8195236693 265.2454923657 265.7430613461 6.499489641851454 6.496476786382555 6.4949100392231465 7.672439351751484 7.672449587100156 7.672482546020112 7.6725259949512425
6739200.0 264.9019645545 264.8769796805 264.8322237368 264.8118897938 264.9477885342 265.3135776697 265.7689864992 6.495858994786536 6.495675076380079 6.495347697846422 7.672449014380112 7.6724591419875106 7.672488157268097 7.672528423603445
6825600.0 264.6199757871 264.7372011504 264.8019427504 264.8556860384 265.0413023502 265.3789409293 265.7998542259 6.493830477113803 6.494661331359725 6.495127697939367 7.672452240292713 7.672466306479041 7.672493639099562 7.672531338197743
6912000.0 265.5272156641 265.2269331993 265.0913151144 265.0414269221 265.1447260285 265.444288628 265.8341225586 6.500752655268742 6.498330003620552 6.497280586520693 7.672466306950451 7.6724744277359616 7.672499215015835 7.672534603439419
6998400.0 264.8675457507 264.993572003 265.044051387 265.0812231871 265.2256353982 265.5060676299 265.8700433006 6.495605848419607 6.496540563842667 6.496921073600501 7.672469408800406 7.672480934749824 7.672504576382765 7.672538059982224
7084800.0 262.0762162487 263.425771236 264.1782458624 264.6464924984 265.1860694335 265.5410864354 265.9005191205 6.479198501174246 6.486243808219625 6.490847655021903 7.672437237621249 7.672477750480057 7.672507655085519 7.672541020130135
7171200.0 261.8698173671 262.8649210115 263.6334724022 264.2374174333 265.083130926 265.5527757091 265.9245699813 6.478234421200259 6.483147162806218 6.48745969955356 7.672409897102203 7.672469606595449 7.672508689234331 7.672543374299533
7257600.0 265.6371213123 264.8322345196 264.6170906114 264.6570059378 265.0985649256 265.5519617985 265.9356442023 6.501675533237697 6.495347776398366 6.49381024457051 7.67243789781674 7.672470803173921 7.6725086171230075 7.672544463689918
7344000.0 268.6400474081 266.9069913831 265.9765618966 265.4797503801 265.2999177148 265.5942304475 265.9531282282 6.5387707832986575 6.514050946970796 6.504658746636064 7.672502379649927 7.672487028086847 7.672512383209113 7.672546190628864
7430400.0 269.3422295068 267.8402380374 266.8428361368 266.1748624797 265.5908823934 265.6874815184 265.9883769484 6.553321102561551 6.525856474148358 6.51333719304684 7.67256919765715 7.672512086716176 7.672520846584737 7.672549698521703
7516800.0 265.0590193737 265.8326961857 265.9982709857 265.950026878 265.7329473267 265.7858031686 266.0364001346 6.497034586442966 6.503368993325141 6.504856745497535 7.672545895035456 7.672525054377346 7.672530008364127 7.672554535098493
7603200.0 265.1074971053 265.4583771882 265.6581792576 265.752625546 265.7769389978 265.8634163829 266.086841148 6.4974044044106005 6.500184737738392 6.501854675190094 7.672526891717665 7.672529172116185 7.672537419662924 7.672559687837569
7689600.0 266.4594001345 266.0915610826 265.9376697872 265.8659359255 265.8338340186 265.9281070491 266.1353240514 6.509287862733023 6.505717989816651 6.504306270501472 7.672537665296477 7.672534575948511 7.672543721873127 7.67256471219915
7776000.0 268.9747154882 267.6010542887 266.841654763 266.3857751991 265.9939556579 266.0065182722 266.1863877078 6.54524696123728 6.522548420947077 6.5133241520729355 7.672592001791468 7.672550260500331 7.672551517756023 7.672570081613725
7862400.0 270.3156078543 268.7144599284 267.6902985222 266.992427575 266.2421571255 266.1150962524 266.2474220966 6.581847886351996 6.540147109902367 6.523757252300791 7.672667535272924 7.672576068565982 7.672562607323949 7.672576606387244
7948800.0 269.4742064323 268.6103044874 267.8835175818 267.2908306071 266.4775996735 266.2433963687 266.3203493494 6.5565121796108095 6.538230156162939 6.526479032714073 7.672710351004009 7.672602375662572 7.672576172382041 7.672584559432515
8035200.0 270.0958852914 269.0030612035 268.2101653176 267.588232698 266.7008733813 266.3819155058 266.4036453808 6.574230412278015 6.545831238599394 6.531438811216211 7.67275787971584 7.672629146963477 7.672591410368947 7.672593859046461
8121600.0 271.460738823 269.8832288162 268.8217364875 268.0329929618 266.9516663937 266.532805104 266.4968720821 6.643247879113053 6.567602556942071 6.542193446093003 7.672839991293073 7.672661603581482 7.672608754169064 7.672604550700922
8208000.0 273.0210146818 270.9792071993 269.6109856641 268.6029494196 267.2420050741 266.6971982198 266.5982284416 7.348599140867821 6.611508213212441 6.5600060523617 7.672970146843058 7.672702759871859 7.672628597587854 7.67261652889623
8294400.0 269.93459786 269.9096146677 269.3889038777 268.752303067 267.5108828077 266.8764985299 266.7112407109 6.569143145832593 6.5683893076689515 6.554430423377423 7.673008082747876 7.672744719902116 7.672651457261985 7.6726303408000724
8380800.0 270.0187280364 269.4976916441 269.0563453556 268.6095434288 267.6476822632 267.0376254162 266.8287814828 6.57174769967607 6.557098092126857 6.546945949580288 7.67296936255125 7.672767560359068 7.6726731740647285 7.672645243749046
8467200.0 268.6776988869 268.7376822489 268.6040527316 268.3683622193 267.6852198844 267.1570883806 266.9370476947 6.539462885817312 6.54058374367901 6.538117195822874 7.6729104715174286 7.6727739406357545 7.672690048898328 7.672659482649473
8553600.0 266.6497090793 267.4458159119 267.7885865217 267.8874424921 267.6183761276 267.2306247785 267.0281069657 6.5112528028120265 6.520513737718013 6.525123385336568 7.672810341143268 7.67276231344379 7.672700783773404 7.672671858575452
8640000.0 265.8017860434 266.6429420269 267.140023691 267.4174985679 267.4834118811 267.2581062375 267.096843092 6.503096847127179 6.511181456326542 6.516739091912224 7.672729410602401 7.672739878438055 7.672704866074706 7.67268145352786
8726400.0 269.2495749199 268.2370334197 267.7593861437 267.5547975183 267.4105840582 267.2665489705 267.1496579166 6.551178276609128 6.531868667809827 6.524713618804084 7.6727515964774895 7.672728250466821 7.672706128073361 7.672688979201343
8812800.0 267.3022364562 267.6034104398 267.6479540138 267.5954685768 267.4207947675 267.2789518451 267.1893616448 6.518704516758191 6.522579959730902 6.523180017537272 7.672758372815671 7.672729866499313 7.672707988777344 7.672694726715723
8899200.0 269.0670983204 268.368546684 267.9660953021 267.7278758017 267.448797362 267.3001186357 267.2240231442 6.547173546315668 6.534024763610156 6.527688453927614 7.672781313014352 7.6727343202477645 7.672711182951536 7.672699808902014
8985600.0 268.8597822515 268.4762818028 268.1347790642 267.8743115837 267.5122788316 267.3344931383 267.2591666213 6.542937563797813 6.535858471525798 6.530251234365046 7.672808022194942 7.672744585203881 7.67271642103509 7.672705024377121
9072000.0 267.4169588209 267.6836380776 267.7517022038 267.7188971361 267.5241294421 267.3659525722 267.2938191198 6.520144658517258 6.523666013294084 6.524606344091175 7.672779645477895 7.672746515902651 7.672721270878708 7.672710229846789
9158400.0 270.7497816468 269.4505172833 268.6550125253 268.1691047052 267.6315724035 267.4127682964 267.3316042817 6.599869483910103 6.555926842575071 6.53904482729985 7.672866913036352 7.672764530355869 7.672728589059569 7.672715978380954
9244800.0 272.8043608309 270.9957515509 269.7205282614 268.8623171665 267.8623566788 267.4968569859 267.3807837287 6.969331740483865 6.612418694372947 6.562953708780449 7.673039347568857 7.6728058229511245 7.672742045924221 7.672723576088795
9331200.0 267.7993762957 268.567449335 268.6770923594 268.5176388799 267.9462718798 267.5791323357 267.4368254203 6.525275646117835 6.53746047264962 6.539451667491982 7.6729457262625615 7.672821680818331 7.6727556159417425 7.672732397486001
9417600.0 267.3257192865 267.8036165678 268.0618593184 268.1340122733 267.9140604843 267.6326986995 267.4894695166 6.518995833072297 6.525335609289589 6.529127734183983 7.672859078021601 7.672815430771106 7.672764673982036 7.672740847267698
9504000.0 267.682366888 267.7994717174 267.9050394903 267.9549705025 267.857721195 267.6597113355 267.5328154223 6.5236486186915235 6.525276994720345 6.526791483605799 7.672823218077225 7.672804799413852 7.672769310555854 7.672747926559057
9590400.0 269.4776586686 268.7863150805 268.3927523342 268.1603752872 267.8741488017 267.6837929459 267.5695137346 6.556597953871491 6.541509427559848 6.534431321833702 7.6728646934834135 7.672807871641932 7.672773483656523 7.6727540083272885
9676800.0 270.8257384032 269.7573118247 269.0334606804 268.5517315766 267.9804124497 267.7261613399 267.6069413005 6.603531327263704 6.563975395616462 6.546464546938678 7.672954565135616 7.672828229883903 7.672780917924539 7.672760296015172
9763200.0 270.0766855224 269.5894093339 269.1099913823 268.706535114 268.0912936209 267.7836198061 267.6489376327 6.573603884181231 6.559441558762952 6.5480904465862455 7.6729943281203665 7.6728503987978485 7.6727911923569625 7.672767455710824
9849600.0 268.981004722 268.9756324271 268.8230579018 268.6159174697 268.1468655983 267.8395371792 267.6933940143 6.545376083550506 6.54526576844268 6.542219126249277 7.672970277394809 7.672861853953968 7.672801410167253 7.672775157956272
9936000.0 269.2372930413 268.9983242568 268.7881658262 268.5903318223 268.1796861206 267.8881325219 267.7372944981 6.550899963369717 6.5457331815912045 6.541544960554482 7.672963730455392 7.672868733882125 7.672810470906128 7.672782891228206
10022400.0 269.7145100442 269.2718009635 268.9344604828 268.6697156715 268.2238287478 267.9336807827 267.779923631 6.56278811329047 6.551685287815368 6.544427357071456 7.672984238023745 7.6728781612482235 7.6728191207052285 7.67279052464296
10108800.0 270.4201664614 269.7379749452 269.2316095628 268.8561499974 268.3000381051 267.9841514022 267.8230233598 6.585791759037064 6.563436240998244 6.550771616307574 7.673035512286476 7.672894877081912 7.672828887991721 7.672798369701634
10195200.0 271.0945777105 270.257636728 269.6013563472 269.1132289658 268.4126905298 268.0460901122 267.8694460658 6.618084403971345 6.579754030684465 6.559753487778867 7.6731143146317695 7.672920615330756 7.672841145386907 7.672806966529626
10281600.0 270.5783040154 270.1104762617 269.6308269758 269.2137571589 268.5146280735 268.1143587292 267.9196903034 6.5922076318314495 6.574710511469823 6.560529730309364 7.673147631780152 7.672944991117667 7.672855013744522 7.672816447420018
10368000.0 272.1457547417 271.0009171697 270.1555283381 269.5403715589 268.6568878563 268.1945203167 267.9753717312 6.723226586522871 6.612705124461686 6.576214984472556 7.6732710060132865 7.672980964335168 7.672871798384851 7.672827174877598
10454400.0 269.3063961384 269.6063914532 269.5369099993 269.3177718633 268.7092954947 268.2657152776 268.0323105438 6.55248319479854 6.559885423665405 6.558089227470661 7.673183582716308 7.672994697196035 7.672887179367774 7.672838392159192
10540800.0 268.5478980115 268.8811851092 269.0181628099 269.0045869634 268.6774052633 268.3118309595 268.0835373463 6.537112907273535 6.543360539001512 6.546144974361004 7.673078913667714 7.672986123144851 7.672897389967413 7.67284870511737
10627200.0 267.7827798782 268.2528265478 268.5399496806 268.6709628274 268.5887013182 268.3280601792 268.1234080119 6.525041634664001 6.532122988759049 6.536972242114234 7.672984313713937 7.672963191460414 7.672901030961466 7.672856881048248
10713600.0 268.4422219157 268.4569492578 268.5184847034 268.5630583753 268.5132539226 268.3260222225 268.1514018298 6.535271950608249 6.535524775533026 6.536594178914176 7.672956718835441 7.672944446749574 7.67290057237078 7.672862701414738
10800000.0 269.7789072383 269.2375909426 268.9193138687 268.7343774691 268.5088248208 268.3265691024 268.1726301673 6.564582999769868 6.550906698434012 6.54412200193028 7.673001245439045 7.672943377418174 7.672900695394401 7.672867159891722
10886400.0 269.5076738179 269.247407337 269.0086727475 268.8199647008 268.5317229853 268.335860786 268.1919509225 6.557348843998025 6.551129062643665 6.545947617905794 7.673024837333403 7.672948994775249 7.672902789970735 7.6728712517559154
10972800.0 270.9844816752 270.1078803734 269.5144012478 269.1152823916 268.613846661 268.3628562402 268.2145151893 6.611797348734905 6.574624844137689 6.557518419249182 7.673114518834143 7.672969621129339 7.672908922718607 7.67287607214121
11059200.0 271.4124454529 270.5606092979 269.8951368939 269.4041950222 268.7347052108 268.4102871307 268.2442413787 6.639478892871543 6.591460634028932 6.567956436870774 7.673216421691242 7.673001419225843 7.6729198714503415 7.672882491929763
11145600.0 271.2367680828 270.6065438046 270.0394208208 269.5752776337 268.8540776262 268.4715394805 268.2818926126 6.626994114232509 6.593415910752875 6.572404461538898 7.673284438354991 7.6730346178386215 7.67293434752299 7.672890738649129
11232000.0 272.0625588362 271.113368264 270.3829765811 269.8252824375 268.9889885771 268.5448146795 268.3274498134 6.7095988088718554 6.619208078402087 6.584363386206305 7.673397624231349 7.673074516045932 7.672952183879374 7.672900893574268
11318400.0 273.1847547872 271.9397750734 270.9624463846 270.2187517495 269.1562815268 268.628103866 268.378438709 9.766958148446502 6.692115545757638 6.6105963735890025 7.673618097656918 7.67312793090521 7.67297317780832 7.672912495088809
11404800.0 271.9326991704 271.4895349824 270.8992943228 270.3317403921 269.3151722319 268.7267352906 268.4400640887 6.691189414645732 6.645573083830893 6.607252700637935 7.673690028698938 7.673183015701287 7.6729990877659064 7.6729268605676735
11491200.0 270.130919916 270.3726172268 270.2920906892 270.0567804962 269.3564857165 268.8083274804 268.5039230845 6.575389033610538 6.583970627431642 6.580990791677615 7.673516214719304 7.6731978265424905 7.673021434242738 7.67294215908268
11577600.0 271.1932412655 270.6976207223 270.3398028893 270.0294649349 269.3810648428 268.8720737028 268.563676148 6.6241637793483 6.597453986518489 6.582740893618625 7.673501202946738 7.6732068153287845 7.673039501421738 7.672956869648209
11664000.0 272.0286723562 271.2119749744 270.6262302109 270.1802319596 269.4394516254 268.9310414858 268.6197679472 6.704487857230746 6.625370247897283 6.594270193358186 7.6735897091931 7.673229003301167 7.673056712832567 7.672971041002294
11750400.0 273.0330372025 271.8781375468 271.0557609426 270.4476596483 269.5374951816 268.9941062286 268.6748039586 7.39746781597174 6.684309692133597 6.615811242637795 7.6737724777577405 7.673268038245849 7.673075674396888 7.672985299725999
11836800.0 273.2146984048 272.1759171851 271.3623873023 270.709399286 269.6722200767 269.068610142 268.7315211557 12.642726864109735 6.728593463653292 6.635734533378228 7.673991160830077 7.673325416279158 7.673098849771513 7.673000375162987
11923200.0 273.2349054934 272.8558282786 271.7678693378 270.987333929 269.8225104606 269.1572931506 268.7938163932 20.96038990919362 7.019319993054077 6.6716710433864055 7.67428708999291 7.673395072897058 7.673127592221065 7.673017397196811
12009600.0 275.3140861774 273.1875037759 272.1748435039 271.3368624218 270.0103258185 269.2609767335 268.8633200245 23.92173514851002 9.916172937632805 6.728398156789366 7.674798093708413 7.673492002526147 7.673162901543949 7.673036987790639
12096000.0 273.8140349358 273.2068275851 272.3158456186 271.5313164437 270.1900834026 269.3781398437 268.9419388142 23.8639211174725 11.500860738376215 6.757188742762647 7.675176666622442 7.67359651257002 7.6732051980744735 7.673059947673099
12182400.0 273.4190824609 273.207416236 272.3923718905 271.6512688226 270.3367614447 269.4954797348 269.0271561102 23.436309171051434 11.571680525449118 6.77607981484901 7.675459172770757 7.673691801234792 7.67325034721848 7.673085849005805
12268800.0 273.816325383 273.2108718816 272.4490779733 271.7428241505 270.4617552333 269.6073140838 269.1139978744 23.44275687327311 12.030322834632852 6.792031369891316 7.67570790124145 7.673781362169978 7.673296233902914 7.673113397690917
12355200.0 273.2361806499 273.2080934736 272.4942729517 271.8193945387 270.573834903 269.7144097191 269.2009008458 22.27995191539707 11.655615549003025 6.806200267565363 7.675942650140218 7.6738692232674905 7.673343049092182 7.673142210245894
12441600.0 273.2360852185 273.2024937984 272.5279283607 271.8802446332 270.6705841058 269.8140041671 269.2864200269 22.173158332511605 11.033427175702064 6.817740007753123 7.676149415064319 7.673951571988086 7.673389352079887 7.673171861954239
12528000.0 275.2754618967 273.2118917037 272.5584991992 271.9320207206 270.7547248361 269.9054952662 269.3689809927 22.139462994322816 12.18154211900216 6.829064743686309 7.676342457234009 7.67402870972159 7.673434457594402 7.673201793252098
12614400.0 276.6523751671 273.2243759212 272.6036855549 271.9863219422 270.8314339232 269.9904409531 269.4482583032 21.696523238793493 15.004232211486752 6.847513866303656 7.676567537313281 7.6741040659961195 7.673478735230911 7.673231822959233
12700800.0 276.5750189486 273.2303304574 272.7474173756 272.094950722 270.9149566784 270.0715091992 269.5241023513 21.395721674846435 17.6014705711615 6.92561728090625 7.677114345505503 7.6741925232350665 7.673523329308701 7.6732618128418295
12787200.0 275.4537463544 273.23218426 272.8890148709 272.2165629106 271.0064389975 270.1527434865 269.5984689146 21.217546975089313 18.759052851559694 7.059127229922615 7.677898514747502 7.67429779258601 7.6735704968674385 7.673292494148433
12873600.0 275.1990521815 273.2347130416 273.0516940438 272.3519093888 271.1036651019 270.2349653653 269.672274984 26.833523743722616 20.77970138221465 7.490337229075065 7.6791177408641875 7.674420533460362 7.6736209839569876 7.673324274898968
12960000.0 274.2743018835 273.2367182066 273.1579074814 272.4736916502 271.2059822622 270.3194047821 269.7461658683 27.40687280682115 22.908882302628996 8.777903794714186 7.680708579629795 7.6745635567037 7.673675964359767 7.673357508237357
13046400.0 275.7811616685 273.2377706468 273.1942318009 272.547600839 271.2987117489 270.4038035083 269.8203086879 25.96161175510062 24.29175168102763 10.343394791577186 7.682006426642158 7.674706981665458 7.673734384272052 7.673392375531447
13132800.0 274.1576732001 273.2378036622 273.2073562663 272.5956005444 271.378577377 270.4850957977 269.8938520317 25.036115456258717 24.338769316982663 11.564376335769017 7.683035417740418 7.6748426145781306 7.673794243005094 7.673428569878793
13219200.0 273.8686492662 273.2388244606 273.2190336108 272.6334254481 271.4465484661 270.5607659623 269.9653181759 28.315197351709575 25.919906657242397 13.51884775572906 7.684010183841809 7.674968182085493 7.673853426957792 7.673465384592283
13305600.0 273.5179985201 273.2388283114 273.2246372273 272.6637584504 271.5067962712 270.6314738111 270.0343258051 27.036264707379694 25.926377252830168 15.092839214423199 7.684906329461208 7.675088324681761 7.673912026881412 7.673502576736945
13392000.0 273.2388188063 273.2385154598 273.2272234762 272.6884176749 271.5605749671 270.6974104034 270.1005688978 25.910412855137853 25.413750480443447 16.078541392358108 7.685722837213727 7.675203396588372 7.67396979556943 7.67353990305071
13478400.0 273.9446350821 273.2384925471 273.2290172529 272.7096523791 271.6090882274 270.7589208549 270.1639294548 25.21855144843012 25.37722067362222 16.903433800533026 7.68650726009844 7.675314230743778 7.674026632755793 7.673577194446452
13564800.0 274.0814089846 273.2400882134 273.2341507488 272.7331827734 271.6543197524 270.8166130238 270.2244680971 29.742693072626288 28.287516288337095 20.276160120537163 7.687543489901658 7.675424287255222 7.67408273507626 7.673614372646032
13651200.0 275.6218028789 273.2412986485 273.2350843273 272.7523187851 271.6961557757 270.8708861987 270.2823068673 27.16679125542019 31.11801033989956 21.132331310141584 7.68846079435697 7.675532320700365 7.674138171972429 7.673651396612717
13737600.0 274.4197747818 273.2427741041 273.2341277843 272.7659456213 271.7341726556 270.9218922199 270.3375418992 28.4774403034525 35.59842636014277 20.256327814790776 7.68912457369516 7.675636073231413 7.6741927965375085 7.673688211773564
13824000.0 275.8531249569 273.2437817314 273.2330735909 272.777506324 271.7688676294 270.9698041068 270.390259698 26.664189322416114 39.5225581088045 19.402524208002134 7.689722278064738 7.675735807476734 7.674246495142406 7.67372475878381
13910400.0 275.2482510865 273.2443680872 273.2319059608 272.7879176795 271.8008368195 271.0148629904 270.4405638487 25.740546257078403 42.193768581596764 18.570415607898195 7.69029584562349 7.675832330884957 7.674299251427268 7.673760992431371
13996800.0 276.8230413398 273.2451053702 273.2306062397 272.7974715398 271.8305381122 271.0573330254 270.488578793 25.01134071349904 45.974141396285006 17.759892609162495 7.690854310389036 7.675926289268755 7.674351109627681 7.673796887462131
14083200.0 275.4632128699 273.2455362861 273.2291510703 272.8062839829 271.8582982057 271.0974643258 270.5344407825 24.843564013253037 48.37860318987192 16.970588078182637 7.6913979166095565 7.676018103010536 7.674402134533681 7.673832434967402
14169600.0 275.5648925763 273.3629398267 273.2279820065 272.8144464992 271.8843612883 271.1354794192 270.5782879044 25.855871769420613 50.879730945586914 16.41113315966059 7.691927242758228 7.676108055716424 7.674452391618367 7.673867636529772
14256000.0 276.9926513769 274.325098986 273.2302988091 272.8223559928 271.9089882999 271.1715858301 270.6202570889 25.17021864432785 51.21073212079799 17.58356679803865 7.692475060003886 7.676196616660794 7.6745019593474755 7.673902502577993
14342400.0 278.4781693603 274.9750491017 273.2336691413 272.8301847846 271.9324085287 271.2059772885 270.6604825373 24.967165355089918 51.37126895163171 19.871673315906552 7.693056754539014 7.676284260827861 7.6745509285492375 7.6739370514537635
14428800.0 277.157538792 274.7545896334 273.2356816746 272.8385224839 271.9549154282 271.2388514714 270.6990990883 24.96276800196434 51.5385333750907 21.736670985245546 7.69373943859331 7.6763718468767905 7.6745994268266875 7.6739713125865485
14515200.0 276.6811855628 274.5808269458 273.2370223729 272.8479586422 271.9768492585 271.27042052 270.7362469006 25.15070776230542 51.77483002598586 23.286709688891236 7.694607232566985 7.67646059399931 7.6746476371446875 7.674005331486669
14601600.0 277.2613129989 274.7269491019 273.2382951718 272.8604907372 271.9988806872 271.3009731962 270.7720898997 25.027507901249717 51.92146158352205 25.068043474033917 7.695970113943718 7.6765533986259955 7.6746959028052775 7.674039188664245
14688000.0 276.1187469404 274.4330694085 273.2390888697 272.8750759298 272.0212616363 271.330775951 270.8068030881 26.128054141444288 52.533518772928055 26.373938833562573 7.69782497143573 7.6766516547166725 7.674744585514734 7.674072991081276
14774400.0 276.3494896683 274.4454203196 273.2398114247 272.8936369404 272.0445621505 271.3601319569 270.840577704 26.584869061611997 53.34955993390344 27.723701882748205 7.700784573410674 7.676758542846795 7.6747941637495565 7.674106879699023
14860800.0 277.5876053867 274.8359718189 273.2407423271 272.9257096642 272.0712390949 271.3897509659 270.8737188674 25.639572588401766 53.50402179470669 29.737584965127716 7.7087144306365705 7.6768874390101205 7.674845904766063 7.674141135117163
14947200.0 277.4713248679 274.9120373771 273.2416037154 272.9742395987 272.1036501597 271.4206458847 270.9066858158 25.02235646678346 53.209286307688984 31.93998835359792 7.734180625408808 7.677054125176822 7.674901811292575 7.6741762401655205
15033600.0 277.1333754345 274.8452980277 273.2423322671 273.0267143472 272.1406705332 271.4533404532 270.9399145436 24.538541122341012 52.51242627729372 34.1152847544141 7.817326250400055 7.677258660378993 7.674963248369348 7.674212710730355
15120000.0 277.3437694465 274.9178193031 273.2430039162 273.064375715 272.1774601072 271.4872086835 270.973530275 26.126752121983493 52.12372130350259 36.42415767146717 8.038825421197696 7.677477663322362 7.675029503628296 7.6742507680281
15206400.0 277.4375832981 274.9874595579 273.2436135647 273.0870885718 272.210737195 271.5210778337 271.0073150531 26.051166440324696 51.27788659698822 38.81099374997243 8.466213478005626 7.677690399141912 7.675098586342816 7.6742902504805155
15292800.0 278.1375316737 275.2567665964 273.2442248202 273.1020899617 272.2400493513 271.5540231385 271.0408996983 25.606182395703833 49.596043844953385 41.51340534778355 9.208862824722312 7.677890533667758 7.675168669798561 7.674330784648986
15379200.0 276.8462364921 274.9163986008 273.2446751385 273.1128653999 272.266127725 271.585589609 271.0739457193 28.232700267120393 49.47698433642275 43.71232387426617 10.259314554555349 7.678079766578832 7.675238659929525 7.674371981394051
15465600.0 278.2997520407 275.3505798247 273.2451851164 273.1268915465 272.2924764267 271.6161931013 271.1063546555 26.754843209207802 46.949134647083554 46.40946452186779 11.843754710187687 7.678283971072349 7.675309335519717 7.674413710885504
15552000.0 280.4374859111 276.2285317663 273.2457869564 273.1663470283 272.3289889695 271.6475860081 271.1385180193 25.36580075153002 42.329923526724635 49.826830479873735 14.141754512456039 7.6785952020211985 7.675384902240398 7.6744564874606835
15638400.0 280.6937753852 276.6737244488 273.2464584731 273.2186493945 272.3866388693 271.6841896305 271.1715827618 24.278610356180298 34.831427596388174 53.77298107049006 17.666607575125656 7.679157621836166 7.675477203814724 7.6745019496306535
15724800.0 277.0658066528 275.3488519928 273.2469594917 273.2299992873 272.4322582528 271.7236367875 271.2062665372 30.170747969938922 35.22441654257424 56.6104743553745 19.912526419289193 7.679662918564132 7.675582115759806 7.674551342408871
15811200.0 277.2542649197 275.039173955 273.2473586433 273.2332165646 272.4658660722 271.7615850606 271.2416612819 30.615202641404995 41.33300602386489 58.66098808787645 21.15163104594502 7.680076045116135 7.675688812011565 7.674603645880227
15897600.0 277.1450770905 274.9896819022 273.2478373518 273.2348785632 272.4947359597 271.7967811439 271.2766508 32.424255009136765 49.998996143516585 60.72203070341966 22.339374980512712 7.680467257681261 7.675793256471703 7.674657342719742
15984000.0 277.6513393828 275.1749537506 273.2486575259 273.2359296205 272.5257366697 271.8303834812 271.3108412782 30.85730696371946 55.88092815287115 62.95608199445401 23.45708105758463 7.680936388370542 7.675898303610483 7.674711837339169
16070400.0 280.2928336685 276.395267972 274.0393676595 273.2370084136 272.5657573586 271.864594095 271.344586493 28.02438325044259 55.99700735639487 63.739000000000004 25.297760810216438 7.681634889702669 7.676011039458503 7.674767697778123
16156800.0 279.630782674 276.7695148783 274.3835009667 273.238460361 272.6222159559 271.9036370431 271.3794000028 26.62011180838825 51.5957279587842 63.739000000000004 28.577585929954154 7.6828400337590095 7.676147456287782 7.674827615014126
16243200.0 277.5296181298 276.0772186946 274.275857579 273.2394361532 272.6638653081 271.9429257298 271.4149852981 28.714854017431506 49.15487700409496 63.739000000000004 31.262854024907014 7.683907725038206 7.676293870196761 7.674891409112811
16329600.0 279.5073415091 276.6223771754 274.4126127079 273.239804555 272.6931830101 271.9795001714 271.450332191 26.670319060532904 47.32261032810336 63.739000000000004 32.47747954239787 7.684770511308394 7.676439231153437 7.674957487895999
16416000.0 279.9291470719 276.9650521109 274.5489619023 273.2402178815 272.7173069519 272.012929192 271.4846854364 26.2944960793331 45.3802935523273 63.739000000000004 33.8101852979941 7.685575670895659 7.676580481331789 7.675024465735318
16502400.0 281.4321543542 277.6823019971 274.7908220502 273.2407527183 272.742800119 272.0444445869 271.5179045664 25.062268457353603 42.86096446475615 63.739000000000004 35.358787493953685 7.686564935298129 7.676721669702498 7.675091982406063
16588800.0 283.0455058718 278.5596396211 275.101084454 273.2416699404 272.7756056408 272.0761738469 271.5504577656 24.075264535750176 40.04283338753431 63.739000000000004 37.18363312576546 7.688118432823588 7.6768724037536336 7.675160935699255
16675200.0 282.6164215443 278.7758251956 275.4366567202 273.4599931484 272.8248566217 272.1114186117 271.5834802593 23.716137572756498 36.568683114114386 63.739000000000004 38.715084142572344 7.691318542390833 7.67705091489291 7.675233885920408
16761600.0 283.1993966446 279.255437579 275.8872833328 273.7243261368 272.8745409646 272.1494757591 271.6175305969 22.936263645795833 32.101736246261545 63.739000000000004 40.132003681933575 7.6961969321891965 7.6772581588034 7.675312483231147
16848000.0 283.5215996626 279.500515923 276.1402352552 273.8147751832 272.9039938467 272.185420736 271.6516904185 22.302961446726435 30.15695842764568 63.739000000000004 41.76923440965544 7.7001547860445 7.67746930785156 7.675395014791535
16934400.0 284.5686095297 280.0417994146 276.404359177 273.8823976986 272.9227112103 272.2172814646 271.6848251021 21.657525979595984 28.25808809152093 63.739000000000004 43.552157765543214 7.703238897961416 7.677670423295351 7.675478840565213
17020800.0 284.6168082213 280.2009776567 276.5548323167 273.9264312951 272.9365876157 272.2452182274 271.716273232 21.121627572252173 27.12583957027416 62.96720992162847 45.41336763633713 7.705942219956019 7.6778587251425074 7.675562075084728
17107200.0 283.5685418317 279.801660072 276.479529103 273.9255659087 272.9480756321 272.2699822419 271.7458314331 23.08153405922426 26.827593128466315 62.051264562971916 47.236999224859765 7.708561623270662 7.678035895110273 7.675643793308671
17193600.0 283.0292113122 279.4734584024 276.4468494821 274.1838477629 272.9595029585 272.2925382577 271.7736175478 26.91861503163006 28.55197871189182 62.39518029688423 48.103077 7.711757803085892 7.67820640271048 7.675723894595785
17280000.0 282.8454774167 279.4804907185 276.6014317364 274.5452418934 272.9783559712 272.3149824875 271.8002227838 24.87340543790347 28.107905393284828 61.01823506961296 48.103077 7.719336530429274 7.678385443512738 7.675803761183175
17366400.0 282.9729393693 279.6090803978 276.7708168482 274.6975594777 273.0328310053 272.3442790019 271.8277661279 24.91243763514304 27.86862714268431 58.25313754564 48.103077 7.771043139411751 7.678634541559373 7.675889916420511
17452800.0 281.4565013282 278.8205163243 276.485758291 274.6756809796 273.0777346667 272.3774774916 271.8566772503 30.692459145735473 31.58611888251511 63.37969038158815 48.103077 7.918061793714054 7.678940246782698 7.675984398502506
17539200.0 278.9706320362 277.4125070482 276.0486221958 274.5355875829 273.0976505041 272.4089264713 271.8865044134 32.59815256573124 46.28173928093833 63.739000000000004 48.103077 8.067326823494364 7.679255763720517 7.676086521787147
17625600.0 278.036258019 276.7642267936 275.6014732995 274.3433653783 273.1088364297 272.4354685358 271.9155571842 30.501201686442762 55.2236053015293 63.739000000000004 48.103077 8.196841973130601 7.679544224832543 7.676190859795175
17712000.0 280.1984041545 277.348681389 275.6352112118 274.2950270264 273.1163255597 272.4577379832 271.942655531 29.736477174608748 59.40704770260372 63.739000000000004 48.103077 8.30833075402326 7.6798037575525715 7.676292820789654
17798400.0 276.5364816288 276.2149314781 275.2666243271 274.1807715333 273.1221709783 272.4766609677 271.9673822818 32.83249825318433 63.739000000000004 63.739000000000004 48.103077 8.418833281001227 7.680038128745976 7.676390039691407
17884800.0 277.1515104206 276.110229494 275.0984347706 274.0973182694 273.1270351406 272.4936210852 271.9904070102 33.18922562464988 63.739000000000004 63.739000000000004 48.103077 8.52744756168927 7.680259967346492 7.676484389730457
17971200.0 279.769376041 277.0680578855 275.3984126432 274.1727986582 273.1310212073 272.5089786617 272.0119106677 31.464906342366454 63.739000000000004 63.739000000000004 48.103077 8.623628258954064 7.680471231688107 7.676576042331741
18057600.0 280.9405507609 277.8836138524 275.8111999199 274.3287836822 273.1343777571 272.5230089381 272.0320597396 29.832451463984757 63.739000000000004 63.739000000000004 48.103077 8.708382355788512 7.68067351510828 7.6766652026837425
18144000.0 281.9124985729 278.6127419822 276.2856998579 274.6451171079 273.1385640988 272.5361541386 272.0510593382 28.104463054783846 63.739000000000004 63.739000000000004 48.103077 8.89102872142147 7.680871642600582 7.6767523478824025
18230400.0 279.5294064775 278.2497329448 276.4538512908 274.9173724814 273.1437491292 272.548890737 272.0693618505 38.09321571144398 63.739000000000004 63.739000000000004 48.103077 9.259919809240568 7.68107208826194 7.676839267270788
18316800.0 277.2603857093 277.1340155047 276.1113312607 274.8971765169 273.1500367104 272.5613654814 272.0868588269 42.775178952732816 63.739000000000004 63.739000000000004 48.103077 10.032352931535817 7.681277036342443 7.676925230345951
18403200.0 279.2295078489 277.3009635091 275.9630823767 274.7992663756 273.1569430594 272.5739125918 272.1037473962 40.76444614818977 63.739000000000004 63.739000000000004 48.103077 11.374266589724225 7.681492355513693 7.677011000619172
18489600.0 278.9620022772 277.3785039272 275.9810409065 274.7854671825 273.1650676914 272.5880598902 272.1205697299 39.45317518378767 63.739000000000004 63.739000000000004 48.103077 11.816972795878 7.681746963734125 7.677099303360655
18576000.0 279.8704903313 277.7650414661 276.1338327593 274.8383765372 273.1677645998 272.6010931168 272.1370854124 38.05822067760998 63.739000000000004 63.739000000000004 48.103077 11.585215391984674 7.681993434395506 7.677188922322583
18662400.0 281.3581091429 278.5049147871 276.4776410727 274.9845187744 273.1680008541 272.6120239181 272.1527939479 36.353718242931315 63.739000000000004 63.739000000000004 48.103077 11.35347506295197 7.682209589410631 7.677276985938861
18748800.0 278.3102848159 277.8416906284 276.4424553689 275.0500737958 273.16766272 272.6215943366 272.1678025899 44.90763069644954 63.739000000000004 63.739000000000004 48.103077 11.12267889247531 7.682406372883721 7.677363824114821
18835200.0 277.6609052956 277.0097595551 276.0403859341 274.9234259295 273.1670840215 272.6297765473 272.1818273127 48.42138859134714 63.739000000000004 63.739000000000004 48.103077 10.893341419384567 7.682580499677664 7.677447464600257
18921600.0 277.1211899583 276.5762255268 275.7216842984 274.7475409479 273.1667195858 272.6369747601 272.1947399806 44.832896187538374 63.739000000000004 63.739000000000004 48.103077 10.66777884464631 7.682738394915648 7.677526699661589
19008000.0 278.1791081479 276.7949618584 275.6774636446 274.6711927457 273.1663939751 272.6435525877 272.2066551017 41.56859143233117 63.739000000000004 63.739000000000004 48.103077 10.447332584052846 7.682886706053276 7.67760178658775
19094400.0 277.801465832 276.705568923 275.6139039744 274.6214641922 273.166032198 272.6497675824 272.2179640623 43.33878663668248 63.739000000000004 63.739000000000004 48.103077 10.231365876980256 7.683030510759965 7.677674874369272
19180800.0 276.5252491445 276.1467732372 275.3686389394 274.514766191 273.1655990844 272.6556589717 272.2287426811 42.78394604191423 63.739000000000004 63.739000000000004 48.103077 10.020338301755874 7.68317025067487 7.677746247054824
19267200.0 277.7284066521 276.4027510943 275.3720303851 274.4793160534 273.1650608583 272.6612470456 272.2390449051 40.71679689709649 63.739000000000004 63.739000000000004 48.103077 9.814771900139922 7.683305988028945 7.677816083813938
19353600.0 279.7604452937 277.2918509052 275.7097355026 274.5909310919 273.164384164 272.6665399024 272.2489090285 38.20382181310967 63.739000000000004 63.739000000000004 48.103077 9.615330000990088 7.683437521130796 7.677884485100271
19440000.0 279.0093254139 277.3500346458 275.8572993989 274.6847138595 273.1635384655 272.6715387796 272.2583621885 41.210642583273625 63.739000000000004 63.739000000000004 48.103077 9.422875133412697 7.683564488201994 7.677951492696152
19526400.0 281.3307831709 278.3180017348 276.2964247176 274.8804099931 273.1625032784 272.6762431698 272.2674241041 38.32950598680743 63.739000000000004 63.739000000000004 48.103077 9.239258602319168 7.683686484666797 7.678017108593051
19612800.0 281.362740381 278.7423077675 276.6555287227 275.1362246489 273.1637977986 272.6809484037 272.2761830294 39.398507680177474 63.739000000000004 63.739000000000004 48.103077 9.449331186516098 7.683811012647425 7.67808185671044
19699200.0 280.5627226984 278.6955223044 276.8443522698 275.3602279577 273.1665398104 272.6858700508 272.284787308 39.06031174310263 63.739000000000004 63.739000000000004 48.103077 9.945736287061834 7.683944038180912 7.678146770321657
19785600.0 280.5609133672 278.6838928908 276.9310126726 275.49184109 273.1700686322 272.6914021017 272.2933476786 46.02008446109836 63.739000000000004 63.739000000000004 48.103077 10.578180548088419 7.68409705672414 7.678212679392379
19872000.0 278.6197901334 278.048557795 276.7910329604 275.5141300591 273.1745038354 272.6977655498 272.302035536 57.535696958147284 63.739000000000004 63.739000000000004 48.103077 11.2713368667537 7.684277819236538 7.678280965010051
19958400.0 278.5336238857 277.6030512996 276.5166680493 275.4082097175 273.1808651615 272.7055956941 272.3111036176 62.18314622715722 63.739000000000004 63.739000000000004 48.103077 11.989376424917735 7.684507529814209 7.678353785857978
20044800.0 277.5884325852 277.1609383996 276.2689652782 275.2766955693 273.1900929142 272.7156231642 272.3208793926 63.739000000000004 63.739000000000004 63.739000000000004 48.103077 12.717398396501151 7.684814105323214 7.678434119146232
20131200.0 276.6529532602 276.5222261862 275.9084708337 275.0900143711 273.2010802275 272.7284904014 272.3318845508 63.739000000000004 63.739000000000004 63.739000000000004 48.103077 13.466494415782405 7.685229419915831 7.6785269103617795
20217600.0 277.0085467573 276.3462625336 275.6586595757 274.9094141899 273.2115692048 272.74316829 272.3442422374 63.739000000000004 63.739000000000004 63.739000000000004 48.103077 14.264034765605194 7.685736083088663 7.678634203385121
20304000.0 277.0672155477 276.3199267113 275.552587722 274.8026430246 273.2201052576 272.7579841737 272.3575358017 63.739000000000004 63.739000000000004 63.739000000000004 48.103077 15.194103172016584 7.686286985973539 7.678753452923713
20390400.0 276.0044621819 275.8396603787 275.3092224477 274.6662009482 273.2257367891 272.7716090559 272.3709501917 63.739000000000004 63.739000000000004 63.739000000000004 48.103077 16.28157867565546 7.68683266966013 7.678878016644925
20476800.0 276.6942566706 275.9322883278 275.2408402219 274.585715843 273.2295891795 272.7837166131 272.3840620874 63.739000000000004 63.739000000000004 63.739000000000004 48.103077 17.57584827186493 7.687352531523591 7.679004095406221
20563200.0 275.3806906796 275.39178996 274.9913861814 274.4576583215 273.2323139021 272.7944890693 272.3966547599 63.739000000000004 63.739000000000004 63.739000000000004 48.103077 19.090807808937093 7.687845604124457 7.679129418141075
20649600.0 274.9370485401 274.9873684544 274.7297811715 274.307323151 273.2327951539 272.804470357 272.4087282058 63.739000000000004 63.739000000000004 63.739000000000004 48.103077 19.697497617507324 7.688330610892771 7.679253673386876
20736000.0 275.6673701767 275.1171355357 274.6670352128 274.2232605073 273.2325877008 272.8128644339 272.4200870437 62.84858411268148 63.739000000000004 63.739000000000004 48.103077 19.884742669068757 7.688761294562797 7.6793744223705325
20822400.0 275.7294614185 275.1690424504 274.6486126849 274.1809531305 273.2323358755 272.8197368588 272.4305998508 63.453708710771004 63.739000000000004 63.739000000000004 48.103077 20.0497226705986 7.68913062150743 7.679489661613318
20908800.0 275.99774425 275.2923756907 274.6810193302 274.1749581787 273.2320421831 272.8254612865 272.4402717572 63.739000000000004 63.739000000000004 63.739000000000004 48.103077 20.206553257874265 7.689450499508693 7.67959877480899
20995200.0 275.5656908326 275.1533616236 274.6351937303 274.1541862042 273.2317026049 272.8303463894 272.4491808076 63.739000000000004 63.739000000000004 63.739000000000004 48.103077 20.357073377236784 7.6897327670176425 7.67970201415236
21081600.0 275.1300914124 274.9173477928 274.5249139539 274.1040528154 273.2313095722 272.8346071816 272.4574246832 63.739000000000004 63.739000000000004 63.739000000000004 48.103077 20.494853922311844 7.689986281359675 7.679799971267985
21168000.0 274.9281592802 274.7377004556 274.4104656351 274.0409523618 273.2308547098 272.8383830373 272.4650943267 63.739000000000004 63.739000000000004 63.739000000000004 48.103077 20.61375695862835 7.6902168830564674 7.679893276142619
21254400.0 273.3738414633 274.0912514043 274.1458981542 273.928326137 273.2303250997 272.8418584752 272.4724004861 63.514734529194996 63.739000000000004 63.739000000000004 48.103077 20.714133535664523 7.690434258624638 7.6799841731552
21340800.0 273.2479966972 273.6444240805 273.8185519234 273.7480861124 273.2297057695 272.8449562608 272.4792380815 61.28978774770658 63.739000000000004 63.739000000000004 48.103077 20.769384306590027 7.690632294090943 7.680071079762598
21427200.0 273.4451052727 273.5413961603 273.6345382592 273.5986742829 273.2289798258 272.8477013702 272.4856242958 58.88547479089922 63.739000000000004 63.739000000000004 48.103077 20.75928339383321 7.690811261160804 7.680153905675336
21513600.0 274.847704532 274.0923452361 273.7748936017 273.5958897233 273.2281473058 272.8500949476 272.4915572957 55.70097528963847 63.739000000000004 63.739000000000004 48.103077 20.712078469255257 7.690970051375777 7.6802323296370165
21600000.0 274.8570148683 274.2923620475 273.8934689146 273.6363654649 273.2271960998 272.8522217855 272.4971584069 55.88444955593027 63.739000000000004 63.739000000000004 48.103077 20.668329072655492 7.691113341894242 7.680307707654136
21686400.0 273.8577918337 273.9610098773 273.8092551671 273.6189351165 273.226100667 272.8540822202 272.5024449395 55.11488814864323 63.739000000000004 63.739000000000004 48.103077 20.62512123303706 7.6912404155522385 7.68038007851702
21772800.0 274.5608274291 274.1305489549 273.8460496083 273.6266009091 273.2248313727 272.8556676726 272.5074268213 51.23559261225901 63.739000000000004 63.739000000000004 48.103077 20.585161666081085 7.691350006733756 7.680449396133295
21859200.0 276.0272753097 274.7881087519 274.1146086201 273.7315989184 273.223359114 272.8569583858 272.5121065101 47.16694045432966 63.739000000000004 63.739000000000004 48.103077 20.572181257879674 7.691440122326282 7.680515520109325
21945600.0 276.997973582 275.4436095623 274.4743124611 273.909244905 273.2216508255 272.8579214553 272.5164783245 46.343251652593175 63.739000000000004 63.739000000000004 48.103077 20.613913243731275 7.691507894217523 7.68057819864474
22032000.0 275.5638765841 275.1388884408 274.504888385 273.9915995035 273.2196604072 272.8585112795 272.5205280501 46.724965663019105 63.739000000000004 63.739000000000004 48.103077 20.700419965155806 7.69154962723493 7.680637055737031
22118400.0 274.8562349324 274.7631575008 274.3875999479 273.9825978054 273.2173462483 272.8586746298 272.5242338975 51.443640474175844 63.739000000000004 63.739000000000004 48.103077 20.80443416657127 7.691561215718349 7.680691599354252
22204800.0 274.892122603 274.6414675834 274.3035425723 273.9497487205 273.2147005598 272.8583634456 272.5275702714 56.67481309654464 63.739000000000004 63.739000000000004 48.103077 20.90808480797088 7.691539150995669 7.680741274521583
22291200.0 274.8722474998 274.580965672 274.2473871986 273.9163568669 273.2117794354 272.8575579379 272.5305159167 59.42811087295035 63.739000000000004 63.739000000000004 48.103077 21.004205854745663 7.691482259481691 7.68078558806704
22377600.0 274.2749814028 274.3011123059 274.1139521337 273.8523427853 273.2087225701 272.8562970292 272.5330668114 60.65814400679059 63.739000000000004 63.739000000000004 48.103077 21.08316325348256 7.691393846021354 7.680824313574245
22464000.0 273.4620979761 273.8469563149 273.8824241868 273.7387979318 273.2057403411 272.8547004303 272.535250103 60.562648439684644 63.739000000000004 63.739000000000004 48.103077 21.129074968516683 7.691283004602384 7.680857720098144
22550400.0 273.7250054018 273.7700954554 273.7567082044 273.6456686697 273.2030562168 272.85295943 272.5371309601 63.739000000000004 63.739000000000004 63.739000000000004 48.103077 21.1391342004816 7.691163530177096 7.6808866947027665
22636800.0 273.5999365341 273.6676111032 273.6572597686 273.5693827773 273.2008243252 272.8512906319 272.5388056031 63.739000000000004 63.739000000000004 63.739000000000004 48.103077 21.11631716119563 7.691050350294381 7.680912646418635
22723200.0 273.5625002421 273.5989187199 273.5827189011 273.50912897 273.1990912742 272.849877917 272.5403822002 61.018742585574714 63.739000000000004 63.739000000000004 48.103077 21.065803915373767 7.690955546503815 7.680937212299286
22809600.0 274.0381696539 273.7594463622 273.6085445338 273.4935798843 273.1978184783 272.8488363239 272.5419596663 57.07849635786704 63.739000000000004 63.739000000000004 48.103077 21.000189175469135 7.690886231600553 7.680961922417013
22896000.0 275.0260024725 274.223381454 273.7928664606 273.5560414448 273.1969279105 272.848208514 272.543613269 55.98535742365663 63.739000000000004 63.739000000000004 48.103077 20.942876899306615 7.690844689595654 7.680987966654341
22982400.0 274.8651259 274.3357961773 273.9060890266 273.6225630828 273.1963322635 272.8479829844 272.5453902025 55.04824933741404 63.739000000000004 63.739000000000004 48.103077 20.90546615200488 7.6908298095774175 7.681016116127641
23068800.0 274.0865116841 274.0703195493 273.8522435611 273.6286958188 273.1959514058 272.8481177142 272.5473126755 59.22778550821474 63.739000000000004 63.739000000000004 48.103077 20.878501215141497 7.690838696058086 7.681046762804842
23155200.0 273.2474923874 273.6177532797 273.6771341464 273.5761216054 273.1956883005 272.8484787672 272.5493392037 59.28634872678262 63.739000000000004 63.739000000000004 48.103077 20.850245884491187 7.6908625504365045 7.681079285978265
23241600.0 273.2467571036 273.428787116 273.5151638406 273.4852519977 273.1955464817 272.8491142195 272.5515095966 55.489584265823495 63.739000000000004 63.739000000000004 48.103077 20.803518702400183 7.690904676605171 7.681114368379695
23328000.0 273.2461946431 273.3581796385 273.4221399154 273.4112332271 273.1954947429 272.8500034388 272.5538346028 52.22345550783662 63.739000000000004 63.739000000000004 48.103077 20.72306643127227 7.690963932919329 7.68115224046616
23414400.0 273.2459008876 273.3218909934 273.3671899044 273.3615636862 273.1955054429 272.8510992778 272.5563019896 50.49332474431364 63.739000000000004 63.739000000000004 48.103077 20.612044099009676 7.691037455215944 7.681192764364624
23500800.0 274.7800894397 273.9254916969 273.5737393674 273.4190579938 273.1955562261 272.852319787 272.5588616565 47.692806961386395 63.739000000000004 63.739000000000004 48.103077 20.505001613425403 7.691119995093357 7.681235170339269
23587200.0 274.4872313422 274.0349174017 273.6911779055 273.4845882156 273.1956401745 272.8536377349 272.5614966871 46.19472564440337 63.739000000000004 63.739000000000004 48.103077 20.41657338552623 7.69120990709442 7.681279219875797
23673600.0 273.2448738626 273.5512617716 273.5649014057 273.4708409197 273.1957425805 272.8550164403 272.564180029 44.73824533979752 63.739000000000004 63.739000000000004 48.103077 20.335980399227196 7.691304845496635 7.68132449449187
23760000.0 273.2440134468 273.3929594394 273.4477379875 273.4154937857 273.19585996 272.8564603413 272.5669160075 40.54244903613126 63.739000000000004 63.739000000000004 48.103077 20.248761665889184 7.691405253382256 7.681371097046296
23846400.0 273.2432523515 273.3314281108 273.3768329854 273.36512689 273.1959857472 272.8579562266 272.5696936572 37.36136685636215 63.739000000000004 63.739000000000004 48.103077 20.143339646785044 7.69151034967276 7.681418870217963
23932800.0 273.2436651768 273.3023909067 273.3349673193 273.3292717291 273.1961177172 272.8594943249 272.572503321 39.02685766781348 63.739000000000004 63.739000000000004 48.103077 20.018961445373048 7.691619568651909 7.681467673281318
24019200.0 273.6033332945 273.4285081571 273.3629916865 273.3248307827 273.1962546629 272.8610579516 272.5753306017 40.55798179928792 63.739000000000004 63.739000000000004 48.103077 19.887637732665347 7.691731822247342 7.681517276168966
24105600.0 274.1847285297 273.707107016 273.4785536558 273.3660780561 273.1963986144 272.862640111 272.5781688694 40.19678752394927 63.739000000000004 63.739000000000004 48.103077 19.76376454056543 7.691846680999601 7.681567577571016
24192000.0 273.2436792679 273.4758821275 273.4503551221 273.3769727165 273.196546623 272.8642323171 272.5810120394 39.086178371493 63.739000000000004 63.739000000000004 48.103077 19.646497163874276 7.691963585368878 7.681618481637277
24278400.0 273.2419592623 273.3474115377 273.3758870876 273.3492721282 273.1966970333 272.8658343168 272.5838576606 32.96217807490983 63.739000000000004 63.739000000000004 48.103077 19.529342196175552 7.692082564212215 7.681669954397355
24364800.0 273.237960069 273.2987395897 273.3278858374 273.3187712337 273.1968465953 272.8674420745 272.586700842 24.56479537550169 63.739000000000004 63.739000000000004 48.103077 19.403339991576832 7.692203361226793 7.681721915456578
24451200.0 273.2286713096 273.2707937668 273.2956582601 273.2937493601 273.1969942887 272.8690516746 272.5895384106 16.733671290070763 63.739000000000004 63.739000000000004 48.103077 19.268044063772845 7.692325716415484 7.6817743127818465
24537600.0 273.2132859112 273.2518749592 273.2733142253 273.2748919008 273.1971401043 272.8706609692 272.5923671324 12.401838908437307 57.72066886421309 63.739000000000004 48.103077 19.12426637670907 7.692449493507079 7.6818270908525905
24624000.0 272.9402502028 273.2453490592 273.2588462565 273.2612019007 273.1972843139 272.8722679658 272.5951860076 7.1382479526640195 47.31875953256852 63.739000000000004 48.103077 18.97554749852841 7.692574561199419 7.6818802340305
24710400.0 270.3675794352 273.2440507861 273.2522700527 273.2542002823 273.1974283129 272.8738705768 272.5979898369 6.583780420771278 40.711135578662656 63.739000000000004 48.103077 18.82621426072069 7.692700773793095 7.681933645508132
24796800.0 270.9178979275 273.2428472804 273.2497935624 273.250652681 273.1975713463 272.8754671201 272.6007785853 6.608222933490566 35.85717317581261 63.73607393256696 48.103077 18.677212684864507 7.692828010583055 7.6819873242464585
24883200.0 270.4798653724 273.2413455027 273.2496627198 273.2497059879 273.1977132858 272.8770544556 272.6035461509 6.588146760774944 31.24111317231847 63.72624320963955 48.103048713779266 18.52886707936515 7.692956026306141 7.682041150521734
24969600.0 270.4114701544 273.2392657918 273.2495721659 273.2494193309 273.1978534292 272.8786324198 272.6062950744 6.5854551496365845 26.689170363785646 63.71297480919565 48.10276472990443 18.381142812446004 7.693084807984144 7.6820951703060665
25056000.0 269.5854425013 273.2348765833 273.2494899702 273.2492892575 273.1979914376 272.8802019308 272.6090287747 6.559338334338424 20.932962912827808 63.694936297161746 48.102390241990285 18.23391869347463 7.6932144316728355 7.682149449072556
25142400.0 270.3532949097 273.2265954371 273.2493950532 273.2491988497 273.198127389 272.8817606579 272.6117421845 6.583243892849998 15.819321421637424 63.66554856385144 48.10197612696334 18.087370267107225 7.693344703791007 7.682203883875806
25228800.0 270.6437544372 273.2068501567 273.2492717088 273.2491224291 273.1982610764 272.8833080758 272.6144349039 6.595039103309506 11.503540730168952 63.61108039760896 48.101505680678954 17.941487187507153 7.693475574874262 7.682258462598653
25315200.0 269.5812026136 273.1553880156 273.2478798538 273.2489657894 273.1983923674 272.8848434502 272.6171059681 6.559228194908029 8.713891065641022 60.87963482086315 48.100205202784245 17.79637161977025 7.693606975076933 7.682313161021196
25401600.0 270.0935270411 272.6291222072 273.2471799675 273.2488280539 273.198521112 272.8863662764 272.6197548547 6.574153139722744 6.858939975623445 57.77397174431187 48.0982774371757 17.652016194635 7.693738851201827 7.682367963197266
25488000.0 270.6220806721 271.9277091289 273.2467707606 273.2487169324 273.1986471637 272.8878754974 272.6223798051 6.5940892961420845 6.690541133365211 55.56651908811497 48.096041177062865 17.50845670568277 7.693871098951853 7.682422826632604
25574400.0 269.2892551323 271.2817566689 273.2462141618 273.2486154788 273.1987703736 272.8893693646 272.6249777006 6.552086511683759 6.630022853855389 52.33854135255163 48.09333937236438 17.365790164928793 7.694003547541844 7.682477678321171
25660800.0 268.8238770457 270.9785005025 273.2455771036 273.2485202103 273.198890618 272.8908495448 272.6275523829 6.542235051266331 6.61146955366051 48.612357798151116 48.09010178034079 17.223880101360482 7.694136326566304 7.68253259162978
25747200.0 268.387683296 270.7828241309 273.2448227985 273.2484276059 273.199007827 272.8923158356 272.6301036668 6.534345925551664 6.60144077763612 44.471467280093755 48.08616793257619 17.082729671304524 7.694269401482411 7.682587555879548
25833600.0 268.7601866264 270.9669734925 273.2440150085 273.2483370569 273.1991219347 272.8937680953 272.6326314323 6.5410101816951 6.610841626511797 40.54948024925995 48.08143716345351 16.94234139817138 7.694402741990038 7.68264256149796
25920000.0 269.1148960549 271.1859127485 273.243133139 273.2482479469 273.1992328773 272.8952062208 272.6351356124 6.54819622180731 6.623696520135834 36.90573417999072 48.075785487878626 16.802717193250224 7.694536320309655 7.682697599840897
26006400.0 269.7541383647 271.5189757054 273.2422263137 273.2481606073 273.1993405925 272.8966301368 272.6376161818 6.563886596717145 6.6480137197247595 33.77891569241497 48.069149725225834 16.663858565058366 7.694670110340536 7.682752662976161
26092800.0 269.8248493631 271.6142836823 273.2411558075 273.2480736908 273.1994450192 272.8980397921 272.6400731506 6.565895259525656 6.656390554991349 30.749500276728405 48.06129838530563 16.52576669353061 7.694804087463523 7.682807743596891
26179200.0 270.0327350796 271.7353254274 273.2398885123 273.2479862445 273.1995460975 272.8994351556 272.6425065567 6.572191549708216 6.668226416464104 27.877959477865122 48.05195402861391 16.388442516980003 7.694938228218748 7.682862834872455
26265600.0 269.6536349854 271.6250375259 273.2380553094 273.247894913 273.1996437683 272.900816214 272.6449164636 6.56113720987852 6.657384736217998 24.705142704294644 48.04035338127922 16.251886807489797 7.6950725102479 7.682917930462863
26352000.0 269.2960294169 271.5011257044 273.2351322373 273.2477947499 273.1997379729 272.9021829688 272.6473029561 6.55224296809745 6.646526150011628 21.17907622935174 48.02501716147374 16.116100231701296 7.695206912087386 7.682973024403337
26438400.0 269.3915557944 271.5549500004 273.2304483834 273.2476805193 273.1998286527 272.9035354334 272.649666133 6.554494072046512 6.651087246741537 17.668676065596188 48.00352879453215 15.981083395540097 7.695341412894143 7.683028110998469
26524800.0 269.778620085 271.7339739781 273.2227207893 273.2475460217 273.199915749 272.9048736326 272.6520061133 6.564574882193915 6.6680859452115895 14.482173812592546 47.97168660329062 15.846836888754734 7.695475992556274 7.683083184952113
26611200.0 269.7642779221 271.7668772798 273.2056327173 273.247370132 273.1999992025 272.9061976004 272.6543230265 6.5641707568306344 6.671564245116147 11.362878602951403 47.91654765694364 15.713361411668284 7.695610631447723 7.683138241189395
26697600.0 268.2350649138 271.1657646635 273.0583270531 273.246902712 273.2000789536 272.9075073785 272.6566170132 6.5318370544386255 6.622425267445719 7.528972040381772 47.65709324487665 15.580658803424933 7.695745310360931 7.683193274861524
26784000.0 268.1126916959 270.6580551668 272.2861136276 273.2459005272 273.2001549433 272.9088030142 272.6588882218 6.5299083502870685 6.595672577994831 6.750535588907692 46.30739631137613 15.448733411186337 7.695880010348099 7.683248281292879
26870400.0 269.1684784432 270.8613700054 272.1157564374 273.2451929209 273.2002303339 272.91008926 272.6611455286 6.549364498342675 6.6053116071545155 6.718121966006518 44.65831149295362 15.321996171718919 7.696015209404691 7.683303470198447
26956800.0 267.354068564 270.1665159349 271.8789337674 273.2445294281 273.2003034047 272.9113595296 272.663375817 6.5193498785120605 6.576587065933185 6.6844036588316875 42.7715556113516 15.197827144791113 7.6961501955089595 7.6833585140107035
27043200.0 267.1946252843 269.9439430292 271.7645601097 273.2437981218 273.200373902 272.9126168545 272.6655849443 6.517391681681441 6.569427387748714 6.671310119801039 40.57521356240917 15.075472606632571 7.696285264461159 7.683413547779037
27129600.0 267.514849621 270.1010515893 271.8462773863 273.2430152434 273.2004409244 272.9138581533 272.6677670491 6.521408157530116 6.574400009155814 6.680486348782097 38.39925422136563 14.954145122610498 7.696420058196414 7.683468415813031
27216000.0 266.2748728478 269.6034719191 271.690773259 273.2419791007 273.2005051994 272.9150886678 272.6699322879 6.507461163220005 6.5598088882962875 6.663689859695368 35.98788822458814 14.834316065503405 7.696555122237288 7.683523365160464
27302400.0 266.2816048568 269.5326112351 271.6735026245 273.2403562517 273.2005666278 272.9163060074 272.6720759778 6.507526507397484 6.557979801827831 6.661987900961985 33.345796809441744 14.71622712698007 7.696690174930646 7.683578270455101
27388800.0 267.2816140848 270.0031291094 271.8765957085 273.237515889 273.200624417 272.9175102283 272.6741982839 6.51845013068046 6.571256899509274 6.684107378250184 30.875881867742724 14.598733646066277 7.696825198723677 7.683633127665901
27475200.0 268.2900416174 270.5339636103 272.0874072519 273.2298416624 273.2006759835 272.9187026691 272.6763019911 6.532727171045996 6.590350097978034 6.71348445359021 28.76047312836583 14.478154780942852 7.696960321883234 7.6836880014241595
27561600.0 269.4007549003 270.9985538776 272.097212583 273.0270292836 273.2007240807 272.9198813713 272.6783837804 6.554715383205023 6.612573953475017 6.715062067624477 27.30320975162817 14.359971147505455 7.697095299102865 7.683742797491139
27648000.0 268.3485399945 270.4457377441 271.6948461557 272.8635558283 273.2017144356 272.9213331063 272.6805079674 6.533691055895782 6.5867909423729545 6.66409007825313 25.90088370702733 14.265011415350925 7.697263502690751 7.683799223006559
27734400.0 266.4189848256 269.380807233 271.0978048374 272.713299956 273.2031045416 272.9231760324 272.6827576205 6.5088813526451705 6.5542365117283365 6.6182644018747725 23.928670418379696 14.18651852855168 7.697480210857588 7.683859554770828
27820800.0 263.3553924036 267.6975951843 270.1850765363 272.4973653516 273.2045827019 272.9252937154 272.6851290875 6.485840632733166 6.523857398628783 6.577210422224355 21.31809211052112 14.12249918533794 7.6977337273065345 7.683923801471364
27907200.0 264.5556590846 267.894929156 270.1408314213 272.4783630741 273.2058527513 272.9276612184 272.6876667445 6.493381877079282 6.526644464503179 6.57571068739404 18.312905537514382 14.06812604668237 7.69802301258782 7.6839932988536495
27993600.0 263.3187621937 267.4431136747 269.9801976792 272.463538982 273.2067090785 272.9300699202 272.690326913 6.485632511538471 6.520479057512956 6.57053244295949 15.221999069991254 14.013209320811802 7.69832388523172 7.684066995899124
28080000.0 261.7389980404 266.5954831494 269.5628905619 272.387987584 273.2072405964 272.9323437318 272.6930322697 6.477637016861206 6.51068419974961 6.5587457934189235 11.755456421855685 13.954699131317598 7.698614173356333 7.684142846985955
28166400.0 261.8616835071 266.4956842882 269.4686326068 272.3565200128 273.2063248085 272.9341854592 272.6956730979 6.478196972995275 6.509655974994026 6.556365109325773 8.19849690954455 13.8504046757138 7.698853896041106 7.684217782050701
28252800.0 262.5011290424 266.4448038127 268.953089662 271.2277712651 273.2070321586 272.9357405611 272.6981704666 6.481271141882904 6.509140623775471 6.544796922371321 7.67492455112751 13.793744161134194 7.6990596009032695 7.684289472495561
28339200.0 263.2013717488 266.6434729139 268.8842337713 271.0655140895 273.2081255982 272.9375000554 272.7006132207 6.484973322424412 6.511187049557644 6.543412852333215 7.674631224095817 13.75966301876382 7.699296064099493 7.684360385392662
28425600.0 264.1252821425 267.1488578196 269.165006327 271.1980306582 273.2089079066 272.9394332751 272.7030825171 6.490504827340192 6.5168440711925255 6.549279594463536 7.674836663881164 13.725052918820172 7.699560545971943 7.684432876493995
28512000.0 264.8214343853 267.6332505867 269.4969112 271.3815238352 273.2094010838 272.9413777579 272.7055814166 6.495269172290769 6.522981139887087 6.55706965796774 7.6751800621464925 13.686111541118278 7.699831638145183 7.684507077371098
28598400.0 264.0753766011 267.4073787386 269.4562666861 271.4119113463 273.2097775407 272.9432403031 272.7080754622 6.490184552103783 6.520022746359711 6.556059564484584 7.675269116056006 13.646461566075766 7.700096208777429 7.684581991862158
28684800.0 263.5000313885 267.0685479335 269.270264845 271.361448792 273.2099158631 272.9449833441 272.7105335913 6.486674006090969 6.515898157362573 6.551641502710874 7.675198950223743 13.599531025172201 7.700348268328483 7.68465668047079
28771200.0 262.6505119163 266.5914717372 268.9976184267 271.2614644966 273.2093309331 272.9464780954 272.7129137058 6.482029640106818 6.510642417522086 6.545710275745019 7.6750317597059 13.52199264182762 7.700567948356332 7.684729819294487
28857600.0 263.064054196 266.6256399484 268.8801111808 271.0308569991 273.2088465312 272.9475839668 272.7151141525 6.484216933967772 6.510999542416026 6.543331048661669 7.674559903832998 13.442210021037686 7.700732616291093 7.684798167191213
28944000.0 263.2596217022 266.5558265295 268.6215703531 270.5484540341 273.2096071518 272.9487954985 272.7172372138 6.4852989451079655 6.51027282105385 6.538426357954296 7.673938472899689 13.412187328510507 7.7009151474670485 7.6848647867924855
29030400.0 263.6915277573 266.6881415165 268.5953670362 270.4322753063 273.2103874021 272.9502066025 272.7193588585 6.487806720522099 6.511660130301563 6.5379527206478025 7.6738333873409825 13.389479671537682 7.701130607464865 7.684932034643996
29116800.0 263.3255596228 266.5197220143 268.488422475 270.3652376305 273.2110838951 272.951745654 272.7215040696 6.485671044122315 6.509901508457657 6.5360612614821765 7.673783503430348 13.368544263276606 7.70136918863476 7.685000723548245
29203200.0 264.3458238006 266.9666796122 268.7083353758 270.4709138146 273.2114593318 272.9533682302 272.7236892106 6.491952722030767 6.514724965371136 6.540024498840312 7.673862779817035 13.336259708447303 7.70162486391613 7.685071419567814
29289600.0 265.8485608185 267.8530167101 269.2681200867 270.7851077346 273.2114301171 272.9548890673 272.7258775049 6.503509344091824 6.526039495453885 6.5515924190789185 7.674141611347245 13.282654612765784 7.701868466008237 7.685142966006491
29376000.0 265.8867705743 268.1415401895 269.5741245643 271.0141931971 273.2112982395 272.9562476661 272.7280212528 6.503849265510969 6.530356647484853 6.559035795281876 7.674405008649239 13.219330553043264 7.702089396879638 7.685213793626456
29462400.0 265.1876495928 267.8511826352 269.4623094843 270.9975445931 273.2110961093 272.9574165666 272.7300684873 6.4980232637942175 6.5260131863721496 6.55620868160738 7.6743920899137095 13.142119313660107 7.7022820370855865 7.685282124533177
29548800.0 266.4114428032 268.4224942743 269.7718457176 271.1511516413 273.2103044553 272.9583340271 272.7320005129 6.50880589830224 6.534935139441965 6.564374442696022 7.674593655294442 13.015985423847988 7.702434926092037 7.685347239402857
29635200.0 268.6749289134 269.6874386651 270.5375080034 271.5455540504 273.2093146808 272.9589766631 272.7337874066 6.539411671027275 6.562048573537351 6.590486317845623 7.675287704085503 12.807303741373193 7.702542913896981 7.6854080145283765
29721600.0 268.9454305313 270.080282118 270.8535003076 271.6788619925 273.2084303599 272.9595580392 272.7354593484 6.544649542850152 6.573720800839269 6.604903615581085 7.6755737206376375 12.044387152397526 7.702641251296291 7.6854653663358885
29808000.0 267.9919192999 269.6843162011 270.6594794654 271.5528575747 273.206881775 272.9601814532 272.7370634643 6.528072621564675 6.56196383161901 6.595725188222796 7.675255346122097 10.97654237504115 7.702747385314475 7.685520839049611
29894400.0 267.0016434739 269.086619881 270.2683358375 271.3129134572 273.202783942 272.9606366429 272.7385806216 6.515124344110208 6.547589046336923 6.5801256983068885 7.674792015201571 9.75741854230452 7.702825332209077 7.685573712629015
29980800.0 264.9942219862 267.9061300482 269.4986924385 270.8515902269 273.1841283299 272.9601055872 272.739800701 6.496545440857748 6.526807367339103 6.557114310655632 7.674180750526484 8.325297956363052 7.702734431223183 7.6856165237758765
30067200.0 261.657557496 265.8047760983 268.0094209149 269.7838283478 272.5018262231 272.8542444149 272.7158232181 6.4772702925615455 6.503123097664644 6.528327184046463 7.6734056233978505 7.680889675813999 7.691251571632287 7.684820342709711
30153600.0 261.1464515912 264.8387089244 266.953894907 268.7391670134 271.4880789565 272.5267564758 272.6193476616 6.475055054012377 6.495394971150552 6.514573020575962 7.673015938961653 7.675084216424038 7.680729125930746 7.682359502399965
30240000.0 262.2156019386 264.9197238201 266.596298058 268.1198107285 270.7363806543 272.119191938 272.4522447047 6.479865014294588 6.495990234075917 6.510686131665953 7.672862910562106 7.674024107705023 7.677091970821027 7.679738143613466
30326400.0 261.3191397939 264.2723044697 265.9809395419 267.4836281992 270.098874406 271.69934831 272.2371308562 6.4757873683698195 6.49146404891726 6.504692340996265 7.672744281149142 7.673548274400338 7.675516827324604 7.677802986640044
30412800.0 261.2118021771 263.91605529 265.5176555368 266.9526747706 269.5417794693 271.2892653384 271.9941347242 6.475330306167191 6.489179565765367 6.500667267062436 7.672664561670582 7.673274426921331 7.6746772152793765 7.676500027516465
30499200.0 262.7703613015 264.5031775586 265.6609291349 266.8050134306 269.1277039871 270.9135887858 271.7411411292 6.482650025427589 6.4930195486034945 6.50187200671654 7.672643940097935 7.673121007602509 7.674183729958918 7.675630591601981
30585600.0 265.1987807348 265.7955927542 266.3741446137 267.0924032634 268.9166465797 270.60327475 271.496911476 6.49810994826694 6.503042525494316 6.508428156659064 7.67268152654352 7.673053995783176 7.67388825670743 7.675048991267107
30672000.0 265.0376157117 265.9833711758 266.5922065269 267.2330192035 268.7980527523 270.3575669072 271.2733024322 6.496872364116475 6.50472075401953 6.510643509505008 7.672701576560216 7.673019201908813 7.6737019314397585 7.674652115310261
30758400.0 261.9663838881 264.4507485155 265.7147726737 266.7391324635 268.5703615816 270.1310592472 271.0663127416 6.478682142630908 6.492660868866762 6.502333751485684 7.672634850266317 7.672959039029637 7.673557651599738 7.674362346790277
30844800.0 262.1028863355 264.1280441434 265.3100762166 266.3558323955 268.2957068222 269.90298337 270.8678699431 6.479325051465849 6.490522630598978 6.4989808418484225 7.672589430181731 7.672894215351933 7.673433184421401 7.674135015424466
30931200.0 263.4858730381 264.6779438698 265.4937637766 266.3190320002 268.0884677609 269.6869770026 270.6767318983 6.486591601526375 6.494239175450759 6.500469671611472 7.672584922663659 7.672849861120896 7.673330774480905 7.673951334464713
31017600.0 263.1915355058 264.5949007866 265.4344465422 266.2318477271 267.9174993853 269.4888415061 270.4942994828 6.484918619931902 6.493654979527965 6.499983072915589 7.672575322169776 7.672815974605252 7.67324771382034 7.673801252854852
31104000.0 264.2267570113 265.0831154043 265.6833229609 266.3186274824 267.8117936925 269.3173837812 270.3239196835 6.491164342912662 6.497217988283072 6.502063441194008 7.672584521830339 7.672796031064718 7.673182933873144 7.673678995262494
31190400.0 264.4334237022 265.2842420731 265.8333591492 266.3991128006 267.7481571043 269.1739947386 270.1682243284 6.492543059244455 6.498781613442522 6.503368656164953 7.672593386024854 7.672784361657494 7.67313315238358 7.673579781035488
31276800.0 259.865033588 262.9698982235 264.4756848426 265.6281170614 267.4922213846 269.0093193062 270.0164375619 6.470077300111536 6.483707190187741 6.4928253959636235 7.6725161225787675 7.6727410237049725 7.67308033715321 7.6734927745035675
31363200.0 259.1469921348 262.0056790323 263.5827697771 264.901369834 267.1161898544 268.8004696961 269.8554024305 6.46759355611059 6.478866001415905 6.487153848440103 7.672456419319681 7.672684122079728 7.673019244744603 7.6734094402856154
31449600.0 260.0924802805 262.1349732075 263.3919122424 264.5571011277 266.7700906016 268.5669472002 269.6818586328 6.470906743858007 6.479477915708847 6.486043976651567 7.672431450696018 7.672637663223624 7.672957686298957 7.673328503342227
31536000.0 260.1316826654 262.0712704153 263.2337749239 264.3191677094 266.4763658026 268.3301301807 269.4996832367 6.471051910864634 6.47917508350389 6.485148830010899 7.672415377995659 7.672602038301261 7.6729014971716785 7.673252017698846
