single point
       alpha_p                      0.002849892258880000    1.000000000000000    0.000000000000000
       alpha_m                      0.0004562290000000000    1.000000000000000    0.000000000000000
           n_p                      1.158366376896000    1.000000000000000    0.000000000000000
           n_m                      2.038136235235000    1.000000000000000    0.000000000000000
          wr_p                      0.02400000000000000    1.000000000000000    0.000000000000000
          wr_m                      0.2638852072771000    1.000000000000000    0.000000000000000
         tcs_p                      0.7692590000000000    1.000000000000000    0.000000000000000
         tcs_m                      0.2560423778181800    1.000000000000000    0.000000000000000
         tcd_p                      0.1338389775679800    1.000000000000000    0.000000000000000
         tcd_m                      1.106632333319430    1.000000000000000    0.000000000000000
          af_p                      0.9497041119068000    1.000000000000000    0.000000000000000
          af_m                      1.640048233363600    1.000000000000000    0.000000000000000
         auf_p                      0.1217340000000000    1.000000000000000    0.000000000000000
         auf_m                      1.103143436548820    1.000000000000000    0.000000000000000
         por_p                      0.4455991340281400    1.000000000000000    0.000000000000000
         por_m                      0.3014649116976100    1.000000000000000    0.000000000000000
        perm_p                      9.356590000000000e-11    1.000000000000000    0.000000000000000
        perm_m                      1.705001183070000e-13    1.000000000000000    0.000000000000000
         den_p                      900.0000000000000    1.000000000000000    0.000000000000000
         den_m                      1900.000000000000    1.000000000000000    0.000000000000000
     albedo_bg                      0.1375000000000000    1.000000000000000    0.000000000000000
          e_bg                      0.8790940546883000    1.000000000000000    0.000000000000000
         pen_w                      0.002500000000000000    1.000000000000000    0.000000000000000
         pen_s                      0.03500000000000000    1.000000000000000    0.000000000000000
          z_bg                      0.04618109990740000    1.000000000000000    0.000000000000000
           z_s                      0.008750000000000001    1.000000000000000    0.000000000000000
