single point
       alpha_p                      0.002707519455725000    1.000000000000000    0.000000000000000
       alpha_m                      0.0004562290000000000    1.000000000000000    0.000000000000000
           n_p                      1.168671272453000    1.000000000000000    0.000000000000000
           n_m                      2.001082026198000    1.000000000000000    0.000000000000000
          wr_p                      0.06005952631060000    1.000000000000000    0.000000000000000
          wr_m                      0.2306642264833000    1.000000000000000    0.000000000000000
         tcs_p                      0.7692590000000000    1.000000000000000    0.000000000000000
         tcs_m                      0.3623768741213500    1.000000000000000    0.000000000000000
         tcd_p                      0.1372921175202300    1.000000000000000    0.000000000000000
         tcd_m                      0.9845607708789400    1.000000000000000    0.000000000000000
          af_p                      1.097164632830200    1.000000000000000    0.000000000000000
          af_m                      1.530003499470000    1.000000000000000    0.000000000000000
         auf_p                      0.1217340000000000    1.000000000000000    0.000000000000000
         auf_m                      0.8719828221187100    1.000000000000000    0.000000000000000
         por_p                      0.4460961720527800    1.000000000000000    0.000000000000000
         por_m                      0.3307515312678900    1.000000000000000    0.000000000000000
        perm_p                      9.356590000000000e-11    1.000000000000000    0.000000000000000
        perm_m                      1.750000000000000e-13    1.000000000000000    0.000000000000000
         den_p                      900.0000000000000    1.000000000000000    0.000000000000000
         den_m                      1900.000000000000    1.000000000000000    0.000000000000000
     albedo_bg                      0.1922784364332974    1.000000000000000    0.000000000000000
          e_bg                      0.8428160946513999    1.000000000000000    0.000000000000000
         pen_w                      0.002500000000000000    1.000000000000000    0.000000000000000
         pen_s                      0.03500000000000000    1.000000000000000    0.000000000000000
          z_bg                      0.05759914539390000    1.000000000000000    0.000000000000000
           z_s                      0.008750000000000001    1.000000000000000    0.000000000000000
