single point
       alpha_p                      0.003001703119875000    1.000000000000000    0.000000000000000
       alpha_m                      0.0004562290000000000    1.000000000000000    0.000000000000000
           n_p                      1.156878982474000    1.000000000000000    0.000000000000000
           n_m                      2.033913720706000    1.000000000000000    0.000000000000000
          wr_p                      0.02400000000000000    1.000000000000000    0.000000000000000
          wr_m                      0.2693480295006000    1.000000000000000    0.000000000000000
         tcs_p                      0.7692590000000000    1.000000000000000    0.000000000000000
         tcs_m                      0.2380262660100000    1.000000000000000    0.000000000000000
         tcd_p                      0.1157911681629200    1.000000000000000    0.000000000000000
         tcd_m                      1.140866341505480    1.000000000000000    0.000000000000000
          af_p                      0.9139560872601999    1.000000000000000    0.000000000000000
          af_m                      1.665246601882100    1.000000000000000    0.000000000000000
         auf_p                      0.1217340000000000    1.000000000000000    0.000000000000000
         auf_m                      1.149553075744600    1.000000000000000    0.000000000000000
         por_p                      0.4432713210897000    1.000000000000000    0.000000000000000
         por_m                      0.2993539734376700    1.000000000000000    0.000000000000000
        perm_p                      9.356590000000000e-11    1.000000000000000    0.000000000000000
        perm_m                      1.750000000000000e-13    1.000000000000000    0.000000000000000
         den_p                      900.0000000000000    1.000000000000000    0.000000000000000
         den_m                      1900.000000000000    1.000000000000000    0.000000000000000
     albedo_bg                      0.1525744689936721    1.000000000000000    0.000000000000000
          e_bg                      0.8779847370875000    1.000000000000000    0.000000000000000
         pen_w                      0.002500000000000000    1.000000000000000    0.000000000000000
         pen_s                      0.03500000000000000    1.000000000000000    0.000000000000000
          z_bg                      0.04235118325770000    1.000000000000000    0.000000000000000
           z_s                      0.008750000000000001    1.000000000000000    0.000000000000000
