single point
       alpha_p                      0.002500000000000000    1.000000000000000    0.000000000000000
       alpha_m                      0.0004562290000000000    1.000000000000000    0.000000000000000
           n_p                      1.181133240719000    1.000000000000000    0.000000000000000
           n_m                      1.954735027957000    1.000000000000000    0.000000000000000
          wr_p                      0.07935790428620000    1.000000000000000    0.000000000000000
          wr_m                      0.2006081702992000    1.000000000000000    0.000000000000000
         tcs_p                      0.7477370838091500    1.000000000000000    0.000000000000000
         tcs_m                      0.4857002955666700    1.000000000000000    0.000000000000000
         tcd_p                      0.1678179219332000    1.000000000000000    0.000000000000000
         tcd_m                      0.9548348096428000    1.000000000000000    0.000000000000000
          af_p                      1.207470177342500    1.000000000000000    0.000000000000000
          af_m                      1.498786669040100    1.000000000000000    0.000000000000000
         auf_p                      0.1828808609082800    1.000000000000000    0.000000000000000
         auf_m                      0.7487869361185800    1.000000000000000    0.000000000000000
         por_p                      0.4304698643956000    1.000000000000000    0.000000000000000
         por_m                      0.3565835021390900    1.000000000000000    0.000000000000000
        perm_p                      9.356588722600000e-11    1.000000000000000    0.000000000000000
        perm_m                      1.750000000000000e-13    1.000000000000000    0.000000000000000
         den_p                      900.0000000000000    1.000000000000000    0.000000000000000
         den_m                      1900.000000000000    1.000000000000000    0.000000000000000
     albedo_bg                      0.3465843329737016    1.000000000000000    0.000000000000000
          e_bg                      0.7962928236809000    1.000000000000000    0.000000000000000
         pen_w                      0.002500000000000000    1.000000000000000    0.000000000000000
         pen_s                      0.03500000000000000    1.000000000000000    0.000000000000000
          z_bg                      0.03773856994690000    1.000000000000000    0.000000000000000
           z_s                      0.008750000000000001    1.000000000000000    0.000000000000000
