single point
       alpha_p                      0.002500000000000000    1.000000000000000    0.000000000000000
       alpha_m                      0.0004562290000000000    1.000000000000000    0.000000000000000
           n_p                      1.240620454449000    1.000000000000000    0.000000000000000
           n_m                      1.962510021867000    1.000000000000000    0.000000000000000
          wr_p                      0.1347378537460000    1.000000000000000    0.000000000000000
          wr_m                      0.2120750985200000    1.000000000000000    0.000000000000000
         tcs_p                      0.5883944586842100    1.000000000000000    0.000000000000000
         tcs_m                      0.6427221316243900    1.000000000000000    0.000000000000000
         tcd_p                      0.1568506250465600    1.000000000000000    0.000000000000000
         tcd_m                      0.9572923768409100    1.000000000000000    0.000000000000000
          af_p                      1.277058000523500    1.000000000000000    0.000000000000000
          af_m                      1.498985339657400    1.000000000000000    0.000000000000000
         auf_p                      0.2882475349518400    1.000000000000000    0.000000000000000
         auf_m                      0.7124674393948700    1.000000000000000    0.000000000000000
         por_p                      0.4361192651775400    1.000000000000000    0.000000000000000
         por_m                      0.3464444389442600    1.000000000000000    0.000000000000000
        perm_p                      9.356588722600000e-11    1.000000000000000    0.000000000000000
        perm_m                      1.750000000000000e-13    1.000000000000000    0.000000000000000
         den_p                      900.0000000000000    1.000000000000000    0.000000000000000
         den_m                      1900.000000000000    1.000000000000000    0.000000000000000
     albedo_bg                      0.4736072027777424    1.000000000000000    0.000000000000000
          e_bg                      0.7595580001950000    1.000000000000000    0.000000000000000
         pen_w                      0.01018810492893000    1.000000000000000    0.000000000000000
         pen_s                      0.03500000000000000    1.000000000000000    0.000000000000000
          z_bg                      0.02672156981810000    1.000000000000000    0.000000000000000
           z_s                      0.008750000000000001    1.000000000000000    0.000000000000000
