single point
       alpha_p                      0.002999631776586000    1.000000000000000    0.000000000000000
       alpha_m                      0.0004562290000000000    1.000000000000000    0.000000000000000
           n_p                      1.156541180422000    1.000000000000000    0.000000000000000
           n_m                      2.034777374290000    1.000000000000000    0.000000000000000
          wr_p                      0.02400000000000000    1.000000000000000    0.000000000000000
          wr_m                      0.2766650924402000    1.000000000000000    0.000000000000000
         tcs_p                      0.7692590000000000    1.000000000000000    0.000000000000000
         tcs_m                      0.2380260000000000    1.000000000000000    0.000000000000000
         tcd_p                      0.1157219995163200    1.000000000000000    0.000000000000000
         tcd_m                      1.145072419941370    1.000000000000000    0.000000000000000
          af_p                      0.9104660559042000    1.000000000000000    0.000000000000000
          af_m                      1.668784137896500    1.000000000000000    0.000000000000000
         auf_p                      0.1217340000000000    1.000000000000000    0.000000000000000
         auf_m                      1.155402929594900    1.000000000000000    0.000000000000000
         por_p                      0.4438951578517200    1.000000000000000    0.000000000000000
         por_m                      0.2939784019459700    1.000000000000000    0.000000000000000
        perm_p                      9.356590000000000e-11    1.000000000000000    0.000000000000000
        perm_m                      1.750000000000000e-13    1.000000000000000    0.000000000000000
         den_p                      900.0000000000000    1.000000000000000    0.000000000000000
         den_m                      1900.000000000000    1.000000000000000    0.000000000000000
     albedo_bg                      0.1514727219047804    1.000000000000000    0.000000000000000
          e_bg                      0.8794057005165000    1.000000000000000    0.000000000000000
         pen_w                      0.002500000000000000    1.000000000000000    0.000000000000000
         pen_s                      0.03500000000000000    1.000000000000000    0.000000000000000
          z_bg                      0.04124037613850000    1.000000000000000    0.000000000000000
           z_s                      0.008750000000000001    1.000000000000000    0.000000000000000
