single point
       alpha_p                      0.002500000000000000    1.000000000000000    0.000000000000000
       alpha_m                      0.001569281779790000    1.000000000000000    0.000000000000000
           n_p                      1.512570940640000    1.000000000000000    0.000000000000000
           n_m                      2.072348888174000    1.000000000000000    0.000000000000000
          wr_p                      0.1163425956202000    1.000000000000000    0.000000000000000
          wr_m                      0.1654323210675000    1.000000000000000    0.000000000000000
         tcs_p                      0.4605560928376500    1.000000000000000    0.000000000000000
         tcs_m                      0.9402220245401800    1.000000000000000    0.000000000000000
         tcd_p                      0.1304521974899700    1.000000000000000    0.000000000000000
         tcd_m                      0.9853172581548700    1.000000000000000    0.000000000000000
          af_p                      1.490256949632300    1.000000000000000    0.000000000000000
          af_m                      1.496972473096200    1.000000000000000    0.000000000000000
         auf_p                      0.4897665689898300    1.000000000000000    0.000000000000000
         auf_m                      0.6979586561080700    1.000000000000000    0.000000000000000
         por_p                      0.5901816542651300    1.000000000000000    0.000000000000000
         por_m                      0.4599942278670800    1.000000000000000    0.000000000000000
        perm_p                      3.964947983620000e-11    1.000000000000000    0.000000000000000
        perm_m                      1.703695464380000e-13    1.000000000000000    0.000000000000000
         den_p                      900.0000000000000    1.000000000000000    0.000000000000000
         den_m                      1900.000000000000    1.000000000000000    0.000000000000000
     albedo_bg                      0.5591491884970533    1.000000000000000    0.000000000000000
          e_bg                      0.7656525464994000    1.000000000000000    0.000000000000000
         pen_w                      0.01085830485167000    1.000000000000000    0.000000000000000
         pen_s                      0.02146875126799000    1.000000000000000    0.000000000000000
          z_bg                      0.03211398357720000    1.000000000000000    0.000000000000000
           z_s                      0.008750000000000001    1.000000000000000    0.000000000000000
