single point
       alpha_p                      0.002855423966301000    1.000000000000000    0.000000000000000
       alpha_m                      0.0004562290000000000    1.000000000000000    0.000000000000000
           n_p                      1.158363908756000    1.000000000000000    0.000000000000000
           n_m                      2.038136213899000    1.000000000000000    0.000000000000000
          wr_p                      0.02400000000000000    1.000000000000000    0.000000000000000
          wr_m                      0.2638857937090000    1.000000000000000    0.000000000000000
         tcs_p                      0.7692590000000000    1.000000000000000    0.000000000000000
         tcs_m                      0.2560420715803400    1.000000000000000    0.000000000000000
         tcd_p                      0.1338387901388500    1.000000000000000    0.000000000000000
         tcd_m                      1.106632680654030    1.000000000000000    0.000000000000000
          af_p                      0.9497037454953000    1.000000000000000    0.000000000000000
          af_m                      1.640048479701400    1.000000000000000    0.000000000000000
         auf_p                      0.1217340000000000    1.000000000000000    0.000000000000000
         auf_m                      1.103143869892080    1.000000000000000    0.000000000000000
         por_p                      0.4455994429158100    1.000000000000000    0.000000000000000
         por_m                      0.3014635415222200    1.000000000000000    0.000000000000000
        perm_p                      9.356590000000000e-11    1.000000000000000    0.000000000000000
        perm_m                      1.750000000000000e-13    1.000000000000000    0.000000000000000
         den_p                      900.0000000000000    1.000000000000000    0.000000000000000
         den_m                      1900.000000000000    1.000000000000000    0.000000000000000
     albedo_bg                      0.1375002001142387    1.000000000000000    0.000000000000000
          e_bg                      0.8790940855035000    1.000000000000000    0.000000000000000
         pen_w                      0.002500000000000000    1.000000000000000    0.000000000000000
         pen_s                      0.03500000000000000    1.000000000000000    0.000000000000000
          z_bg                      0.04618039433080000    1.000000000000000    0.000000000000000
           z_s                      0.008750000000000001    1.000000000000000    0.000000000000000
