single point
       alpha_p                      0.002500000000000000    1.000000000000000    0.000000000000000
       alpha_m                      0.0004562290000000000    1.000000000000000    0.000000000000000
           n_p                      1.168715778846000    1.000000000000000    0.000000000000000
           n_m                      2.001085064166000    1.000000000000000    0.000000000000000
          wr_p                      0.06013211391540000    1.000000000000000    0.000000000000000
          wr_m                      0.2306465041305000    1.000000000000000    0.000000000000000
         tcs_p                      0.7692590000000000    1.000000000000000    0.000000000000000
         tcs_m                      0.3623878853491700    1.000000000000000    0.000000000000000
         tcd_p                      0.1372881416545600    1.000000000000000    0.000000000000000
         tcd_m                      0.9845598784822800    1.000000000000000    0.000000000000000
          af_p                      1.097171286735400    1.000000000000000    0.000000000000000
          af_m                      1.529996229340700    1.000000000000000    0.000000000000000
         auf_p                      0.1217340000000000    1.000000000000000    0.000000000000000
         auf_m                      0.8719726566172999    1.000000000000000    0.000000000000000
         por_p                      0.4460675575648900    1.000000000000000    0.000000000000000
         por_m                      0.3307919713428300    1.000000000000000    0.000000000000000
        perm_p                      9.356590000000000e-11    1.000000000000000    0.000000000000000
        perm_m                      1.750000000000000e-13    1.000000000000000    0.000000000000000
         den_p                      900.0000000000000    1.000000000000000    0.000000000000000
         den_m                      1900.000000000000    1.000000000000000    0.000000000000000
     albedo_bg                      0.1922618035519714    1.000000000000000    0.000000000000000
          e_bg                      0.8427817112190999    1.000000000000000    0.000000000000000
         pen_w                      0.002500000000000000    1.000000000000000    0.000000000000000
         pen_s                      0.03500000000000000    1.000000000000000    0.000000000000000
          z_bg                      0.05761174012520000    1.000000000000000    0.000000000000000
           z_s                      0.008750000000000001    1.000000000000000    0.000000000000000
