single point
       alpha_p                      0.002500000000000000    1.000000000000000    0.000000000000000
       alpha_m                      0.0004562290000000000    1.000000000000000    0.000000000000000
           n_p                      1.172500487854000    1.000000000000000    0.000000000000000
           n_m                      1.961001834102000    1.000000000000000    0.000000000000000
          wr_p                      0.06837727813989999    1.000000000000000    0.000000000000000
          wr_m                      0.2093861109381000    1.000000000000000    0.000000000000000
         tcs_p                      0.7692590000000000    1.000000000000000    0.000000000000000
         tcs_m                      0.4420618844529200    1.000000000000000    0.000000000000000
         tcd_p                      0.1669255597378100    1.000000000000000    0.000000000000000
         tcd_m                      0.9636170436622300    1.000000000000000    0.000000000000000
          af_p                      1.177898729767300    1.000000000000000    0.000000000000000
          af_m                      1.505058960274800    1.000000000000000    0.000000000000000
         auf_p                      0.1217338532700000    1.000000000000000    0.000000000000000
         auf_m                      0.7828462598086000    1.000000000000000    0.000000000000000
         por_p                      0.4358181922788500    1.000000000000000    0.000000000000000
         por_m                      0.3486808145474400    1.000000000000000    0.000000000000000
        perm_p                      9.356590000000000e-11    1.000000000000000    0.000000000000000
        perm_m                      1.750000000000000e-13    1.000000000000000    0.000000000000000
         den_p                      900.0000000000000    1.000000000000000    0.000000000000000
         den_m                      1900.000000000000    1.000000000000000    0.000000000000000
     albedo_bg                      0.3221731213938284    1.000000000000000    0.000000000000000
          e_bg                      0.8106226865497000    1.000000000000000    0.000000000000000
         pen_w                      0.002500000000000000    1.000000000000000    0.000000000000000
         pen_s                      0.03500000000000000    1.000000000000000    0.000000000000000
          z_bg                      0.03830061333500000    1.000000000000000    0.000000000000000
           z_s                      0.008750000000000001    1.000000000000000    0.000000000000000
