single point
       alpha_p                      0.002500000000000000    1.000000000000000    0.000000000000000
       alpha_m                      0.001569131972249000    1.000000000000000    0.000000000000000
           n_p                      1.507070525970000    1.000000000000000    0.000000000000000
           n_m                      2.071039785769000    1.000000000000000    0.000000000000000
          wr_p                      0.1189757593777000    1.000000000000000    0.000000000000000
          wr_m                      0.1652832569237000    1.000000000000000    0.000000000000000
         tcs_p                      0.4634694711205800    1.000000000000000    0.000000000000000
         tcs_m                      0.9395055780264200    1.000000000000000    0.000000000000000
         tcd_p                      0.1288909804235600    1.000000000000000    0.000000000000000
         tcd_m                      0.9852201328050000    1.000000000000000    0.000000000000000
          af_p                      1.488807494434600    1.000000000000000    0.000000000000000
          af_m                      1.496914214888400    1.000000000000000    0.000000000000000
         auf_p                      0.4877659170286000    1.000000000000000    0.000000000000000
         auf_m                      0.6979890375602400    1.000000000000000    0.000000000000000
         por_p                      0.5782290444269400    1.000000000000000    0.000000000000000
         por_m                      0.4520500783535700    1.000000000000000    0.000000000000000
        perm_p                      4.923797537550000e-11    1.000000000000000    0.000000000000000
        perm_m                      1.750000000000000e-13    1.000000000000000    0.000000000000000
         den_p                      900.0000000000000    1.000000000000000    0.000000000000000
         den_m                      1900.000000000000    1.000000000000000    0.000000000000000
     albedo_bg                      0.5572652564947886    1.000000000000000    0.000000000000000
          e_bg                      0.7641020033846000    1.000000000000000    0.000000000000000
         pen_w                      0.01087688814925000    1.000000000000000    0.000000000000000
         pen_s                      0.02322833990989000    1.000000000000000    0.000000000000000
          z_bg                      0.03231164649390000    1.000000000000000    0.000000000000000
           z_s                      0.008750000000000001    1.000000000000000    0.000000000000000
