single point
       alpha_p                      0.003024163963206000    1.000000000000000    0.000000000000000
       alpha_m                      0.001813741739053000    1.000000000000000    0.000000000000000
           n_p                      1.502031900718000    1.000000000000000    0.000000000000000
           n_m                      2.052657178501000    1.000000000000000    0.000000000000000
          wr_p                      0.1068185318031000    1.000000000000000    0.000000000000000
          wr_m                      0.1586232682943000    1.000000000000000    0.000000000000000
         tcs_p                      0.4509111839986600    1.000000000000000    0.000000000000000
         tcs_m                      0.9510764198760600    1.000000000000000    0.000000000000000
         tcd_p                      0.1066377541564300    1.000000000000000    0.000000000000000
         tcd_m                      0.9843250506070200    1.000000000000000    0.000000000000000
          af_p                      1.503078628685800    1.000000000000000    0.000000000000000
          af_m                      1.499478596414700    1.000000000000000    0.000000000000000
         auf_p                      0.4842692043054800    1.000000000000000    0.000000000000000
         auf_m                      0.6989007150626000    1.000000000000000    0.000000000000000
         por_p                      0.6107450609420300    1.000000000000000    0.000000000000000
         por_m                      0.4715066428602600    1.000000000000000    0.000000000000000
        perm_p                      3.741090906860000e-11    1.000000000000000    0.000000000000000
        perm_m                      1.488839317140000e-13    1.000000000000000    0.000000000000000
         den_p                      900.0000000000000    1.000000000000000    0.000000000000000
         den_m                      1900.000000000000    1.000000000000000    0.000000000000000
     albedo_bg                      0.5486491041619798    1.000000000000000    0.000000000000000
          e_bg                      0.7603111974527000    1.000000000000000    0.000000000000000
         pen_w                      0.01028987117234000    1.000000000000000    0.000000000000000
         pen_s                      0.01912532361824000    1.000000000000000    0.000000000000000
          z_bg                      0.03432873726850000    1.000000000000000    0.000000000000000
           z_s                      0.008750000000000001    1.000000000000000    0.000000000000000
