single point
       alpha_p                      0.002500000000000000    1.000000000000000    0.000000000000000
       alpha_m                      0.0004562290000000000    1.000000000000000    0.000000000000000
           n_p                      1.266799483554000    1.000000000000000    0.000000000000000
           n_m                      1.963548796313000    1.000000000000000    0.000000000000000
          wr_p                      0.1400543696605000    1.000000000000000    0.000000000000000
          wr_m                      0.2120032806909000    1.000000000000000    0.000000000000000
         tcs_p                      0.5484806568513900    1.000000000000000    0.000000000000000
         tcs_m                      0.6614146113794100    1.000000000000000    0.000000000000000
         tcd_p                      0.1578271874616200    1.000000000000000    0.000000000000000
         tcd_m                      0.9588488492462101    1.000000000000000    0.000000000000000
          af_p                      1.288023616936600    1.000000000000000    0.000000000000000
          af_m                      1.500134319285500    1.000000000000000    0.000000000000000
         auf_p                      0.3139469591368300    1.000000000000000    0.000000000000000
         auf_m                      0.7119317372047200    1.000000000000000    0.000000000000000
         por_p                      0.4457642086185700    1.000000000000000    0.000000000000000
         por_m                      0.3527393163134900    1.000000000000000    0.000000000000000
        perm_p                      7.519326646490000e-11    1.000000000000000    0.000000000000000
        perm_m                      1.750000000000000e-13    1.000000000000000    0.000000000000000
         den_p                      900.0000000000000    1.000000000000000    0.000000000000000
         den_m                      1900.000000000000    1.000000000000000    0.000000000000000
     albedo_bg                      0.4850954400666401    1.000000000000000    0.000000000000000
          e_bg                      0.7648286175395000    1.000000000000000    0.000000000000000
         pen_w                      0.01018229010211000    1.000000000000000    0.000000000000000
         pen_s                      0.03500000000000000    1.000000000000000    0.000000000000000
          z_bg                      0.02386333051790000    1.000000000000000    0.000000000000000
           z_s                      0.008750000000000001    1.000000000000000    0.000000000000000
