single point
       alpha_p                      0.002500000000000000    1.000000000000000    0.000000000000000
       alpha_m                      0.0004562285883600000    1.000000000000000    0.000000000000000
           n_p                      1.269853936392000    1.000000000000000    0.000000000000000
           n_m                      1.963883296080000    1.000000000000000    0.000000000000000
          wr_p                      0.1423401041074000    1.000000000000000    0.000000000000000
          wr_m                      0.2124901117386000    1.000000000000000    0.000000000000000
         tcs_p                      0.5436997582722100    1.000000000000000    0.000000000000000
         tcs_m                      0.6681983908527800    1.000000000000000    0.000000000000000
         tcd_p                      0.1571513350755200    1.000000000000000    0.000000000000000
         tcd_m                      0.9587856096373900    1.000000000000000    0.000000000000000
          af_p                      1.291581048801100    1.000000000000000    0.000000000000000
          af_m                      1.500945364078500    1.000000000000000    0.000000000000000
         auf_p                      0.3191101055574300    1.000000000000000    0.000000000000000
         auf_m                      0.7109449562303199    1.000000000000000    0.000000000000000
         por_p                      0.4460709872859700    1.000000000000000    0.000000000000000
         por_m                      0.3524795441806100    1.000000000000000    0.000000000000000
        perm_p                      7.362527239660000e-11    1.000000000000000    0.000000000000000
        perm_m                      1.750000000000000e-13    1.000000000000000    0.000000000000000
         den_p                      900.0000000000000    1.000000000000000    0.000000000000000
         den_m                      1900.000000000000    1.000000000000000    0.000000000000000
     albedo_bg                      0.4872845556778015    1.000000000000000    0.000000000000000
          e_bg                      0.7649679562097000    1.000000000000000    0.000000000000000
         pen_w                      0.01018229006113000    1.000000000000000    0.000000000000000
         pen_s                      0.03431120756005000    1.000000000000000    0.000000000000000
          z_bg                      0.02332478251210000    1.000000000000000    0.000000000000000
           z_s                      0.008750000000000001    1.000000000000000    0.000000000000000
