single point
       alpha_p                      0.002500000000000000    1.000000000000000    0.000000000000000
       alpha_m                      0.0004562290000000000    1.000000000000000    0.000000000000000
           n_p                      1.175055497159000    1.000000000000000    0.000000000000000
           n_m                      1.956056059072000    1.000000000000000    0.000000000000000
          wr_p                      0.07283852157280001    1.000000000000000    0.000000000000000
          wr_m                      0.2055185337900000    1.000000000000000    0.000000000000000
         tcs_p                      0.7692590646400000    1.000000000000000    0.000000000000000
         tcs_m                      0.4715059238416800    1.000000000000000    0.000000000000000
         tcd_p                      0.1647613057724300    1.000000000000000    0.000000000000000
         tcd_m                      0.9553439931102400    1.000000000000000    0.000000000000000
          af_p                      1.200969870273400    1.000000000000000    0.000000000000000
          af_m                      1.499118696830700    1.000000000000000    0.000000000000000
         auf_p                      0.1700595934156100    1.000000000000000    0.000000000000000
         auf_m                      0.7524053677870400    1.000000000000000    0.000000000000000
         por_p                      0.4337033054778100    1.000000000000000    0.000000000000000
         por_m                      0.3504362836986300    1.000000000000000    0.000000000000000
        perm_p                      9.356590000000000e-11    1.000000000000000    0.000000000000000
        perm_m                      1.750000000000000e-13    1.000000000000000    0.000000000000000
         den_p                      900.0000000000000    1.000000000000000    0.000000000000000
         den_m                      1900.000000000000    1.000000000000000    0.000000000000000
     albedo_bg                      0.3351245585426862    1.000000000000000    0.000000000000000
          e_bg                      0.8040043874829000    1.000000000000000    0.000000000000000
         pen_w                      0.002500000000000000    1.000000000000000    0.000000000000000
         pen_s                      0.03500000000000000    1.000000000000000    0.000000000000000
          z_bg                      0.03779905181100000    1.000000000000000    0.000000000000000
           z_s                      0.008750000000000001    1.000000000000000    0.000000000000000
