single point
       alpha_p                      0.002500000000000000    1.000000000000000    0.000000000000000
       alpha_m                      0.0006160243211586000    1.000000000000000    0.000000000000000
           n_p                      1.278325212623000    1.000000000000000    0.000000000000000
           n_m                      1.963342516703000    1.000000000000000    0.000000000000000
          wr_p                      0.1419103062006000    1.000000000000000    0.000000000000000
          wr_m                      0.2073112204667000    1.000000000000000    0.000000000000000
         tcs_p                      0.5333532106217000    1.000000000000000    0.000000000000000
         tcs_m                      0.6694271949683200    1.000000000000000    0.000000000000000
         tcd_p                      0.1573291291672000    1.000000000000000    0.000000000000000
         tcd_m                      0.9588092319860400    1.000000000000000    0.000000000000000
          af_p                      1.293410768343900    1.000000000000000    0.000000000000000
          af_m                      1.501174207842900    1.000000000000000    0.000000000000000
         auf_p                      0.3227569757325500    1.000000000000000    0.000000000000000
         auf_m                      0.7110166392729200    1.000000000000000    0.000000000000000
         por_p                      0.4526114579228400    1.000000000000000    0.000000000000000
         por_m                      0.3601652684018800    1.000000000000000    0.000000000000000
        perm_p                      5.309036007450000e-11    1.000000000000000    0.000000000000000
        perm_m                      1.750000000000000e-13    1.000000000000000    0.000000000000000
         den_p                      900.0000000000000    1.000000000000000    0.000000000000000
         den_m                      1900.000000000000    1.000000000000000    0.000000000000000
     albedo_bg                      0.4924365025647930    1.000000000000000    0.000000000000000
          e_bg                      0.7694068204718000    1.000000000000000    0.000000000000000
         pen_w                      0.009537929383500000    1.000000000000000    0.000000000000000
         pen_s                      0.03466203063322000    1.000000000000000    0.000000000000000
          z_bg                      0.03070177054660000    1.000000000000000    0.000000000000000
           z_s                      0.008750000000000001    1.000000000000000    0.000000000000000
