single point
       alpha_p                      0.002500000000000000    1.000000000000000    0.000000000000000
       alpha_m                      0.0004562290000000000    1.000000000000000    0.000000000000000
           n_p                      1.205078462072000    1.000000000000000    0.000000000000000
           n_m                      1.959805676304000    1.000000000000000    0.000000000000000
          wr_p                      0.1148209078148000    1.000000000000000    0.000000000000000
          wr_m                      0.2119788333825000    1.000000000000000    0.000000000000000
         tcs_p                      0.6413656872461800    1.000000000000000    0.000000000000000
         tcs_m                      0.6007945726580300    1.000000000000000    0.000000000000000
         tcd_p                      0.1616841450070400    1.000000000000000    0.000000000000000
         tcd_m                      0.9579146168318901    1.000000000000000    0.000000000000000
          af_p                      1.258656804629400    1.000000000000000    0.000000000000000
          af_m                      1.499527026782500    1.000000000000000    0.000000000000000
         auf_p                      0.2564486904892000    1.000000000000000    0.000000000000000
         auf_m                      0.7181536885167300    1.000000000000000    0.000000000000000
         por_p                      0.4299665690387500    1.000000000000000    0.000000000000000
         por_m                      0.3300103446751800    1.000000000000000    0.000000000000000
        perm_p                      9.356588722600000e-11    1.000000000000000    0.000000000000000
        perm_m                      1.750000000000000e-13    1.000000000000000    0.000000000000000
         den_p                      900.0000000000000    1.000000000000000    0.000000000000000
         den_m                      1900.000000000000    1.000000000000000    0.000000000000000
     albedo_bg                      0.4381613019259437    1.000000000000000    0.000000000000000
          e_bg                      0.7635062192715000    1.000000000000000    0.000000000000000
         pen_w                      0.01018810495508000    1.000000000000000    0.000000000000000
         pen_s                      0.03500000000000000    1.000000000000000    0.000000000000000
          z_bg                      0.03079241639320000    1.000000000000000    0.000000000000000
           z_s                      0.008750000000000001    1.000000000000000    0.000000000000000
