0.0 270.15 270.15 270.15 270.15 270.15 270.15 270.15 9.990679967013238 9.990679967013238 9.990679967013238 8.137575389170028 8.137575389170028 8.137575383652226 8.137575374827275
86400.0 269.8054095167 269.9262975142 269.9991512982 270.0691571087 270.1434230121 270.1498201586 270.1499932901 9.840108714730206 9.890800419015084 9.922424194111358 8.137457615194261 8.13756555004797 8.1375751139591 8.137575364761773
172800.0 269.3072660964 269.5316764214 269.6789294305 269.8530064773 270.1024342076 270.1465436174 270.1496858139 9.65154658900062 9.732764409819408 9.789292920785964 8.137172161582438 8.137505257801097 8.137570206133319 8.137574903685946
259200.0 268.6705197254 268.9943425261 269.2210607341 269.5231077607 270.0196664643 270.1369038561 270.1484811751 9.448044613731525 9.547024923613717 9.62179562461651 8.136803641688163 8.13738857598813 8.137555830018673 8.137573098198324
345600.0 267.9184001803 268.333694247 268.6390264077 269.083749793 269.8869538048 270.116980734 270.1454236264 9.246985880904818 9.35351518360514 9.438862633718815 8.13640709057377 8.13721430676438 8.137526412607874 8.137568522216615
432000.0 267.0601066971 267.5616215789 267.9443158119 268.5413111908 269.6991451317 270.0828028072 270.1392484001 9.05491478332711 9.163007020320649 9.253342817507718 8.136022938193854 8.1369912294845 8.13747685287865 8.137559309104685
518400.0 266.1397273368 266.7137780072 267.1661630666 267.9138557206 269.4549016866 270.0307555966 270.1284712663 8.881044134994813 8.986122186462197 9.076892053816485 8.135678720703996 8.136735721531238 8.137403503970955 8.13754332196885
604800.0 265.1902751804 265.8229784727 266.3352537105 267.2238465416 269.1566569013 269.9579210017 270.1115057066 8.72744245258291 8.82724896671273 8.915677858991598 8.135385032080091 8.136466724209345 8.137304944359013 8.137518388518616
691200.0 264.1995191899 264.8884854362 265.4573761009 266.4808839011 268.8080743093 269.8621940448 270.086778463 8.58832443762282 8.68302800839035 8.768412985924861 8.135137428508932 8.136199695089907 8.137182161126368 8.137482551310795
777600.0 263.2508213052 263.9721241433 264.581186008 265.7171204138 268.4163348976 269.7424139539 270.0528374345 8.47093455278771 8.558911781726337 8.639696543668027 8.134934960129344 8.135946966564454 8.137038407152758 8.137434308495502
864000.0 262.2017978212 262.9821900742 263.6458218735 264.9056558027 267.9840153018 269.5980806347 270.0084165093 8.355472339717746 8.44005649636354 8.518152643997025 8.134761592667548 8.13571296895889 8.136878282784046 8.137372771942127
950400.0 261.2331822674 262.0367983275 262.7323301038 264.0890116583 267.5177380972 269.4293245807 269.9524752192 8.259756330985278 8.338486382762254 8.41217577654436 8.13461880009634 8.135501215415545 8.136707081777462 8.137297750414959
1036800.0 260.3943785427 261.1926882124 261.8967534921 263.3114166399 267.0296495014 269.2372460187 269.8842578456 8.183919898366153 8.25595399213084 8.324298106352972 8.13450506274249 8.135314394258266 8.136530491273797 8.137209803498864
1123200.0 259.7078808568 260.479060997 261.1718730387 262.6054398029 266.5348054568 269.0240916033 269.8033657904 8.126060150942347 8.191308336113629 8.25400530919791 8.134416452144132 8.13515333428 8.136354090568338 8.137110242157837
1209600.0 259.1387204753 259.8771884243 260.550305869 261.9776526481 266.0464899103 268.7933372284 269.7098375691 8.080647595628664 8.140003994771746 8.19756912257124 8.134347171483544 8.135016562289906 8.136182906426761 8.137001064235237
1296000.0 258.7305374629 259.4189713144 260.0570581874 261.447193766 265.5774461232 268.549145289 269.6041655905 8.049387348697147 8.102733463700742 8.155047119173032 8.134294456472329 8.13490192054014 8.13602076568288 8.136884758291153
1382400.0 258.4373360399 259.0757474733 259.6747096345 261.0104681103 265.1373491162 268.2961168649 269.487271204 8.027565101598448 8.075755885919541 8.123352265596303 8.13425453472857 8.134806652926397 8.135870255405822 8.136764051235811
1468800.0 258.2675924081 258.850243202 259.4037970243 260.6687179739 264.733612662 268.0389436541 269.3604436067 8.015162936477099 8.058446524387973 8.101524171381504 8.134225227906004 8.13472808417118 8.135732806128575 8.13664165264409
1555200.0 258.1367545074 258.6792817324 259.1961013728 260.3946895765 264.368258989 267.7819856789 269.2252580276 8.005715918805041 8.045535251605143 8.085127351543308 8.134202878305942 8.134663267948671 8.135608846778501 8.136520045276063
1641600.0 258.0813960949 258.5798766961 259.057801127 260.1858251834 264.0417688353 267.5289531251 269.0834409329 8.001747817198812 8.038109833244262 8.07436650832824 8.13418646093752 8.134609787133266 8.135498043383192 8.13640130965096
1728000.0 258.0780831466 258.5358688189 258.9766078899 260.0338181948 263.7535000104 267.2828810007 268.9367617613 8.00151088631756 8.03484141993257 8.068106413929327 8.13417481719505 8.134565683708542 8.135399610510145 8.136287054911504
1814400.0 258.1835738551 258.5865314056 258.9807525463 259.9531850157 263.504995286 267.0463411548 268.7869470926 8.009085342382365 8.038605076484949 8.068424954896045 8.134168666938288 8.134529782900508 8.135312600276594 8.136178422692552
1900800.0 258.3876600665 258.7299427214 259.0726071972 259.948832782 263.2988438437 266.8217171493 268.6357072233 8.023918297426087 8.049342559369675 8.07551262123588 8.134168167708214 8.1345013542283 8.13523609822112 8.13607619497835
1987200.0 258.6715396582 258.9524555494 259.2424738262 260.0167205891 263.1368802242 266.6112309629 268.4846896298 8.044954788432872 8.066252330870002 8.088763438411688 8.134173012195415 8.13447979920318 8.135169264094799 8.135980843680427
2073600.0 259.0095221667 259.2330453972 259.4730164372 260.1459595346 263.0190412912 266.4168466696 268.3354740839 8.070639075792696 8.088023003735119 8.1070532306749 8.13418255020787 8.134464491706254 8.135111318700213 8.13589260572611
2160000.0 259.3069908365 259.4983523982 259.7052850647 260.2988880578 262.9399165758 266.2398951702 268.1895311851 8.093845895423069 8.109085179310105 8.125847965773941 8.134194157448196 8.134454350034146 8.135061454254387 8.135811526233779
2246400.0 259.6592299126 259.8056960231 259.9741850252 260.4862377402 262.8957902655 266.0810955955 268.048163898 8.122091264130523 8.13409082144146 8.148086368997445 8.134208804714056 8.134448677788768 8.135018867868931 8.135737487606974
2332800.0 259.8757437701 260.0230330823 260.182194558 260.6514904028 262.8766344289 265.9402488186 267.9124565598 8.139884138755047 8.152183047711468 8.165655735903398 8.134222130259591 8.134446139195141 8.134982693652 8.135670238043529
2419200.0 260.0454864928 260.193658692 260.3480430844 260.790787199 262.8727516665 265.8162223875 267.7832206113 8.154072094872001 8.166633595351943 8.179901371366158 8.134233659098362 8.134445511606403 8.134952010413224 8.135609411645994
2505600.0 260.2105564984 260.3523573594 260.4990019198 260.9170479096 262.8785280833 265.707340208 267.660932027 8.168076775093944 8.180274817655489 8.19305653833325 8.134244343328648 8.13444609487636 8.13492593176229 8.135554538251958
2592000.0 260.3160055826 260.4646602235 260.612051577 261.0185977463 262.8887603583 265.6116458643 267.5457678939 8.177132771933916 8.190047828387646 8.203028647401382 8.134253108993162 8.13444725025721 8.134903644918749 8.135505089375542
2678400.0 260.4329924523 260.5768439776 260.7192854586 261.1110582412 262.9013785122 265.5272189688 267.4376607903 8.187281793247159 8.199911776408147 8.212585149016498 8.134261219300615 8.13444871933248 8.134884455195415 8.135460516590944
2764800.0 260.5670028794 260.7001433216 260.8335711064 261.2053480514 262.9167686082 265.4524482851 267.3363767279 8.199042380335138 8.210872200859077 8.222876503215062 8.13426961846504 8.134450545080455 8.134867818088036 8.135420287346694
2851200.0 260.669220423 260.8019422593 260.9322418664 261.2909172917 262.934104806 265.3860013602 267.2415839909 8.20811152111905 8.22001723501091 8.231851717291905 8.134277362766273 8.13445262693724 8.134853306871072 8.135383907851145
2937600.0 260.8369161325 260.947483052 261.0621997007 261.3931722887 262.9557743097 265.3269636389 267.1529196409 8.223179396266952 8.233245607460521 8.24380263541087 8.134286760152731 8.134455258269298 8.134840624294739 8.135350939652334
3024000.0 261.0554575698 261.137105031 261.2304574555 261.5225975588 262.9856924374 265.274952044 267.0700412745 8.243178952754132 8.250759169406614 8.259500002520646 8.13429889461193 8.134458930828128 8.134829611498136 8.135321007686853
3110400.0 261.2693144403 261.3322913065 261.4094815767 261.6663421708 263.0253563197 265.2299308831 266.9927086128 8.26316182756197 8.2691264121676 8.276487874487337 8.134312706185389 8.1344638528438 8.13482019774936 8.135293817800406
3196800.0 261.2265098543 261.3453780053 261.452209186 261.7346269908 263.0631203222 265.1911912055 266.9206859466 8.259128764941101 8.270370510725723 8.280586996243237 8.134319419595803 8.13446858957663 8.13481218423711 8.135269112770036
3283200.0 261.2595495405 261.3811037884 261.4924511847 261.7834131678 263.0947630117 265.1574851327 266.8536591108 8.262240286286755 8.27377501157525 8.284463639117845 8.13432426429466 8.13447259285657 8.134805276301465 8.135246638136099
3369600.0 261.4130684904 261.5031537219 261.595946509 261.8629746528 263.1256738646 265.1278846981 266.7912669486 8.276831320405298 8.285497274109341 8.294505704180658 8.134332227247166 8.134476528679421 8.134799258551274 8.135226150894917
3456000.0 261.5351331162 261.6172498732 261.7019704503 261.9506976474 263.1587656845 265.1019465212 266.7331555321 8.288592400309776 8.296585755361159 8.304902343361114 8.134341144241091 8.134480770782794 8.134794022388471 8.135207433991477
3542400.0 261.7149335547 261.7729996993 261.841037397 262.0606229202 263.1974056826 265.0796827031 266.6790336113 8.306181186496692 8.311930348968348 8.318710429404403 8.134352518452117 8.134485762536752 8.134789555307611 8.135190309774368
3628800.0 261.9328706152 261.9641459553 262.0125988963 262.1961540493 263.244814645 265.0614742203 266.6287097133 8.327937468592703 8.331099984178929 8.336019854839073 8.134366864411412 8.134491944886118 8.134785920514991 8.135174646812953
3715200.0 262.1342103838 262.151372462 262.18712252 262.3412786057 263.3012896083 265.0477965836 266.5820936101 8.348478725063574 8.350249832603565 8.35394954923706 8.13438264007764 8.134499394539189 8.13478320111567 8.135160355846455
3801600.0 262.3386641999 262.3418116072 262.3658082411 262.493015126 263.3660658938 265.0390230151 266.5391698749 8.369789750407191 8.370121473452858 8.372654315328905 8.134399607641557 8.134508053716337 8.134781461665266 8.135147378248618
3888000.0 262.5955445972 262.5709919359 262.5754444445 262.6661691124 263.4404425023 265.0355125993 266.4999754556 8.397239915377865 8.394582801534838 8.39506412372263 8.134419582776815 8.134518146821812 8.134780766763484 8.135135677123381
3974400.0 262.8646681695 262.8167302567 262.8030764432 262.8566992956 263.5253743552 265.0376472142 266.4645895216 8.42684468858259 8.421505824754696 8.419990462503605 8.134442359437541 8.134529872149525 8.134781189247047 8.135125232945317
4060800.0 263.1560100092 263.082857434 263.0501157212 263.0648217108 263.6215433494 265.0458207417 266.4331246309 8.459926335749937 8.45151547598569 8.447773919364186 8.134468247658237 8.134543411701621 8.134782809052032 8.13511604014959
4147200.0 263.5343088189 263.4156277649 263.351871273 263.3115715244 263.7323224624 265.0606119597 266.4057375994 8.50459467858444 8.490364449877315 8.48280284143001 8.134500395486317 8.13455936227946 8.134785748804704 8.135108109818836
4233600.0 263.9305597778 263.7749613257 263.6833688451 263.5877039362 263.8597008118 265.0827502509 266.382640286 8.553627097683806 8.534086498128715 8.522759315729678 8.134538391905952 8.134578188512947 8.134790169297341 8.135101472428827
4320000.0 264.24029506 264.0811531548 263.9811032982 263.8540573794 263.9995885431 265.1126626536 266.3640683654 8.593690361946459 8.572907366347541 8.5600570838556 8.134577230576438 8.134599489022564 8.134796181491515 8.135096168844214
4406400.0 264.2647814879 264.1791248112 264.1176046889 264.0251635568 264.1359509848 265.1495090099 266.350154735 8.59692638837935 8.585651265284428 8.577630129753173 8.134603380582492 8.13462091475126 8.134803650296673 8.13509221485113
4492800.0 264.2020489359 264.1751966375 264.1517936231 264.1123097068 264.25540493 265.1911138584 266.3407874211 8.588656514479313 8.585137194390267 8.582079901844848 8.134617077669686 8.134640244909509 8.134812168315742 8.135089562103426
4579200.0 264.0810887131 264.1044678452 264.1159839371 264.1337877319 264.3507520427 265.2345878415 266.3355430477 8.572899036629655 8.575925536557941 8.5774196707631 8.134620496265676 8.13465606664069 8.134821166445136 8.135088080178765
4665600.0 263.9031505545 263.9749593398 264.0208339493 264.0990305018 264.4187312234 265.276950664 266.3337122116 8.550157280668252 8.559273273856402 8.565140456542151 8.13461498532996 8.134667571279925 8.134830031941554 8.135087563381097
4752000.0 263.7217446916 263.8267027807 263.8985827207 264.0291440655 264.4601379113 265.3156306389 266.3343874171 8.527489668973702 8.540542300878602 8.549580186023102 8.13460403233843 8.134674680225755 8.134838211987294 8.135087753940685
4838400.0 263.5284108783 263.6620397615 263.7563421633 263.9337530268 264.4774527612 265.3486939786 266.3365758977 8.50388268851214 8.520139832783816 8.531773497226682 8.134589353453254 8.134677690289957 8.134845269709011 8.13508837185196
4924800.0 263.4685622962 263.585092134 263.6750333905 263.8638460991 264.479624238 265.375257782 266.3393349918 8.496686418432779 8.51074623217036 8.521734800406902 8.134578779564267 8.134678090243728 8.134850984321211 8.135089151452117
5011200.0 263.3848364911 263.5061243875 263.5998624967 263.8008467387 264.4723331947 265.3953110895 266.3418761407 8.486705399103323 8.501196869822612 8.512542541982363 8.134569387460433 8.134676853480473 8.134855324754305 8.13508987003899
5097600.0 263.2938780882 263.4227949605 263.5223643984 263.7370128953 264.4580562267 265.4092832831 266.3436062051 8.475974264540808 8.491218086404821 8.503153293251847 8.134560002300152 8.13467441442184 8.134858362495697 8.135090359579843
5184000.0 263.2942254723 263.4028799337 263.4925107248 263.7003538453 264.4419359769 265.4179930829 266.3441367576 8.476015029162477 8.488847944619186 8.499559788039866 8.134554658641669 8.134671662362555 8.134860261782977 8.135090509753955
5270400.0 263.3072982798 263.4040090319 263.4858522762 263.6837461597 264.427707505 265.4225301755 266.3432773141 8.477550304079212 8.488982171141192 8.49876006678966 8.134552244423425 8.134669237414437 8.13486125288214 8.13509026649453
5356800.0 263.2354511227 263.3511012851 263.4425519049 263.6510199981 264.4130692101 265.4237731091 266.3409840256 8.469141670625184 8.482711869540063 8.49357499281305 8.134547537845945 8.134666749556937 8.134861524597774 8.13508961770474
5443200.0 263.0821234409 263.231481591 263.3435339848 263.5818253972 264.3922746146 265.4219800252 266.3372644038 8.451431444058764 8.468679162423342 8.48181825627317 8.134537705876157 8.134663231384796 8.13486113263996 8.135088566333094
5529600.0 262.8444360736 263.0382983338 263.1793067697 263.46419729 264.3586644325 265.4166660547 266.3320792874 8.424587910602929 8.446426950097221 8.4626199604946 8.134521323710535 8.13465758251584 8.13485997212347 8.135087102684492
5616000.0 262.5359287137 262.7782716155 262.9524498475 263.2953124596 264.3065440396 265.4067326499 266.3252668959 8.39080063524204 8.417243450414663 8.436696383169917 8.134498499797216 8.134648909451592 8.134857807123405 8.13508518313098
5702400.0 262.3244621842 262.5701793086 262.7530843125 263.1267146446 264.2386545236 265.391173762 266.3165529303 8.368294315852028 8.394494980858854 8.414461887574952 8.13447647086158 8.13463776264036 8.134854427381311 8.135082733439488
5788800.0 262.4663213735 262.6178251331 262.7503231931 263.0712727028 264.1741991886 265.3704713113 266.3057071883 8.383335180020653 8.399657367485222 8.414157439714772 8.134469316961997 8.134627322319169 8.134849951684217 8.135079693331646
5875200.0 262.5784689008 262.6936988182 262.798847044 263.0736521061 264.1239204724 265.3464246278 266.2927062224 8.395391206003028 8.407934546962268 8.419521536221476 8.13446956270546 8.134619266989814 8.134844783345963 8.13507606200786
5961600.0 262.6416777002 262.7473925525 262.8420816642 263.0906653136 264.0881859005 265.3211004738 266.2777700032 8.402251987450098 8.413834402834553 8.424325623981899 8.134471698881857 8.134613585349186 8.13483937539056 8.13507190740733
6048000.0 262.7233605454 262.8136553165 262.8967734058 263.1215144538 264.0652949998 265.296218891 266.2612995355 8.411189403228153 8.42116435085291 8.430436465019454 8.134475625238904 8.13460995982541 8.134834096534627 8.135067347308768
6134400.0 262.7071486666 262.814824171 262.9050129369 263.1306608188 264.049038175 265.2727107097 266.2437566726 8.409409100410837 8.421294138905846 8.431360372391815 8.13447679826084 8.134607393816225 8.134829140250979 8.135062514653823
6220800.0 262.6865677494 262.8015342327 262.896085095 263.1257802241 264.034814212 265.2507713078 266.2255606777 8.407153637753753 8.419819447144084 8.430359323077427 8.134476171977324 8.134605159195457 8.13482454181591 8.135057528414725
6307200.0 262.6868736907 262.7990248425 262.8923591377 263.1206478139 264.0214139343 265.2302401269 266.2070316146 8.407187128066363 8.419541244797589 8.429941843524524 8.134475510393997 8.134603062631397 8.13482026203746 8.135052478243228
6393600.0 262.6646828112 262.7820771678 262.878060427 263.1090158109 264.0077391104 265.2108169891 266.1883836897 8.404760920825616 8.41766440009778 8.428341361719792 8.134474018774238 8.134600932060993 8.134816233981804 8.135047423309432
6480000.0 262.6503869098 262.7678935429 262.8641973784 263.0959548708 263.993548652 265.1921933292 266.1697434771 8.403201060184616 8.416096396188046 8.426792115798671 8.134472346801498 8.134598729612206 8.13481239052992 8.135042397943048
6566400.0 262.6643656992 262.7737140325 262.86540881 263.0912701072 263.9801457684 265.1742015669 266.1511825004 8.404726293134555 8.41673955146859 8.426927400827891 8.134471742736165 8.134596655019394 8.1348086948416 8.13503742101689
6652800.0 262.6642560368 262.7734547278 262.86425688 263.0872538996 263.9677883449 265.1567816173 266.1327456368 8.40471431861383 8.416710889764229 8.4267987601366 8.134471226441185 8.134594747030627 8.134805132750477 8.135032503904625
6739200.0 262.5485785206 262.691337197 262.80069159 263.046702906 263.9513427859 265.1395767302 266.114436344 8.392163454524717 8.407675861930912 8.41972601921058 8.134466089763404 8.134592222662164 8.134801630123421 8.135027646779692
6825600.0 262.3731515087 262.5511946784 262.6832634238 262.9649021862 263.9250197147 265.1217428377 266.0961725305 8.37343070696629 8.392445540760253 8.406791997433832 8.13445585196928 8.134588209407852 8.134798015573512 8.135022827291623
6912000.0 262.3173534464 262.4814100105 262.6097291037 262.8971509626 263.8917764391 265.1025416601 266.0777957782 8.367546641645562 8.384948638487556 8.39877825578359 8.13444748007343 8.134583173573228 8.13479414214266 8.135018003579217
6998400.0 262.4838764788 262.5789060396 262.6686907353 262.9094322157 263.8647333868 265.0822884781 266.0591804776 8.38521263536441 8.39543848973545 8.405198679168636 8.134448949786613 8.134579093937756 8.13479007684112 8.135013143202988
7084800.0 262.5927883822 262.6692214938 262.7427527929 262.9508182851 263.8491332615 265.0620751957 266.0403329193 8.396941276938236 8.40525666491286 8.413323190583261 8.134454037012915 8.134576740344759 8.134786040216266 8.135008248582297
7171200.0 262.6897228712 262.7547582464 262.8182876118 263.0030598568 263.844694771 265.0431010851 266.0214067414 8.407499072515943 8.414646505461743 8.42167881502015 8.134460537489755 8.134576058512842 8.134782269709874 8.135003360058526
7257600.0 262.9295288439 262.9415465239 262.9727424915 263.1070881894 263.8558601819 265.0267076557 266.0026934597 8.434114484991666 8.43546735596492 8.438987851594055 8.13447369516424 8.134577707429585 8.134779026472328 8.134998552437988
7344000.0 263.294630627 263.2367816336 263.2228729852 263.282873109 263.8900550051 265.0146383962 265.9846329238 8.476062575116902 8.469296742666737 8.467676873381668 8.13449659325184 8.134582823194407 8.134776647227586 8.134993936758692
7430400.0 263.652851297 263.5521150521 263.5054652375 263.4994197902 263.9494923849 265.0087588627 265.967808014 8.51901347993965 8.506747301196938 8.501117543314237 8.134525999541788 8.134591828320264 8.134775490782566 8.13498965812672
7516800.0 263.778555108 263.7143360982 263.6803052098 263.6670882491 264.0226519125 265.0099765562 265.9528357275 8.534533556952141 8.526574717242033 8.52238264086883 8.134549722133324 8.134603093845037 8.134775730149842 8.134985867748018
7603200.0 264.0588759333 263.9574877161 263.9022401923 263.8538897884 264.1071039407 265.0185045114 265.9402667534 8.570031906270941 8.557047674265135 8.550042240191539 8.134577181986288 8.13461633990721 8.134777408584021 8.134982698167367
7689600.0 264.2478116993 264.1503715736 264.0927437155 264.0277930646 264.1989226326 265.0340607576 265.9305272531 8.594682630892034 8.581894427627189 8.574406678257615 8.134603779072297 8.134631039002759 8.13478047954392 8.134980249836948
7776000.0 264.4931430833 264.3741155295 264.3026493232 264.2113097857 264.2975767965 265.0562125482 265.9239109373 8.627613475487253 8.611502939065739 8.601951289700713 8.134632995393536 8.134647184664365 8.134784873276551 8.134978590449027
7862400.0 264.7554579161 264.6151979442 264.5286976651 264.407496474 264.4038062252 265.0846173528 265.9206091729 8.664044337679288 8.644403006176193 8.632475763166724 8.134665618372683 8.134664989878518 8.134790543243666 8.134977763513966
7948800.0 265.184080508 264.9771313022 264.8491470664 264.6637418339 264.5247887391 265.1195192753 265.9207899416 8.726511255476145 8.695876226442769 8.677377503106621 8.134710576444931 8.134685815922019 8.134797566050672 8.134977808767568
8035200.0 265.4115819526 265.2239545131 265.0985653926 264.8948339039 264.6558814036 265.161090821 265.9246185088 8.761272492848866 8.732519959549727 8.713741626427446 8.13475354782407 8.134709071905231 8.134806012438293 8.134978767759426
8121600.0 265.8104753503 265.5698841235 265.4137434414 265.1612220465 264.799006358 265.2095374369 265.9322632738 8.825181083897393 8.786167298218787 8.761608421709434 8.134806270557856 8.134735319126863 8.134815969327308 8.13498068574608
8208000.0 266.3076048174 266.001733517 265.8038476047 265.4819465905 264.9599513763 265.2654608086 265.9439321492 8.910710948829974 8.857268420944171 8.824086581378568 8.134874774634408 8.134765960701401 8.134827617811501 8.134983621327331
8294400.0 266.6203309587 266.3275567965 266.1281318252 265.7800283521 265.1334806551 265.3292261362 265.9598546448 8.968293250823464 8.914292824991279 8.879025482763675 8.134943860076 8.134800414572977 8.13484110673624 8.134987642654036
8380800.0 266.9085281756 266.6191669974 266.4185588517 266.0555074769 265.313098466 265.4005874428 265.9802178376 9.0242623717355 8.968073044386383 8.930785360663606 8.13501295407797 8.134837725086284 8.13485647059292 8.13499281200942
8467200.0 267.1185057514 266.8491174377 266.6573441513 266.2958157627 265.4920381232 265.4786316888 266.0050924436 9.066961009922345 9.012482729098437 8.975319486888276 8.135077803551326 8.134876674353825 8.134873606545273 8.134999167327264
8553600.0 267.3419854393 267.0744578316 266.8836022836 266.5197234788 265.6675019933 265.562124784 266.0344012307 9.11433951206966 9.057862613613738 9.01930444664036 8.135142549297685 8.134916714405444 8.13489233635396 8.135006713610915
8640000.0 267.453332347 267.2203644588 267.047454966 266.7016580342 265.8346229323 265.6495698366 266.0679104637 9.138740418765265 9.088298750713365 9.052322690291358 8.13519844282621 8.134956669220726 8.134912407999273 8.13501541932631
8726400.0 269.0578632858 268.3521737308 267.8970897781 267.2388744048 266.0233561153 265.7397960465 266.104202398 9.567488600852869 9.358500411021058 9.241785837435632 8.135386684991873 8.135004140946268 8.134933623716446 8.13502494309302
8812800.0 267.3540656801 267.5717784676 267.6021954772 267.3472079702 266.2441920728 265.8359734909 266.1442774582 9.1169604985362 9.165310982032102 9.172239865187462 8.135425864431333 8.135063083134197 8.134956825771027 8.135035576354946
8899200.0 267.433101676 267.3864330518 267.3416572495 267.1758661114 266.3866487568 265.9377514425 266.1888768062 9.134266154726552 9.124014384540287 9.114268394584164 8.135359803940538 8.13510301529916 8.134982065219571 8.135047556624416
8985600.0 267.7604334502 267.5974560726 267.4778236899 267.2438711885 266.4862397975 266.0353670366 266.2374843993 9.209010035811293 9.1711573565343 9.14418167383342 8.135385403845165 8.135131952191017 8.135006963361178 8.135060792847444
9072000.0 267.8141495411 267.676201812 267.5616983918 267.3216991696 266.5791150581 266.127283719 266.2879854935 9.221777315914945 9.189283627617042 9.163024426152289 8.135415273021788 8.135159772611773 8.135031052255842 8.13507474691654
9158400.0 268.0976373779 267.8954446127 267.7450410747 267.4625264919 266.6773783273 266.2144735621 266.339489358 9.291717044497197 9.241385409606133 9.205378710243385 8.13547159052136 8.135190129174456 8.13505450327579 8.13508919508889
9244800.0 268.4275576683 268.1749417455 267.990687023 267.6570087567 266.7888949395 266.2990206237 266.3915072344 9.379069620895478 9.311580074745264 9.264809350595518 8.135554285467933 8.135225774355787 8.135077823943961 8.135104015029254
9331200.0 268.5971749792 268.3621449528 268.1816362407 267.8355000774 266.9096895317 266.3827889784 266.4438973977 9.426774894397049 9.361199599335109 9.31331699034357 8.13563545574968 8.13526586488484 8.13510151501025 8.135119177640572
9417600.0 268.7615732695 268.5298199405 268.3509349709 267.9999529125 267.0346372299 266.4668741356 266.4967293762 9.475017744991407 9.407588670627387 9.358165534976974 8.135715256932107 8.13530903570437 8.135125903850403 8.135134714330503
9504000.0 268.8855317609 268.6652439352 268.4928028181 268.1455198963 267.159244415 266.5516080993 266.5501286678 9.512798260456163 9.446501238603856 9.397181636539338 8.135790274008583 8.135353912973338 8.135151121145434 8.135150675203137
9590400.0 269.1090228958 268.8596740695 268.672520705 268.3085204534 267.2851435843 266.6371077072 266.6042096823 9.584239181002971 9.504813208524487 9.448630529024506 8.135879955110097 8.13540123753501 8.135177243503694 8.135167110074478
9676800.0 269.4176577634 269.1218131154 268.9077259926 268.5082114075 267.4175410392 266.723788847 266.6590926692 9.690792748380609 9.588465301207904 9.519696833201799 8.135998892239256 8.135453319045768 8.135204449355601 8.135184073722728
9763200.0 269.7639677585 269.4256908961 269.1837018565 268.7419058111 267.5607755108 266.8124587288 266.7149474802 9.823217186171743 9.693700967302137 9.609136203157128 8.136152337615453 8.135512539593032 8.135233063431178 8.135201640219277
9849600.0 269.8376660138 269.5629781088 269.3484939049 268.9207325035 267.7059901701 266.9033942063 266.7719541292 9.853424853185714 9.744555210246185 9.666049320759564 8.136280744491563 8.13557582123808 8.13526326771787 8.13521989197542
9936000.0 269.8907664069 269.651188323 269.4584701713 269.0550221735 267.8448840525 266.9960174347 266.8302119138 9.875675958398134 9.778433757250331 9.705643686123961 8.13638427267506 8.135639622294176 8.135294966925594 8.135238890659998
10022400.0 269.9480201831 269.7270200852 269.5474565139 269.164493084 267.9740717164 267.089257804 266.8896812447 9.900142392469373 9.808357923469057 9.738693677667126 8.136473822378269 8.13570206227631 8.13532787372014 8.135258655754344
10108800.0 270.0689283076 269.8368378482 269.6549058355 269.2764256823 268.0955859088 267.1821583126 266.9502014093 9.95351587801151 9.853081095702398 9.779883173040222 8.136571088020572 8.135763750103239 8.135361701781491 8.135279166430738
10195200.0 270.4605002457 270.1307310247 269.8957585519 269.4655098289 268.2220734758 267.2748038609 267.0116102354 10.144589917089261 9.981742476603142 9.877789405505883 8.136750987587341 8.135831342910878 8.1353965217416 8.135300399154023
10281600.0 270.385113181 270.1678242418 269.9806817992 269.582445681 268.3453764013 267.3671871271 267.0737741661 10.105397481161853 9.99900668538165 9.914327640703469 8.136870317994234 8.135900710139483 8.135432374226996 8.135322337982252
10368000.0 270.3771214568 270.1887354802 270.0249951581 269.6587395382 268.4586209704 267.4587040105 267.1365296626 10.101315329199688 10.00884923044833 9.933846128005165 8.136951920554594 8.135967628634933 8.13546905889774 8.135344953744873
10454400.0 270.3588892548 270.1936017206 270.0474022079 269.7099076373 268.5592900713 267.5483911564 267.1996375211 10.092053097854759 10.011151219029431 9.943837946697002 8.137008364208063 8.136029869282504 8.135506194140794 8.135368186163523
10540800.0 270.3438021774 270.1932204823 270.0597001647 269.746277266 268.647667998 267.6353024045 267.2628094103 10.084441408298533 10.010970714964772 9.94935744162338 8.13704937105936 8.136086787543196 8.13554335323944 8.135391950119452
10627200.0 270.2902033079 270.1651186975 270.0488180476 269.7629809428 268.7237465935 267.7186280444 267.3256851299 10.05777784711245 9.997739070246634 9.944472104797173 8.13706793677744 8.136137575137228 8.135580116111843 8.13541612382126
10713600.0 270.2172954685 270.1162668644 270.0172405536 269.7605182801 268.7873861504 267.7976931084 267.3878852518 10.02242259929178 9.97507684648116 9.930407465025931 8.137064064407815 8.136181373501405 8.135616076695552 8.135440566246098
10800000.0 270.2379990348 270.1209176879 270.0179975071 269.7701044521 268.8426056218 267.8722058878 267.4490526119 10.03235811229261 9.977216103308827 9.930742690725989 8.137074946896739 8.136220424708604 8.135650970729994 8.13546513237019
10886400.0 270.1187677418 270.0473814613 269.9689750846 269.7517423711 268.888011621 267.9419624779 267.5088667698 9.976226712501981 9.943828656741342 9.909223935053873 8.13705257376151 8.13625324714872 8.135684558650931 8.13548967949212
10972800.0 270.1571746073 270.0552281172 269.9671138293 269.752908958 268.9276241313 268.0070456192 267.5670680991 9.994024733958533 9.947347388341234 9.908414497353842 8.137053725076766 8.13628246508679 8.135716732683417 8.135514078715259
11059200.0 270.3115389466 270.1556024993 270.0395175281 269.8011637879 268.9695982367 268.0681786762 267.6235099498 10.068321753562179 9.993291031755216 9.940312492811247 8.137111380373831 8.136314145659814 8.135747718054809 8.135538239993934
11145600.0 270.4946971834 270.2991850288 270.1580888089 269.8885709665 269.0200268252 268.1266575916 267.6781997523 10.162789562600905 10.06220541466499 9.994451596605112 8.137220275498164 8.136353209784017 8.135778076590023 8.135562135292314
11232000.0 270.6755681958 270.45468254 270.296058855 269.9989872739 269.0810211654 268.183970076 267.7313325842 10.263783949760814 10.141520381457857 10.060662528602908 8.137366614297923 8.136401874600764 8.13580853575968 8.135585820543895
11318400.0 271.0317923649 270.7232662945 270.5182972984 270.1668289193 269.158157646 268.2418327225 267.7832573958 10.490291494734908 10.291846211959092 10.17550844211494 8.137611349159918 8.136465722115739 8.135840021860387 8.135609428537458
11404800.0 271.1928141977 270.9034963928 270.6981836825 270.326814824 269.2479683988 268.3016262442 267.8344310112 10.60763681112906 10.403951421452009 10.277010591797337 8.137871757231094 8.13654335960626 8.135873362368116 8.135633154350897
11491200.0 271.2456451285 271.0004741585 270.8143465555 270.4505207432 269.3419925136 268.3638451365 267.8853085185 10.648591079151723 10.468667391877917 10.347248295773486 8.138093487788577 8.136628609285367 8.135908955508098 8.135657208316154
11577600.0 271.354265628 271.1067773821 270.9230334526 270.5617404776 269.4360381552 268.4282874068 267.9362506947 10.737082258302816 10.543604931265179 10.416725834635134 8.1383114271854 8.136718243093133 8.135946827193706 8.13568177163284
11664000.0 271.5020268392 271.2355166505 271.0441940594 270.6766327906 269.5300710983 268.4945463527 267.9874975064 10.867939739225626 10.640638484726955 10.498956865693795 8.138558479117675 8.136812616297089 8.135986879315698 8.13570697972664
11750400.0 271.6046844046 271.3440966114 271.1542070678 270.7855371266 269.6235425973 268.562202227 268.0391823517 10.967116148938535 10.72853827206346 10.578509197168591 8.138815214039141 8.136911520949374 8.136028990985164 8.135732924486412
11836800.0 271.7236347909 271.4559855035 271.2637159876 270.8925485403 269.7163293158 268.6308906255 268.0913570633 11.092031407373081 10.825755585762792 10.662902066886918 8.139092543903242 8.13701515149585 8.136073058381033 8.135759662498264
11923200.0 272.0263016976 271.6502757732 271.4168443287 271.0194181365 269.8096844915 268.7001216084 268.1438386179 11.473399103844704 11.013635471354853 10.790923376249063 8.139461911278081 8.137125419276531 8.136118875148767 8.135787130085555
12009600.0 272.5898927205 272.0195957205 271.6998098149 271.2305029265 269.914602254 268.7706343356 268.1969232551 12.671749317905764 11.463710733384044 11.066068834605158 8.140200381579039 8.137257530824654 8.136167055913065 8.135815516055814
12096000.0 272.6778645598 272.214596119 271.9139742687 271.4308882253 270.0365772057 268.8444249987 268.2509084908 12.986329537822257 11.77650090768823 11.319342400360963 8.141072621619589 8.137422919985818 8.13621919662038 8.135845025796426
12182400.0 272.7153509634 272.3258343935 272.0548068372 271.584671115 270.1607497658 268.9213502698 268.3058920821 13.141689198953706 11.990875281888117 11.515341026490491 8.1418934644477 8.137605462960897 8.136275524320679 8.135875769463489
12268800.0 272.7874158212 272.4201541858 272.1648123401 271.7092791494 270.2808351346 269.0008186432 268.3620308514 13.48924666697211 12.200702894272764 11.689919848118508 8.142690111082423 8.137797269263709 8.136335946863474 8.135907900582366
12355200.0 272.7881638621 272.4735102725 272.2413505538 271.8058775915 270.393075889 269.0817717389 268.4193420923 13.493263186098101 12.333806750099981 11.82526207386352 8.143407530950332 8.137991822381398 8.136399968993148 8.135941503498668
12441600.0 272.8977882656 272.5512657343 272.3190136773 271.8943103612 270.4975875302 269.163140494 268.4777078905 14.215507682809077 12.551229194255113 11.976790290461421 8.144170154836795 8.138188017528135 8.13646698687367 8.135976587134353
12528000.0 273.0062804305 272.6331005256 272.3976884495 271.9794764235 270.5958173134 269.2441059136 268.5369214071 15.425394634169738 12.818508005297684 12.147987929786437 8.14502441105345 8.138387393138258 8.136536493637648 8.136013103769425
12614400.0 273.0961616093 272.7065369359 272.4714228646 272.0597110245 270.6887910561 269.3241013664 268.5967361497 17.564466069926286 13.103802595239378 12.328374159903639 8.145960350316265 8.138591143587618 8.136608108154146 8.136050972709363
12700800.0 273.1552945648 272.764513086 272.5351561626 272.1320200978 270.7767353864 269.4028033628 268.6569088693 20.26633007114329 13.370711791937085 12.503596681888443 8.146936079915715 8.138798924641344 8.136681602553029 8.136090103817365
12787200.0 273.1894828004 272.8084561434 272.5889067763 272.1965939087 270.8607412151 269.4803660925 268.7172296176 23.142987257566244 13.606037008365357 12.66855479866404 8.14793592264758 8.139012660650526 8.136757172788208 8.136130416548838
12873600.0 273.6751970423 272.9488204953 272.6751887657 272.2747327454 270.9413201133 269.5562541085 268.7775653158 29.442179340058395 14.689106700111841 12.97578946416039 8.149407517059942 8.139233534223427 8.136834325076862 8.136171871858807
12960000.0 273.6196309792 273.0322099221 272.7556464327 272.3547767406 271.0210053719 269.6305355594 268.8377305916 30.69567842112771 15.879508278935058 13.326991394304233 8.151249597728789 8.139469248299832 8.136913124024577 8.136214385863191
13046400.0 273.8918449661 273.077464753 272.8127052724 272.4208719245 271.0984457313 269.7033156469 268.8975728702 29.56374843426876 16.98292233471637 13.630633325380936 8.153083129012066 8.139716414753646 8.13699368350028 8.136257886295569
13132800.0 274.0851345097 273.1229188927 272.8596908839 272.4765880497 271.171382342 269.7743919504 268.9569344383 28.554539999383216 18.580505234777483 13.929139542158726 8.154934291694389 8.13996720954746 8.137075769880855 8.13630228593237
13219200.0 273.9323968413 273.1521200408 272.8978122057 272.525190549 271.2409698908 269.844295143 269.0159427976 31.847982541487635 20.069620661931502 14.215703050581732 8.156837395487829 8.140224728387489 8.137160006028017 8.136347707676196
13305600.0 274.031181555 273.1728986228 272.929092821 272.566622447 271.3058481217 269.912464832 269.0744126369 31.617011627514305 21.539063866180932 14.491106463007538 8.158730512516174 8.140482572736557 8.137245719284625 8.136394035376911
13392000.0 274.2259090247 273.1897642666 272.9566048706 272.6030589141 271.3659162466 269.9785639665 269.1321982806 30.571640082535257 23.175009681037423 14.773505598898765 8.160663119315394 8.140738258488204 8.13733241065284 8.136441169420156
13478400.0 274.4474133286 273.2033580565 272.986955067 272.6389708713 271.4217069591 270.0421988951 269.1890702409 29.358633941066053 25.000072717252834 15.14466232467817 8.162922309947746 8.140992039866907 8.137419416368086 8.136488924972856
13564800.0 274.0620778126 273.2159575542 273.0286342975 272.679451289 271.4755723235 270.1042699035 269.2453048278 33.558389932308785 27.43240026808741 15.810349728952223 8.16608613407166 8.141253739282577 8.137507849076927 8.136537537536597
13651200.0 274.2669126723 273.2211440878 273.0733825215 272.725959855 271.5287420142 270.1643984853 269.3006335985 32.37722677963317 28.788424455926737 16.866885029029163 8.170761975492573 8.141530280680415 8.137597083248409 8.136586777977168
13737600.0 274.3006122503 273.2255176 273.0992607256 272.761555115 271.5802516125 270.2227156505 269.3549610051 32.91864556490608 30.185429304480184 17.66983419264055 8.175144733642494 8.141816627576125 8.137687193547738 8.136636549170117
13824000.0 274.5839997837 273.2284695208 273.1016395182 272.7811923795 271.6272869264 270.279028189 269.4081513989 31.553513968596317 31.30599676825625 17.752657288178735 8.177628810484723 8.142094711053517 8.137777742478352 8.136686703839871
13910400.0 274.6767907537 273.2306737919 273.0984885423 272.792717907 271.6695519497 270.3334509362 269.4603508409 30.9545414237775 32.262607576665324 17.643316437244344 8.178981635465536 8.14235918691027 8.137868754554335 8.1367373550587
13996800.0 275.1165650888 273.7021762348 273.1263781205 272.8158330583 271.7093099396 270.385923333 269.5115189527 30.286035254360364 31.918078228724816 18.732295963366266 8.183301794452001 8.142622695670436 8.137959959059549 8.136788441190106
14083200.0 275.4394152862 274.0678565399 273.161262093 272.8441848416 271.7481605452 270.4365644713 269.5616270637 29.730009485023594 31.110938996192527 20.660521445113808 8.19012688443058 8.14289569799199 8.138051385052835 8.13683990609775
14169600.0 275.5615884451 274.1753236845 273.1856340458 272.8684262529 271.7859297851 270.4855369236 269.6106670486 29.93223802916304 31.088346196111907 22.723590476691307 8.197356328398126 8.143176697342946 8.13814316270371 8.136891710022311
14256000.0 275.807766744 274.3082002227 273.20244596 272.8874710628 271.8219600036 270.5329444666 269.6586450847 29.217170481013866 30.491763991554944 24.857155135020076 8.204138131709833 8.143459910331154 8.138235337765524 8.136943825542353
14342400.0 276.0003478239 274.4238323318 273.2128159436 272.9017643276 271.8557347176 270.5788142823 269.7055704586 29.054176098384815 30.309159238165112 26.730115565281295 8.20985972606842 8.143739684110258 8.138327815994723 8.136996227006133
14428800.0 275.9988658953 274.4625691676 273.2185724189 272.9124234315 271.8870385882 270.6231256536 269.7514476149 29.148679637904763 30.474225655779705 28.081561379120753 8.214393517201843 8.144012188586334 8.138420397218937 8.137048881715467
14515200.0 275.917287457 274.4612798434 273.2222744243 272.9209132039 271.9159546331 270.6658504197 269.7962745411 29.4254235538385 30.80152027712355 29.123856430514316 8.21821165459546 8.14427602987552 8.138512846645046 8.137101747244738
14601600.0 275.9512095836 274.5057242743 273.2254453955 272.9288242906 271.9428081177 270.7069846998 269.8400457544 29.51902545564016 30.959252140178815 30.16001454996522 8.222282224531746 8.144532344374147 8.138604964056581 8.137154774013117
14688000.0 275.9577987189 274.5451809007 273.2294250819 272.9415213447 271.9685690096 270.7465995251 269.8827606752 30.10977694658036 31.395205336683645 31.706723376155434 8.231972252745525 8.144789805393394 8.138696712275271 8.137207915223666
14774400.0 276.0753130876 274.6797328933 273.3266378447 272.9865744014 271.9975569359 270.785070545 269.9244523693 30.225245856159216 31.517224010099117 33.36814056986337 8.30496701942652 8.145097516284286 8.138788805525484 8.137261164826496
14860800.0 276.432170805 275.1999561891 274.1002332357 273.0563024927 272.0329716913 270.8230724194 269.9652179167 29.60417139781458 31.024522380700613 32.713061161275284 8.970829052733508 8.145500981889832 8.13888281842622 8.137314603504372
14947200.0 276.7442251134 275.5042211595 274.339395418 273.0824446437 272.0691295003 270.8609448467 270.0051881571 29.159102279633057 30.529054320149708 32.05364040491719 9.83303211024824 8.14594038187174 8.13897967176217 8.137368368629044
15033600.0 276.9211454489 275.6656542523 274.4486350034 273.1082805166 272.1064111939 270.8988340685 270.0444945966 28.77315026142782 30.072761003377956 31.452407686305364 10.761063160903872 8.146427675339591 8.139079886893402 8.137422614493135
15120000.0 276.8741020554 275.6671104929 274.4682719599 273.1476341408 272.1493622542 270.9371111597 270.0832800992 29.514410252377267 30.298984680966242 31.506384050067158 11.670301813861045 8.14704268639952 8.139184674416981 8.137477528610711
15206400.0 276.8996158882 275.6907460587 274.4904803687 273.1796356079 272.1946587326 270.9760134801 270.121691152 29.19507117501072 30.189725129590677 31.42901563152134 12.580178359806261 8.147756201637636 8.139295021557556 8.137533323468508
15292800.0 276.9731027723 275.7450210599 274.5309133605 273.1952275037 272.2360140824 271.0152644652 270.1598296733 28.855624557716133 29.937734790858208 31.165814461896662 13.512873146264912 8.148467891539337 8.139410506137294 8.137590165820502
15379200.0 276.8051902184 275.7423697754 274.6992013725 273.3983249345 272.2727419 271.0543548255 270.1977242593 30.615034447268442 30.983821173397345 32.03321514978669 14.170164902354866 8.149155278445743 8.139529893997505 8.137648124934627
15465600.0 277.0813965229 276.0359293494 275.0636621209 273.6519719184 272.3057678591 271.0928362973 270.2353398233 29.607902870694343 30.71373999320031 32.07864852447895 14.698801707776285 8.14982516979328 8.139651932724021 8.1377071741861
15552000.0 277.4381904729 276.34907568 275.3338433979 273.7507703712 272.3371792787 271.1304955518 270.2726122343 29.012790596989298 30.26365806610774 31.641367518376217 15.364724670443483 8.150517688274164 8.139775946767045 8.13776723454721
15638400.0 277.6608139263 276.5615289278 275.5101344451 273.8074247892 272.3723179871 271.1675906488 270.3095047369 28.607858028897912 29.837790722721778 31.124361416555605 16.086398539382408 8.15137806479507 8.13990279119742 8.137828262404705
15724800.0 277.0276111513 276.1703155969 275.2916400005 273.7685349264 272.4130724686 271.2046690207 270.3460455917 33.025143427843844 33.43030902023997 35.139104574692524 16.847471720013424 8.15250398550345 8.140034498585074 8.137890319633199
15811200.0 277.0643575951 276.1568656209 275.2728715194 273.7641367386 272.4571363949 271.2421585408 270.3823174544 33.17628475835255 34.51189626797849 37.70478260496365 17.921973265554534 8.153895131704472 8.140172963790112 8.137953569329683
15897600.0 276.9577788199 276.1088826795 275.2822389306 273.7743814304 272.4987394503 271.2799452902 270.4184312862 34.41272252138608 35.88893527596248 40.17848654713091 20.55437970308747 8.155392922096713 8.140318244583344 8.138018241801307
15984000.0 277.2927485325 276.351791619 275.4895824914 273.8567669173 272.5349202231 271.3177855554 270.4543855987 33.40036271729593 35.423345546202476 40.09105158865631 22.98080761009592 8.15686118651831 8.14046984309577 8.138084380490822
16070400.0 277.8147561964 276.7645030127 275.8162611958 273.9699397352 272.5649188631 271.3549627046 270.490148567 32.059705832036144 34.41336474000855 38.67972494517498 24.194696704409647 8.158212023027497 8.14062512022867 8.138151972404794
16156800.0 278.1493830564 277.0904374897 276.1086071718 274.0834883584 272.5845446131 271.3903351072 270.5255143265 31.511861490076083 33.62763075548052 37.033044130608175 25.267566237570993 8.1591273163117 8.140779058984958 8.138220657201785
16243200.0 278.0360604307 277.12228338 276.2366021152 274.3441087895 272.6007105839 271.4237336201 270.5603419777 32.44091323891286 34.12149969337945 37.57837245040507 26.095882037137667 8.159930297145527 8.14093030074825 8.138290162772247
16329600.0 278.465458758 277.4971023566 276.6143092463 274.8624237363 272.6206378564 271.4555151084 270.5945058675 31.31131145944399 33.305968568927256 36.39473268471067 26.207781722706915 8.161066957811917 8.141079854264675 8.13836021695959
16416000.0 278.6897350405 277.7685478204 276.9127083943 275.1480653413 272.6518224058 271.486754107 270.6280115212 31.08091647135399 32.874112919563444 35.59032742140711 26.186120984918812 8.163183675502715 8.141232523727089 8.138430797498597
16502400.0 279.0630520621 278.10418715 277.2166041604 275.3607407854 272.6993662968 271.5189969066 270.6610385258 30.42345585814854 32.16075126960265 34.45901119188036 25.964614537951185 8.16727736220727 8.141396340967894 8.138502262399525
16588800.0 279.3832869242 278.3988219259 277.4731235878 275.5333742441 272.74608266 271.5526826432 270.6938279561 29.88440027793868 31.486282366701293 33.43656229462957 25.472515688114715 8.172512538764323 8.141574679073727 8.138575148088364
16675200.0 279.6897886545 278.6606304788 277.6850240125 275.6744166825 272.7778337395 271.5867496891 270.7265032226 29.538508568260106 30.97400614524797 32.66937058558139 24.810115711715103 8.176782665645568 8.141762991841947 8.138649776693502
16761600.0 280.0398627217 278.9450378973 277.904721355 275.8097208301 272.7983928927 271.6198989341 270.7590140284 28.986786493557048 30.382045222534526 31.884999330726984 24.32112469577877 8.179823478516775 8.141954424113182 8.138726089873835
16848000.0 280.3237763962 279.1962519415 278.1143713209 275.9496747374 272.8119958952 271.6512721458 270.7911918427 28.50827381208751 29.829693177262172 31.16843472401559 24.2281721492969 8.181899414189719 8.142143538664468 8.138803729463296
16934400.0 280.5639566082 279.4072901221 278.2925558537 276.0920177331 272.8212578976 271.6804939107 270.822830771 28.153055300002116 29.46235263490258 30.786352477720953 23.93601770635857 8.183286970640063 8.142327076933649 8.138882199259696
17020800.0 280.8596982424 279.6440266593 278.4814789017 276.2434436201 272.8270045652 271.7074659558 270.8537410841 27.901100277925465 29.225667220887868 30.570712429769046 23.522295117626367 8.184012095981766 8.142503201396353 8.13896098716887
17107200.0 280.9363274914 279.7446119941 278.5948734576 276.3720697381 272.8301686729 271.7322420922 270.8837729525 28.829423368394032 29.5465223774889 30.630378506297504 23.400574326328563 8.184230165677452 8.142670996662215 8.139039630900903
17193600.0 280.6622406112 279.581857369 278.5345857638 276.5181383422 272.835810507 271.755226398 270.9128453949 30.998978694849768 31.215011730287685 32.166109047497024 23.39494275872035 8.185208620446833 8.14283208139268 8.139117809103478
17280000.0 281.2499842735 280.0341360467 278.9109764214 276.9142962683 272.8468006299 271.7771076016 270.9409687408 29.376744546278417 30.609906335272495 32.01951052202698 23.387912824465747 8.187751044512943 8.142990535270254 8.139195427797617
17366400.0 281.473800291 280.3130161717 279.2214694861 277.2500491521 272.8639192604 271.7986413293 270.9682421313 29.428237451048687 30.500412581171215 31.87008478125841 23.355446914233273 8.19256813837158 8.143151571287103 8.139272645673715
17452800.0 280.5687478067 279.7144586382 278.8635101304 277.2702549037 272.8927984265 271.8205011731 270.994952544 33.562439896665424 34.02790413304183 35.950625694619504 23.384407656999564 8.204162182270927 8.143320476180463 8.13935019744285
17539200.0 280.3298190187 279.4912924495 278.6865350711 277.0469995939 272.9453761191 271.844235207 271.0211813964 34.445857405359654 35.97925569660541 40.28732771184113 25.648266017285753 8.249615022242319 8.143510379227411 8.139428278259345
17625600.0 280.7067590562 279.7998451403 278.9659944226 277.1484484374 273.0103389899 271.871592371 271.0473316815 32.92427505575939 35.19904543304695 40.01911558861275 27.6080947449867 8.460464775777925 8.143738175407956 8.139508098655591
17712000.0 280.9010316198 280.0308825556 279.2210942817 277.3356292338 273.0464801372 271.9014821913 271.0739464979 32.74433132277134 34.937957964136025 39.56315907863235 27.789655418888167 8.941827787776884 8.143998675512032 8.139591438197016
17798400.0 280.7242241575 279.9880077093 279.2642582085 277.3492415107 273.0521785792 271.9301657333 271.1008411842 33.34750746400678 35.327060140986916 40.12108042670054 28.995376354191883 8.870618108647754 8.144260880151807 8.139677892070539
17884800.0 280.962426352 280.203574453 279.4789247519 277.4581857005 273.0517681856 271.9562967898 271.1276767451 32.26022798464692 34.60796287883531 39.12404110400482 29.26944893058666 8.737767991864672 8.144510915949756 8.139766488282051
17971200.0 281.2999168577 280.5097553291 279.7664732287 277.6231018039 273.0480512546 271.9795193474 271.1540882137 31.51278388419315 33.70262994510158 37.210392696091496 29.29362024771551 8.618245104945828 8.144742657495387 8.139856051693037
18057600.0 281.5780710811 280.7794378498 280.0155450474 277.7977071099 273.0413378543 271.9998980379 271.1797740977 30.880931284277633 32.83326514559902 35.60388552168826 29.25439544589615 8.512600995597927 8.144953865928901 8.139945498471786
18144000.0 281.7605306435 280.9714683126 280.2007351686 277.9685662978 273.031299458 272.0175875388 271.2045141727 30.333255854889494 32.10562507874961 34.413415465084604 29.06619940500992 8.422238509409873 8.145143475371277 8.140033924104792
18230400.0 280.8747438035 280.3232954667 279.7226763451 277.8998384317 273.0169149556 272.0332763756 271.2284545913 33.66419072582507 34.64993163786765 37.6989844991699 29.097648845733225 8.346025126472801 8.145316755309656 8.140121697646732
18316800.0 280.9985040548 280.2944324363 279.6313140202 277.7708842915 272.9980904047 272.0462787215 271.2512107658 32.79132037871476 35.09583712437463 40.00989831825387 29.396909393896 8.289617289559907 8.145464162387222 8.140207217377608
18403200.0 281.1769186638 280.4547966158 279.7747279759 277.806085553 272.9771865431 272.0565045976 271.2725808608 32.501386725784805 34.91559870976348 39.890376105874 29.396909393896 8.252847726811419 8.145582598643019 8.140289448975974
18489600.0 281.3659142585 280.6447915597 279.9580885772 277.9063096531 272.9583704328 272.0641261835 271.2923268004 32.09364785567944 34.41123237347651 38.687471959537845 29.396909393896 8.23165408975116 8.145672348277547 8.140367142208916
18576000.0 281.6230834825 280.8828926283 280.1750011853 278.0465277103 272.9422069119 272.0701649134 271.3107342873 31.509705185742014 33.64558947553669 37.083286809957244 29.388448320259187 8.218796218018138 8.14574437397156 8.140441097968774
18662400.0 281.8392839311 281.0984273609 280.3777997039 278.2134252316 272.9535438288 272.0765527612 271.3280160384 30.88856263707499 32.821117451513146 35.575480597326084 29.350436426555063 8.230686563226993 8.14582146113136 8.14051191485011
18748800.0 281.049602394 280.4887795541 279.8962832917 278.1528909588 273.0194247333 272.0872633351 271.3447507281 33.76658267033761 35.38569816032898 39.985213859311166 29.396909393896 8.397167219681199 8.145952830069458 8.140581804885112
18835200.0 281.4474224739 280.7567207381 280.1108924448 278.2574067821 273.053254182 272.1018681562 271.361505894 32.25969187663745 34.65168711684219 39.24279936155343 29.396909393896 8.659463513588907 8.146136366145628 8.140653113788405
18921600.0 281.6011364743 280.9616595585 280.3351279459 278.4135054299 273.0732459469 272.1183325666 271.3784776506 31.621140122245034 33.84155474611121 37.486448273771266 29.396909393896 8.9761610844403 8.14634961249343 8.140726743830504
19008000.0 281.7452721084 281.1217353991 280.4996854912 278.5689334376 273.0874408983 272.1357856386 271.3958670756 31.016782716557262 32.99256911197289 35.8732082358893 29.373347422957384 9.342824710773519 8.146583357359065 8.14080368969406
19094400.0 281.5568800353 281.0166449564 280.4477474435 278.6405757099 273.1002786176 272.15345461 271.4136468477 31.412657349648356 33.00642428485016 35.722801720450484 29.333649691876136 9.743259708801569 8.14682848136265 8.140883984330067
19180800.0 281.4792261905 280.9727011748 280.4333614561 278.6748668595 273.117102415 272.1720357359 271.4317863341 30.811120229661025 32.525557407381015 35.00190262894298 29.249064073515 10.185476004827473 8.147095984227981 8.140967646129232
19267200.0 281.4624531046 280.9595027973 280.4278764871 278.717927695 273.1404793215 272.1927003932 271.450338754 30.302613707132203 31.971032337130158 34.16641580933782 28.960610872559375 10.68564164322655 8.147405895609829 8.141055092151387
19353600.0 281.4651465624 280.9544497747 280.4192588312 278.7657259348 273.1681468923 272.2161082879 271.4695061665 29.884708733219394 31.4605382516467 33.41373072990257 28.52160093596571 11.288250292203466 8.147773809977744 8.141147500489437
19440000.0 281.0624867928 280.6373221621 280.1681199622 278.6911077796 273.1812779453 272.2398285601 271.4892760545 31.151007609911886 32.16483279233055 34.06244732496412 28.29150312399041 11.911848632798646 8.148166283370402 8.141245087522268
19526400.0 281.1861520816 280.6823930022 280.1656083178 278.6582274799 273.1730498602 272.2600007356 271.5092315329 30.1199829337761 31.608394135732826 33.529915327428625 28.25320044605645 12.358074737092357 8.148516804063261 8.141346017609855
19612800.0 280.9821702954 280.5221427265 280.0349819867 278.5943548831 273.1637462696 272.2756364451 271.5288104501 30.66895682773937 31.846452404232057 33.724671250694215 28.21963826898631 12.810495578804389 8.148799821156345 8.141447500553356
19699200.0 281.0079791959 280.5246728004 280.0220264355 278.5645575318 273.1548126773 272.2872412437 271.54755024 29.952622289632238 31.380451948277653 33.19470924635238 28.18104807697587 13.264151105915047 8.149016625323899 8.14154699772093
19785600.0 280.3144230431 279.9451001487 279.5427648512 278.3504331038 273.147611111 272.2958550701 271.5651862605 32.94468996846398 33.89204284895995 36.46979332084886 28.26177023169248 13.709404392187984 8.149181427616924 8.14164282160651
19872000.0 279.8849505998 279.5195600973 279.1252164527 278.012410074 273.1420596211 272.3027789248 271.5819087669 34.21548121343323 35.881643491404134 40.73506549430702 29.396909393896 14.141430320180932 8.14931636894094 8.141735707885392
19958400.0 279.8726034557 279.4394444785 279.0178713113 277.8584623248 273.138725031 272.3083861061 271.5974478765 33.540186821145824 36.29383409072912 43.63889596693317 29.396909393896 14.547406172563736 8.149427304789905 8.141823846025442
20044800.0 279.2202844654 278.8495843305 278.7117418786 277.684644296 273.1367429843 272.3134579046 271.6119895938 37.01518054679263 43.83561064016967 44.389484748783 29.396909393896 14.929930016760393 8.149528951674089 8.141907968485935
20131200.0 279.1265411221 278.8284783047 278.5451218016 277.5041756873 273.1356419377 272.3183788412 271.6256567677 40.69683436518461 44.389484748783 44.389484748783 29.396909393896 15.290423180825835 8.149628780841539 8.141988520624171
20217600.0 279.0996761863 278.8006378515 278.4882843346 277.4032906042 273.1351145546 272.3233714204 271.6384903566 40.41564559829289 44.389484748783 44.389484748783 29.396909393896 15.627305276310517 8.149731299305873 8.142065509192618
20304000.0 279.0414772635 278.7422276384 278.4257638002 277.3306517007 273.1348740236 272.3284882021 271.6506592144 38.970364940392116 44.389484748783 44.389484748783 29.396909393896 15.944993349931242 8.149837683751882 8.142139748756117
20390400.0 279.001772285 278.6936715224 278.3712785504 277.2719182638 273.1347484485 272.3336702623 271.6624002945 40.06143020925212 44.389484748783 44.389484748783 29.396909393896 16.250807892804985 8.149946808489593 8.142212550040547
20476800.0 278.9547986581 278.6448716978 278.3198238025 277.2209362054 273.1346726418 272.3388802526 271.6738555253 43.381864095204755 44.389484748783 44.389484748783 29.396909393896 16.548864931326673 8.150057951633803 8.142284714643774
20563200.0 278.8632006979 278.5733783068 278.2583521714 277.1731761508 273.1346314872 272.3440936561 271.6849753519 44.389484748783 44.389484748783 44.389484748783 29.396909393896 16.8380966876827 8.150170631216302 8.142355864686166
20649600.0 278.6910916984 278.4483007996 278.1616405359 277.1143799223 273.1346016534 272.3492685983 271.6957822697 44.389484748783 44.389484748783 44.389484748783 29.396909393896 17.119031206030492 8.150283955996287 8.142426073495376
20736000.0 278.5798815541 278.3355877708 278.059206128 277.0470638348 273.1345705088 272.3543766658 271.7063203504 43.06041832059995 44.389484748783 44.389484748783 29.396909393896 17.392250114925815 8.15039728734942 8.142495565737278
20822400.0 278.4485467792 278.2213114402 277.956916668 276.9768806992 273.1345343383 272.3593756645 271.7165630222 43.02545504257421 44.389484748783 44.389484748783 29.396909393896 17.65597754673119 8.150509641496372 8.142564106310093
20908800.0 278.4218638203 278.1646394497 277.8890688615 276.9188000044 273.1345099387 272.3642664062 271.7265694236 43.55560115801252 44.389484748783 44.389484748783 29.396909393896 17.9116271371564 8.150620970285003 8.14263203507737
20995200.0 278.3164660347 278.0782886614 277.8121455616 276.8623094307 273.1345259982 272.369040825 271.736348062 42.959143187780256 44.389484748783 44.389484748783 29.396909393896 18.15927743122455 8.150731019775993 8.142699363027672
21081600.0 278.2010548599 277.9794525822 277.7258140479 276.8031717084 273.1346516514 272.3736967329 271.7459063263 42.77622230475817 44.389484748783 44.389484748783 29.396909393896 18.398861695843543 8.150839664097653 8.14276609587576
21168000.0 278.031404265 277.8451832674 277.6150691604 276.7336329884 273.1351028102 272.3782434175 271.7552518527 43.55291545722591 44.389484748783 44.389484748783 29.396909393896 18.629814657874988 8.150947046965594 8.142832243287337
21254400.0 277.8131211304 277.671358897 277.4731424453 276.6483994059 273.1556730821 272.383398338 271.7644535921 40.37429188199237 44.389484748783 44.389484748783 29.396909393896 18.829638696102673 8.151070362790863 8.142898260103145
21340800.0 277.662461276 277.5246567169 277.3396762347 276.565295444 273.293448579 272.3928494185 271.7739073845 38.330287735208366 44.389484748783 44.389484748783 29.396909393896 18.88515079667207 8.151300889294617 8.142967020858812
21427200.0 277.6250105381 277.4647507179 277.2618468989 276.5052152767 273.3587214824 272.4058953279 271.7839993756 36.12571923608931 43.49136804131373 44.389484748783 29.396909393896 18.969385881179353 8.151628889914734 8.143041492175787
21513600.0 277.6239190963 277.458897701 277.2323447858 276.4720303517 273.3931303519 272.4205759276 271.7948733795 35.40905540131902 41.249379901917166 44.389484748783 29.396909393896 19.073608778093302 8.15201226881493 8.14312299741474
21600000.0 277.5403641323 277.3789143283 277.1715652503 276.4365617903 273.4128274203 272.4354347169 271.8064492984 35.10511738507697 40.39480453417224 44.389484748783 29.396909393896 19.18951018121007 8.152416626746021 8.143211239070125
21686400.0 277.4586605893 277.3102692002 277.110543284 276.398978161 273.4246815967 272.4497125115 271.8185334327 34.61753172556564 39.1797281681515 44.389484748783 29.396909393896 19.31127800949428 8.152821626993703 8.143305020420225
21772800.0 277.5207153704 277.3299168002 277.103459146 276.3803585943 273.4322032157 272.4631198968 271.8309127265 33.861581303345886 37.529374149924834 44.389484748783 29.396909393896 19.436704075607448 8.153217538075644 8.143402905446589
21859200.0 277.5819313769 277.3649096424 277.1271120882 276.3809111935 273.4374095553 272.4756168694 271.843403431 33.20429969865677 36.27293392925389 43.96189396826627 29.396909393896 19.56485107986539 8.153600991585193 8.143503584384618
21945600.0 277.4855424509 277.2901830764 277.0778687567 276.3614247611 273.4411317784 272.4872852336 271.8558682616 33.33496326744022 36.31657393391212 44.06279149215494 29.396909393896 19.695303734760135 8.153972306708118 8.143606026252366
22032000.0 277.3827822902 277.2166325243 277.0278761281 276.3332005116 273.4436922515 272.4982577448 271.868216024 33.185252236767106 36.151532467720116 43.575119710185014 29.396909393896 19.82761870555696 8.154333822621167 8.143709504957924
22118400.0 276.9736523595 276.9038451296 276.7997283588 276.2314470441 273.4445188394 272.5087140334 271.8803970997 34.65905314379923 38.31033105221625 44.389484748783 29.396909393896 19.96112957397679 8.15469004573827 8.143813593655235
22204800.0 276.6405872235 276.6113158578 276.566227249 276.0946881601 273.4430786616 272.5188473999 271.8923963384 35.784458599078675 41.43739962064955 44.389484748783 29.396909393896 20.094400665934852 8.155046728602459 8.143918134653392
22291200.0 276.4425211654 276.4245792591 276.3787160468 275.9577950096 273.4394375489 272.5288215327 271.904223171 36.071893147667986 42.869579858004805 44.389484748783 29.396909393896 20.2261067035886 8.155409371857589 8.144023178894301
22377600.0 276.2115312686 276.2378526411 276.2010248723 275.8219460651 273.4340010927 272.5387595463 271.9159015176 35.88338071340086 42.70551581619557 44.389484748783 29.396909393896 20.355377726404384 8.155782680855289 8.144128914615191
22464000.0 276.0663502924 276.0957888174 276.0533187169 275.6966553476 273.427303903 272.5479564366 271.9273946701 35.42858126605543 41.306028635921564 44.389484748783 29.396909393896 20.47772441551947 8.156139324621588 8.144234980428099
22550400.0 275.7524756829 275.8063882171 275.8224584784 275.5425711053 273.4194291555 272.5555178179 271.9385731582 37.67675682465404 44.389484748783 44.389484748783 29.396909393896 20.58781901629512 8.156440956948902 8.144340106898046
22636800.0 275.6263257231 275.6674074154 275.6625295408 275.4033324732 273.4106944858 272.5619098002 271.9493366323 38.13523723957996 44.389484748783 44.389484748783 29.396909393896 20.686203183934136 8.156702096914929 8.144443212765543
22723200.0 275.5975610636 275.59240863 275.559698428 275.2917213021 273.4016769579 272.5676715772 271.9596587157 36.35152900995959 44.198287183117614 44.389484748783 29.396909393896 20.773818461646865 8.156942489491826 8.144543872707288
22809600.0 275.5442649331 275.5385570922 275.4865115506 275.2035671732 273.3929517571 272.5731106914 271.9695654371 35.757921105858124 42.307476288441855 44.389484748783 29.396909393896 20.85188483068306 8.157173903405964 8.144642166706397
22896000.0 275.4957590409 275.4677900389 275.4130224039 275.1263273802 273.3848483071 272.5783629804 271.9791035501 35.65496158643382 41.9861078945146 44.389484748783 29.396909393896 20.921431185775912 8.157401621473038 8.144738402586722
22982400.0 275.5152587203 275.4604379879 275.3804101271 275.0709938421 273.377630316 272.5834791082 271.9883203313 35.10075968381685 40.38778840604588 44.389484748783 29.396909393896 20.983546913845643 8.157627567027003 8.144832924039292
23068800.0 275.3553202011 275.3275434074 275.2824327542 275.0007516626 273.3711219171 272.5884807382 271.9972565442 35.837773694119946 42.02897799432178 44.389484748783 29.396909393896 21.039274630682883 8.157852505904385 8.144926036653796
23155200.0 275.3356450443 275.2983563044 275.232191751 274.9439392802 273.3652318583 272.5933642912 272.0059437275 35.16493323146952 40.55957904291738 44.389484748783 29.396909393896 21.08914577238981 8.158076103271446 8.145017973274339
23241600.0 275.3371521867 275.2820482066 275.2021472331 274.9011494973 273.3599955662 272.5981281332 272.0144056024 34.55828987815773 39.05375072371959 44.389484748783 29.396909393896 21.133973444207545 8.158298099406489 8.145108901527973
23328000.0 275.3507405719 275.2795917018 275.1872481185 274.8710379355 273.3554892848 272.6027730654 272.0226602773 33.83593264071378 37.480116602744225 44.389484748783 29.396909393896 21.174547433484122 8.15851834122217 8.145198941639244
23414400.0 275.3723118834 275.2847209418 275.1842195573 274.8519130002 273.3517675863 272.6073020085 272.0307220308 33.247756517322 36.33636519133053 44.154365226288974 29.396909393896 21.21173000029744 8.15873677706518 8.145288181775358
23500800.0 275.400590746 275.3003376917 275.199699814 274.8455694587 273.3488813204 272.6117194263 272.0386025811 32.97469350178083 35.89464686214492 42.74228408677634 29.396909393896 21.24643206066428 8.15895343707323 8.14537668932285
23587200.0 275.3669716318 275.275246257 275.1767513249 274.830872239 273.3466472825 272.6160324349 272.0463121004 33.02062892513227 35.82299876273794 42.512633277447264 29.396909393896 21.2793328959018 8.15916849548474 8.145464520509192
23673600.0 275.2042024326 275.162793161 275.093611929 274.7900931516 273.3445783688 272.6202450752 272.0538595024 33.31648803526799 36.04585018514367 43.05623706283197 29.396909393896 21.310594810515237 8.159381989028212 8.14555172252524
23760000.0 275.136634471 275.0986590977 275.0396706948 274.7494252928 273.3423933269 272.6243575008 272.0612522996 32.942516397272875 35.75935870499849 42.311489974324644 29.396909393896 21.340038287853154 8.159593762479146 8.14563833089716
23846400.0 275.1967348851 275.1168077188 275.0372447878 274.7281338989 273.3402177384 272.6283721832 272.068496985 32.6344193720361 35.316565648862785 40.98239994020867 29.396909393896 21.367680808188016 8.159803780067376 8.145724372934682
23932800.0 275.3201211438 275.192236941 275.0800961847 274.7325691674 273.3384351451 272.6322937295 272.0755994485 32.331778597305714 34.83090514659876 39.71015921253683 29.396909393896 21.39393775253056 8.160012125383021 8.145809872014228
24019200.0 275.3472821652 275.2249977616 275.1076939175 274.7428139768 273.3372573554 272.6361276912 272.0825652901 32.1214869544795 34.44765420796152 38.77178270623689 29.396909393896 21.41943847110639 8.160218945522333 8.145894850965433
24105600.0 275.3163324138 275.2142455643 275.1061705617 274.7454099627 273.3365902478 272.6398792072 272.0893999051 31.95903216124731 34.14938963032446 38.08809240226433 29.396909393896 21.44470074268979 8.160424380188244 8.14597933294719
24192000.0 275.2657372903 275.1840653053 275.0890282208 274.7393516146 273.3361900788 272.6435512322 272.0961083167 31.6152947198326 33.7025866635473 37.16939550212315 29.396909393896 21.469958096911057 8.160628460988313 8.146063339189942
24278400.0 275.0811077539 275.0548550588 274.9951242153 274.7000682133 273.3355324245 272.6471512247 272.1026955512 31.851147591429346 33.765216957442036 37.21348930147829 29.396909393896 21.495017219088428 8.160831482550122 8.146146893531645
24364800.0 274.9504295913 274.9453392466 274.9064321813 274.6479870605 273.3342398833 272.650678762 272.1091661007 31.419023087114695 33.375231413620284 36.51638167297116 29.396909393896 21.519112357554263 8.161033307434304 8.146230015500665
24451200.0 274.7578765469 274.7931486159 274.7836226884 274.5763128291 273.3320387207 272.654135989 272.1155239963 31.132907765167833 32.98784205618842 35.811647114856875 29.374096877836855 21.54134974322388 8.161233944615734 8.146312720868442
24537600.0 274.5489615055 274.6173758634 274.6354859988 274.4857556874 273.328741149 272.6575257053 272.12177302 30.848640208791018 32.61596354302701 35.17712632486097 29.28806485655378 21.560623909249887 8.16143344679131 8.146395024118837
24624000.0 274.3931428184 274.4652266276 274.4942427609 274.3880949137 273.3243418495 272.6608502413 272.1279166863 30.595450565284597 32.28276162839709 34.63492787501632 29.14654269334012 21.5758318666739 8.16163184557741 8.146476938024804
24710400.0 274.2299714124 274.3122258618 274.352382622 274.2850361014 273.3189411266 272.6641114885 272.1339582759 30.43070110515726 32.0292582128683 34.22256026678368 28.98689107673025 21.585985707097922 8.161829151574558 8.146558473904154
24796800.0 274.081284756 274.1673251586 274.2146377025 274.1793871763 273.3126883712 272.6673110171 272.1399008736 30.406078506938858 31.896815124506666 33.97755221265783 28.867202432980157 21.59025974707233 8.16202535990287 8.146639641989951
24883200.0 273.9048668413 274.0082415388 274.0693793528 274.0689686389 273.3057091913 272.6704488754 272.1457472116 30.306266018548133 31.760243711004332 33.76357005972375 28.747707686967175 21.587939281786614 8.162220373831811 8.146720449096401
24969600.0 273.7459418143 273.8555451094 273.9254564891 273.9557548222 273.298112754 272.6735256957 272.1514997385 30.41552455475394 31.76169382971503 33.705734797428754 28.71077869320842 21.578456310213223 8.162414132080588 8.146800899344948
25056000.0 273.6511609102 273.7459144988 273.8110856954 273.8537965687 273.2901534911 272.6765392856 272.1571604505 30.047044904924213 31.517976213378027 33.43512250753594 28.537088871559668 21.561440713906865 8.162606392415727 8.14688099152738
25142400.0 273.5733740386 273.6565597662 273.7158151792 273.7630893513 273.2821341903 272.6794892182 272.1627310416 29.8587194783095 31.308262698419924 33.15272663351277 28.32142578109044 21.536902535501458 8.162797018647224 8.146960720931371
25228800.0 273.4915065573 273.5713185791 273.6285086183 273.6803988965 273.2742899238 272.6823757805 272.1682130086 29.66894921479122 31.104322046198497 32.882838702720086 28.063594030156796 21.505078097836375 8.16298591871866 8.147040080633952
25315200.0 273.2920308229 273.420292198 273.5050521341 273.5880794339 273.266573949 272.6852150629 272.1736287618 29.58188439738268 30.95446491551756 32.66105292977906 27.80401759965462 21.46795037553757 8.163174053794322 8.14711937217392
25401600.0 273.2217680682 273.311185237 273.3875206276 273.4881793245 273.2588387598 272.6879999659 272.1789673244 28.971582420514615 30.77757520944707 32.4521695670738 27.526614647053606 21.424510819208262 8.16336087132696 8.14719841436636
25488000.0 273.216017536 273.2764109311 273.3321536486 273.4154187431 273.2510701364 272.6907141775 272.1842114519 27.446589391079623 30.527604106449953 32.19322870859698 27.143095267874692 21.3731765937206 8.163545164873296 8.147276924033788
25574400.0 273.199045231 273.2467676085 273.2934030376 273.3631462447 273.2439041076 272.69334862 272.1893518012 24.35376178461573 30.136659613823706 31.832698697460476 26.54356740600386 21.313742471118925 8.163726173941162 8.147354726479188
25660800.0 273.1518487037 273.2239914243 273.2610526503 273.318716037 273.2372634218 272.6959335584 272.1944295202 20.05319471026879 29.666242006589012 31.440461203428356 25.81296588692948 21.249923527218733 8.163905858898737 8.147432417166359
25747200.0 272.8326511698 273.2196820864 273.2458807009 273.2878630032 273.2314092376 272.6984580499 272.1994304533 13.751084527862336 28.37754415989685 30.837904826323488 24.77455630678638 21.181277125738237 8.164083362470407 8.1475097584742
25833600.0 271.8641563841 273.2071924445 273.229553514 273.2642801381 273.229802367 272.7009117668 272.2043417471 11.256121614710588 25.642491570398885 30.322380533310636 23.690931693431956 21.10479093969659 8.16425783562052 8.147586523546764
25920000.0 271.5767305003 273.1824269365 273.2250681362 273.2472946811 273.2290468553 272.7033145666 272.2091893087 10.939371519302805 22.39822086515954 30.02863940778468 22.870658181256264 21.024515815397127 8.164430578321557 8.147663092145082
26006400.0 271.6737384917 273.1375614538 273.224386134 273.2393270246 273.2283879058 272.7056439408 272.2139425327 11.038217773065345 19.263804652373707 29.79699221559001 22.354710352728247 20.94102892614409 8.164599856881974 8.147738954176926
26092800.0 271.6836197485 273.0547232094 273.2230699505 273.234455174 273.2277935923 272.707899745 272.2185989273 11.04870612400192 16.37803600317561 29.369995378417645 21.965567804655777 20.85596714610158 8.16476551892583 8.14781403471839
26179200.0 271.6213201187 272.8764559451 273.2203847634 273.2314092111 273.2272469823 272.7100980962 272.2231786606 10.983904299953462 14.049458392375335 28.57193118629813 21.63767923706321 20.770860353914145 8.164928624967207 8.14788862791789
26265600.0 271.5438748712 272.613361546 273.2150740156 273.2304205654 273.2267254861 272.7122406331 272.2276831071 10.907481831856828 12.749768809515595 27.226937402692734 21.370863082711814 20.68600442110259 8.165089193737817 8.147962730112571
26352000.0 271.4447141126 272.4083766218 273.2058421577 273.2298345526 273.2262163862 272.7143287491 272.2321136959 10.815630356245682 12.17283693857377 25.40816231933512 21.13892257539887 20.60149659839029 8.165247230211614 8.148036339200555
26438400.0 271.2995259381 272.2749530101 273.1904062373 273.2293733922 273.2257118869 272.7163634497 272.2364716437 10.69173566626951 11.888910916890138 23.24877713408358 20.902440773153256 20.517373252188232 8.165402713681422 8.148109450157909
26524800.0 271.1197650709 272.169500989 273.1638607911 273.2289032851 273.2252067059 272.7183455992 272.2407582102 10.553068857389139 11.697855911308777 20.843165582004197 20.62938774684916 20.433643102272352 8.165555615558741 8.148182059248287
26611200.0 270.9503500786 272.0751445834 273.1165583537 273.2284582788 273.2246969777 272.7202758873 272.2449746102 10.434805978406995 11.546044978606309 18.315049330208055 20.296807281214377 20.350303965589934 8.165705896228296 8.148254162553078
26697600.0 270.746704316 271.9551562685 273.0278688974 273.2278539115 273.2241797089 272.7221561563 272.2491220923 10.305870319669612 11.373870947295845 15.79585159298312 19.867408425261882 20.267354604419396 8.165853609265957 8.148325757297217
26784000.0 270.5882448363 271.7988615684 272.8316018736 273.2269174016 273.2236524807 272.7239873421 272.253201854 10.213994722865724 11.177421917439853 13.744532154527718 19.260419008546865 20.1848024003041 8.165998741531304 8.148396840417545
26870400.0 270.5165466475 271.6271635301 272.5526380707 273.2253799216 273.223113203 272.7257694517 272.257215007 10.174560435393902 10.989851466782241 12.555355261617892 18.41503365998218 20.102658745263728 8.166141208226012 8.148467407901384
26956800.0 270.3205559014 271.4106069912 272.3005979517 273.2227638017 273.2225599327 272.7275022428 272.2611625121 10.072805461410507 10.785456797179613 11.939419394543455 17.338195217993896 20.020928786547184 8.166280904817611 8.148537453575381
27043200.0 270.1150731109 271.2063131498 272.1077415093 273.2177937262 273.2219895833 272.7291965822 272.2650598308 9.974528363091723 10.617978425734554 11.596685669825028 16.11327119246173 19.93952488582362 8.16641863335668 8.148607232484187
27129600.0 269.9193379325 271.0386662835 271.9737852399 273.201342378 273.22140124 272.7308408141 272.2688926841 9.887822803264338 10.49508719931031 11.399256017932029 14.779328329787875 19.85851304496932 8.166553371924334 8.148676469766695
27216000.0 269.6812007579 270.7547589603 271.5916093204 272.8362259593 273.2207645962 272.7324343757 272.2726617523 9.790186469346306 10.310726373036827 10.954067305596258 13.840690733643967 19.77038837663464 8.166684988490235 8.148745155072254
27302400.0 269.3865323947 270.3451570124 271.0874772589 272.581519443 273.220082664 272.7339774123 272.2763677502 9.679592514319316 10.085123008699243 10.529669019295154 13.040947275011069 19.674958628874304 8.166813409691459 8.148813278976215
27388800.0 269.1603836174 270.0794853517 270.8163517932 272.4814829103 273.2193644343 272.7354569158 272.2799964767 9.601304338422896 9.958290860452378 10.34849602084598 12.041901068873596 19.5733406513424 8.166937456729574 8.148880554649994
27475200.0 269.039194114 269.9302636127 270.6672123657 272.4289053196 273.2186018146 272.7368846821 272.2835629071 9.561436248394742 9.892500619853045 10.258932392542366 10.981436747963862 19.46266073044116 8.167058023079546 8.148947234048622
27561600.0 268.9777770522 269.8480896911 270.5821754769 272.3939877706 273.2177920077 272.7382719269 272.2870815341 9.541747712265728 9.857760067225597 10.210607358283815 9.913622723987226 19.341616798434448 8.167175982526292 8.149013569271172
27648000.0 268.9044790645 269.7814172942 270.5194947112 272.3552084446 273.2169368128 272.7396053735 272.2905382511 9.518684994006625 9.830300244838671 10.176157281442375 8.86753570710162 19.20888232492444 8.16729013222765 8.149079275467477
27734400.0 268.6759476932 269.5911216565 270.3242241916 271.9617274183 273.2160532649 272.7408834468 272.2939330944 9.449634704397335 9.755258499369258 10.074634262745079 8.151326843223284 19.070959781620285 8.167400252277101 8.149144331039624
27820800.0 268.2701532618 269.1735713055 269.864784414 271.3372425703 273.2151865342 272.7421051821 272.297266411 9.336541161108862 9.605727139601244 9.86473651112152 8.141655765527249 18.950810312018486 8.167506174565478 8.149208720371973
27907200.0 268.0176885645 268.8752405691 269.5528787064 271.1075536109 273.2142912266 272.7432542705 272.3005228355 9.271541324735365 9.509613565610614 9.740737972584988 8.14059253116474 18.82784234753258 8.167606389308672 8.149272120877544
27993600.0 267.7218524277 268.5991330755 269.2977901781 270.9530836414 273.2133490546 272.7443436044 272.3037167276 9.19993066128025 9.427337568696379 9.648238683398624 8.140056672215238 18.69502313318339 8.167701926080515 8.149334786148772
28080000.0 267.3322741732 268.2746467377 269.0211243158 270.796200909 273.2123574852 272.7453715359 272.3068477512 9.112237083998973 9.337733096606888 9.555608428515171 8.13959044638939 18.550223327991468 8.167792557701697 8.149396686794628
28166400.0 267.0196439149 267.9888695307 268.7660469827 270.6419633805 273.2113109403 272.7463505877 272.309930142 9.046646567791592 9.26435768294062 9.476359670680724 8.139176971150892 18.393157759779236 8.16787931633886 8.149458084562252
28252800.0 266.7613787182 267.7469254315 268.5437863426 270.4903417598 273.2102132433 272.7472633138 272.3129488774 8.995319710291952 9.205822618607472 9.41154030683316 8.138797337020097 18.221403160954786 8.167960584056663 8.14951866031292
28339200.0 266.5076548341 267.4832086743 268.26164383 270.071474124 273.2091127901 272.7481072447 272.3159031125 8.947184735338597 9.145381708463715 9.334287434537844 8.137783958848763 18.066320615194353 8.168036060530401 8.14957837368761
28425600.0 266.244379289 267.158293145 267.8813994724 269.5557341773 273.2080338309 272.748881507 272.3187929588 8.899439865133775 9.075245781270821 9.237972768133488 8.137003225496015 17.94837983368388 8.168105590453264 8.14963720343824
28512000.0 266.0088600111 266.8964641329 267.6051179488 269.3000468711 273.2069122311 272.7495674217 272.3215999721 8.85848320885474 9.021859894593943 9.172907909350258 8.136730753500586 17.8162740050706 8.168167415155143 8.149694746756598
28598400.0 265.7375864418 266.6399039467 267.3612478131 269.1126577189 273.2057418177 272.7501833509 272.3243399796 8.813206793751455 8.972003035538089 9.11852176944001 8.1365602963387 17.670004616688203 8.168223115645924 8.149751300419181
28684800.0 265.46541749 266.391177313 267.1328150844 268.9484891785 273.2045239018 272.7507298735 272.3270126975 8.769671934922965 8.925795884676834 9.069933275989994 8.136425421977902 17.50682723284842 8.168272685872783 8.149806834370592
28771200.0 265.1564463016 266.1213059015 266.8920516349 268.7794017861 273.2032466134 272.7512225589 272.3296335867 8.722367427476572 8.877838969898422 9.020982514685914 8.136297372627006 17.324360224932363 8.16831749148678 8.149861648953172
28857600.0 264.8829316229 265.8680372365 266.6584005677 268.6043271853 273.2019168455 272.7516450359 272.3321868878 8.68222837628311 8.834735288600813 8.975520707885021 8.136173239970391 17.110725342507507 8.168356002028965 8.149915393717546
28944000.0 264.6236530264 265.6125763582 266.4026886208 268.3129513686 273.2003078448 272.7519994547 272.3346725085 8.645576372261017 8.792984485822672 8.92789062087102 8.135970831116605 16.666137943414377 8.16838837295019 8.149968042864986
29030400.0 264.3578810462 265.3091403682 266.0628104891 267.8539809587 273.1980806916 272.7522910495 272.3370917768 8.60932524976003 8.74547511995867 8.86772548691764 8.135701781718085 15.672115861671477 8.16841504983705 8.15001960115485
29116800.0 264.0677117342 265.0045462215 265.7461157937 267.526852121 273.1955448885 272.7525147601 272.3394288862 8.57117141816479 8.699882475084896 8.814600938151967 8.135546631221194 14.453245218119017 8.168435543251581 8.150069705879256
29203200.0 263.8327449882 264.754212685 265.4893360823 267.2857468077 273.1925575567 272.7526882216 272.3417021803 8.541298902431903 8.663868289910514 8.773425647702522 8.135445607733747 13.147479758008393 8.168451449672322 8.1501187253168
29289600.0 263.7390996632 264.6211705526 265.3373107336 267.1329463229 273.1886029505 272.7528039142 272.3439126194 8.529636259370388 8.64523172341909 8.749795261877486 8.135385816360236 11.791296357640105 8.16846206654253 8.150166659149999
29376000.0 263.6449106554 264.5140547486 265.2226366856 267.0213054057 273.1822141926 272.7528624896 272.3460745577 8.518041108740416 8.63047044855529 8.732320813299742 8.13534416086907 10.413315836235407 8.168467444283788 8.150213800665936
29462400.0 263.4797627297 264.3721060828 265.0933955229 266.9144128846 273.1634835865 272.7527919678 272.3481695343 8.49802923454409 8.611233138911839 8.712974679487463 8.135306171601705 9.02918281512404 8.168460969955497 8.15025972881562
29548800.0 263.4417459812 264.2937571857 264.9901300353 266.7519565839 272.5445098769 272.7501679285 272.3501110739 8.493478741060231 8.600769100371274 8.697773834834548 8.135247088473232 8.173778243199683 8.168221718813557 8.150302511710596
29635200.0 263.4733572814 264.2458423651 264.8786981335 266.4648324375 271.4625944679 272.6853840966 272.3489516256 8.497261066467138 8.594422565747209 8.681619261558351 8.135148732035091 8.141695774779727 8.16318532800882 8.150276937251933
29721600.0 263.4995606102 264.1961280851 264.7651437352 266.186373456 270.7456769082 272.4991171195 272.3286800624 8.50040722188262 8.58787946209557 8.665414730922238 8.135063401191118 8.138889262443357 8.154362660510115 8.149841665281048
29808000.0 263.5348959298 264.1601757141 264.6713520269 265.9524229359 270.1780736693 272.2603136965 272.2857386701 8.504665581460095 8.5831738481945 8.652221267118055 8.134997916909144 8.137717640388328 8.148522369621373 8.148988187967845
29894400.0 263.5257315198 264.1043915697 264.5742065997 265.7485949183 269.7108451113 272.00152351 272.2200664507 8.503559408080136 8.575915647694915 8.63873343671406 8.134945097221413 8.137063957129673 8.144971041046757 8.147837855874823
29980800.0 263.4018700635 263.972209089 264.4256113701 265.5379500254 269.3122435605 271.7397726944 272.1347398051 8.488727907147153 8.558922610558898 8.618441645622953 8.134894520123952 8.136639898236538 8.142723186227192 8.146569093361292
30067200.0 263.1278792568 263.7249218324 264.1863818659 265.2837116973 268.9567145721 271.4827166231 272.0338648497 8.456683504790785 8.527882297690581 8.58660166685812 8.134838069773865 8.136333780763962 8.141212464407898 8.145323326774152
30153600.0 262.7880383658 263.4098411281 263.8836436922 264.9878833806 268.6256463155 271.2329586096 271.9213189356 8.418324156970158 8.489675775151053 8.547695115618849 8.13477730141465 8.136094492890583 8.14013847421893 8.144178658324972
30240000.0 262.5423579415 263.145390716 263.6096093111 264.7010233936 268.3118365536 270.9908144351 271.8002621778 8.391493047966861 8.458700929430721 8.513729677525552 8.13472245885209 8.135899376716251 8.139338067346154 8.14316388391215
30326400.0 262.3429552757 262.9219285396 263.3709663968 264.438505894 268.0140306236 270.7558859202 271.6730946034 8.370242038977764 8.433259847348111 8.48506153759028 8.134675449269482 8.135737123308713 8.138718666663284 8.142279885742814
30412800.0 262.2641845042 262.7925436327 263.2105682516 264.2298410001 267.7358657342 270.5280590343 271.5416267853 8.361972544709918 8.418823071278942 8.466246001489907 8.13463993994303 8.135602160595504 8.138225682206588 8.141515292710256
30499200.0 262.2115630687 262.702488819 263.0940087617 264.0634644244 267.4799261462 270.3076124624 271.4072744533 8.356486952669776 8.408897975251714 8.45279302364523 8.134612766595286 8.135489960320795 8.137825102301619 8.14085501451367
30585600.0 262.3138193225 262.7328448541 263.0788621604 263.9710517598 267.2515987829 270.0953450803 271.271230518 8.367175146278525 8.412232413087951 8.451058159196233 8.134597854986538 8.13539818961347 8.137494908745552 8.14028419655374
30672000.0 262.4766042254 262.8328911351 263.1352598749 263.9439270622 267.054975197 269.8925111577 271.1345913443 8.384434458213267 8.423302444232183 8.457533296114685 8.134593214481551 8.135324679207972 8.137220252627369 8.139789705464283
30758400.0 262.5073953752 262.8601412484 263.1510844855 263.9157879659 266.8852086035 269.7001684425 270.9983902223 8.3877335383201 8.426339287651716 8.45935777008707 8.13458863784135 8.135264976345614 8.136990128338008 8.139360320800684
30844800.0 262.5294660805 262.8719332788 263.1524850312 263.8844806751 266.7360088636 269.5187189064 270.8635549805 8.390105116358585 8.427656331081696 8.459519405495692 8.13458368986821 8.135215197635874 8.136795754435637 8.138986455378284
30931200.0 262.5794355104 262.9009277852 263.1661132343 263.8628614176 266.6037950906 269.3480644969 270.7308649205 8.395495763734239 8.430902192049324 8.461093596531661 8.134580247922253 8.135173045842569 8.136630157838121 8.138659893778035
31017600.0 262.5853885053 262.9032087851 263.1621354763 263.835905338 266.484662137 269.1877122437 270.6009240039 8.396139941806217 8.43115799708203 8.460633868492076 8.134576075424883 8.135136560785659 8.136487775674226 8.138373590760153
31104000.0 262.6082738563 262.9132174836 263.1623368828 263.8120792369 266.3762899411 269.0369849016 270.4741662177 8.398620320238523 8.432281215797747 8.460657140864656 8.134572403480448 8.135104536692111 8.136364232190472 8.13812153860761
31190400.0 262.6672703817 262.950093591 263.1840992564 263.8030553065 266.2785647805 268.8952979927 270.3508894586 8.405043521317772 8.436430655578127 8.463174986050689 8.13457093449043 8.135076548412064 8.136256215701545 8.137898669722423
31276800.0 262.5636103007 262.8794788722 263.1278602743 263.7538813003 266.1853856886 268.7617447629 270.2312574472 8.39378535573401 8.428500015202628 8.456681320122343 8.134563653381598 8.135050663816006 8.13616089493525 8.13770069071831
31363200.0 262.4754394426 262.7994026697 263.0531034956 263.6847211304 266.0925933202 268.6351550043 270.1152931631 8.384309876394367 8.41958312740838 8.448114762003108 8.134553559244292 8.13502564335974 8.136075839205196 8.137523930165282
31449600.0 262.4129059866 262.7328993859 262.9847473222 263.6136219178 265.9995731131 268.5143620239 270.0028966943 8.37764459608372 8.412238413258994 8.440345952984735 8.134543317070031 8.135001267439531 8.135999083836552 8.137365248764448
31536000.0 262.3953097134 262.6993402709 262.9418064738 263.5562242875 265.9084258329 268.3984944247 269.893891402 8.375777193622135 8.40855277022286 8.435496639863372 8.134535124360102 8.13497801400503 8.135929188401338 8.137221995884673
