single point
       alpha_p                      0.002601696514773000    1.000000000000000    0.000000000000000
       alpha_m                      0.0004562290000000000    1.000000000000000    0.000000000000000
           n_p                      1.159719816170000    1.000000000000000    0.000000000000000
           n_m                      2.043382410742000    1.000000000000000    0.000000000000000
          wr_p                      0.02400000000000000    1.000000000000000    0.000000000000000
          wr_m                      0.2578348191282000    1.000000000000000    0.000000000000000
         tcs_p                      0.7692590000000000    1.000000000000000    0.000000000000000
         tcs_m                      0.2759841822310400    1.000000000000000    0.000000000000000
         tcd_p                      0.1375295972936900    1.000000000000000    0.000000000000000
         tcd_m                      1.083634527934080    1.000000000000000    0.000000000000000
          af_p                      0.9820414794552000    1.000000000000000    0.000000000000000
          af_m                      1.616392377500400    1.000000000000000    0.000000000000000
         auf_p                      0.1217340000000000    1.000000000000000    0.000000000000000
         auf_m                      1.055203246641360    1.000000000000000    0.000000000000000
         por_p                      0.4454771194453500    1.000000000000000    0.000000000000000
         por_m                      0.3062172035502100    1.000000000000000    0.000000000000000
        perm_p                      9.356590000000000e-11    1.000000000000000    0.000000000000000
        perm_m                      1.750000000000000e-13    1.000000000000000    0.000000000000000
         den_p                      900.0000000000000    1.000000000000000    0.000000000000000
         den_m                      1900.000000000000    1.000000000000000    0.000000000000000
     albedo_bg                      0.1495524853165243    1.000000000000000    0.000000000000000
          e_bg                      0.8726422010331000    1.000000000000000    0.000000000000000
         pen_w                      0.002500000000000000    1.000000000000000    0.000000000000000
         pen_s                      0.03500000000000000    1.000000000000000    0.000000000000000
          z_bg                      0.04400034815400000    1.000000000000000    0.000000000000000
           z_s                      0.008750000000000001    1.000000000000000    0.000000000000000
