single point
       alpha_p                      0.002500000000000000    1.000000000000000    0.000000000000000
       alpha_m                      0.001461175936643000    1.000000000000000    0.000000000000000
           n_p                      1.468489014728000    1.000000000000000    0.000000000000000
           n_m                      2.056420274258000    1.000000000000000    0.000000000000000
          wr_p                      0.1273594677415000    1.000000000000000    0.000000000000000
          wr_m                      0.1720499732556000    1.000000000000000    0.000000000000000
         tcs_p                      0.4680763998489300    1.000000000000000    0.000000000000000
         tcs_m                      0.8921334151325701    1.000000000000000    0.000000000000000
         tcd_p                      0.1402227015305200    1.000000000000000    0.000000000000000
         tcd_m                      0.9726330403106600    1.000000000000000    0.000000000000000
          af_p                      1.442698587402800    1.000000000000000    0.000000000000000
          af_m                      1.500726321114500    1.000000000000000    0.000000000000000
         auf_p                      0.4542038136992900    1.000000000000000    0.000000000000000
         auf_m                      0.7009792542349100    1.000000000000000    0.000000000000000
         por_p                      0.5514111318881600    1.000000000000000    0.000000000000000
         por_m                      0.4348018577098700    1.000000000000000    0.000000000000000
        perm_p                      2.627606549720000e-11    1.000000000000000    0.000000000000000
        perm_m                      1.750000000000000e-13    1.000000000000000    0.000000000000000
         den_p                      900.0000000000000    1.000000000000000    0.000000000000000
         den_m                      1900.000000000000    1.000000000000000    0.000000000000000
     albedo_bg                      0.5518318837590138    1.000000000000000    0.000000000000000
          e_bg                      0.7654011799935000    1.000000000000000    0.000000000000000
         pen_w                      0.008648623504400000    1.000000000000000    0.000000000000000
         pen_s                      0.03500000000000000    1.000000000000000    0.000000000000000
          z_bg                      0.03497126540360000    1.000000000000000    0.000000000000000
           z_s                      0.008750000000000001    1.000000000000000    0.000000000000000
