single point
       alpha_p                      0.002500000000000000    1.000000000000000    0.000000000000000
       alpha_m                      0.003193600000000000    1.000000000000000    0.000000000000000
           n_p                      1.969271737134000    1.000000000000000    0.000000000000000
           n_m                      2.053212618950000    1.000000000000000    0.000000000000000
          wr_p                      0.2252005479551000    1.000000000000000    0.000000000000000
          wr_m                      0.2053986083801000    1.000000000000000    0.000000000000000
         tcs_p                      0.5236215116191600    1.000000000000000    0.000000000000000
         tcs_m                      0.9401387520019200    1.000000000000000    0.000000000000000
         tcd_p                      0.1607247497037100    1.000000000000000    0.000000000000000
         tcd_m                      0.9767366610555500    1.000000000000000    0.000000000000000
          af_p                      1.498094777543000    1.000000000000000    0.000000000000000
          af_m                      1.499750862397200    1.000000000000000    0.000000000000000
         auf_p                      0.4512087605310900    1.000000000000000    0.000000000000000
         auf_m                      0.6987730320125700    1.000000000000000    0.000000000000000
         por_p                      0.6959709311856100    1.000000000000000    0.000000000000000
         por_m                      0.4595172338019300    1.000000000000000    0.000000000000000
        perm_p                      1.336655531800000e-11    1.000000000000000    0.000000000000000
        perm_m                      2.500000000000000e-14    1.000000000000000    0.000000000000000
         den_p                      900.0000000000000    1.000000000000000    0.000000000000000
         den_m                      1900.000000000000    1.000000000000000    0.000000000000000
