single point
       alpha_p                      0.002500000000000000    1.000000000000000    0.000000000000000
       alpha_m                      0.003193600118500000    1.000000000000000    0.000000000000000
           n_p                      2.026275149691000    1.000000000000000    0.000000000000000
           n_m                      2.048719841102000    1.000000000000000    0.000000000000000
          wr_p                      0.2340304709348000    1.000000000000000    0.000000000000000
          wr_m                      0.1738501022240000    1.000000000000000    0.000000000000000
         tcs_p                      0.4669359992613300    1.000000000000000    0.000000000000000
         tcs_m                      0.9481440048630601    1.000000000000000    0.000000000000000
         tcd_p                      0.1218868979438700    1.000000000000000    0.000000000000000
         tcd_m                      0.9815520895675700    1.000000000000000    0.000000000000000
          af_p                      1.502633785197700    1.000000000000000    0.000000000000000
          af_m                      1.499489267262500    1.000000000000000    0.000000000000000
         auf_p                      0.4753012075043700    1.000000000000000    0.000000000000000
         auf_m                      0.6988334136898500    1.000000000000000    0.000000000000000
         por_p                      0.6583625484693700    1.000000000000000    0.000000000000000
         por_m                      0.4811697136183200    1.000000000000000    0.000000000000000
        perm_p                      6.566171026540000e-11    1.000000000000000    0.000000000000000
        perm_m                      2.500000000000000e-14    1.000000000000000    0.000000000000000
         den_p                      900.0000000000000    1.000000000000000    0.000000000000000
         den_m                      1900.000000000000    1.000000000000000    0.000000000000000
