single point
       alpha_p                      0.002500000000000000    1.000000000000000    0.000000000000000
       alpha_m                      0.003193600000000000    1.000000000000000    0.000000000000000
           n_p                      2.014582967662000    1.000000000000000    0.000000000000000
           n_m                      2.049052584901000    1.000000000000000    0.000000000000000
          wr_p                      0.2344462083795000    1.000000000000000    0.000000000000000
          wr_m                      0.1820459649605000    1.000000000000000    0.000000000000000
         tcs_p                      0.4795539531760000    1.000000000000000    0.000000000000000
         tcs_m                      0.9464721573176800    1.000000000000000    0.000000000000000
         tcd_p                      0.1308818712467600    1.000000000000000    0.000000000000000
         tcd_m                      0.9803813581129101    1.000000000000000    0.000000000000000
          af_p                      1.501502714791700    1.000000000000000    0.000000000000000
          af_m                      1.499557348832100    1.000000000000000    0.000000000000000
         auf_p                      0.4699856792019600    1.000000000000000    0.000000000000000
         auf_m                      0.6988143338705600    1.000000000000000    0.000000000000000
         por_p                      0.6667519117252400    1.000000000000000    0.000000000000000
         por_m                      0.4781268651528500    1.000000000000000    0.000000000000000
        perm_p                      1.336660000000000e-11    1.000000000000000    0.000000000000000
        perm_m                      2.500000000000000e-14    1.000000000000000    0.000000000000000
         den_p                      900.0000000000000    1.000000000000000    0.000000000000000
         den_m                      1900.000000000000    1.000000000000000    0.000000000000000
