single point
       alpha_p                      0.002500000000000000    1.000000000000000    0.000000000000000
       alpha_m                      0.002430880280288000    1.000000000000000    0.000000000000000
           n_p                      2.048854217763000    1.000000000000000    0.000000000000000
           n_m                      2.050023863631000    1.000000000000000    0.000000000000000
          wr_p                      0.2276146503281000    1.000000000000000    0.000000000000000
          wr_m                      0.1611785572738000    1.000000000000000    0.000000000000000
         tcs_p                      0.4429884675619600    1.000000000000000    0.000000000000000
         tcs_m                      0.9516648113697900    1.000000000000000    0.000000000000000
         tcd_p                      0.1042745927491400    1.000000000000000    0.000000000000000
         tcd_m                      0.9840157113087300    1.000000000000000    0.000000000000000
          af_p                      1.504936440920400    1.000000000000000    0.000000000000000
          af_m                      1.499396504315600    1.000000000000000    0.000000000000000
         auf_p                      0.4853669486238900    1.000000000000000    0.000000000000000
         auf_m                      0.6988824835291400    1.000000000000000    0.000000000000000
         por_p                      0.6394230435240500    1.000000000000000    0.000000000000000
         por_m                      0.4819711045432600    1.000000000000000    0.000000000000000
        perm_p                      9.356588722600000e-11    1.000000000000000    0.000000000000000
        perm_m                      2.500000000000000e-14    1.000000000000000    0.000000000000000
         den_p                      900.0000000000000    1.000000000000000    0.000000000000000
         den_m                      1900.000000000000    1.000000000000000    0.000000000000000
