single point
       alpha_p                      0.002500000000000000    1.000000000000000    0.000000000000000
       alpha_m                      0.003193600000000000    1.000000000000000    0.000000000000000
           n_p                      1.989089210700000    1.000000000000000    0.000000000000000
           n_m                      2.051147998835000    1.000000000000000    0.000000000000000
          wr_p                      0.2304498073003000    1.000000000000000    0.000000000000000
          wr_m                      0.1957193140536000    1.000000000000000    0.000000000000000
         tcs_p                      0.5047409447744600    1.000000000000000    0.000000000000000
         tcs_m                      0.9429193624081200    1.000000000000000    0.000000000000000
         tcd_p                      0.1483339405108400    1.000000000000000    0.000000000000000
         tcd_m                      0.9781517430049700    1.000000000000000    0.000000000000000
          af_p                      1.499432027654300    1.000000000000000    0.000000000000000
          af_m                      1.499665400929200    1.000000000000000    0.000000000000000
         auf_p                      0.4592008306841700    1.000000000000000    0.000000000000000
         auf_m                      0.6987800884398500    1.000000000000000    0.000000000000000
         por_p                      0.6836790011212600    1.000000000000000    0.000000000000000
         por_m                      0.4687073863583200    1.000000000000000    0.000000000000000
        perm_p                      1.336655531800000e-11    1.000000000000000    0.000000000000000
        perm_m                      2.500000000000000e-14    1.000000000000000    0.000000000000000
         den_p                      900.0000000000000    1.000000000000000    0.000000000000000
         den_m                      1900.000000000000    1.000000000000000    0.000000000000000
