single point
       alpha_p                      0.002500000000000000    1.000000000000000    0.000000000000000
       alpha_m                      0.003193600000000000    1.000000000000000    0.000000000000000
           n_p                      2.005717079406000    1.000000000000000    0.000000000000000
           n_m                      2.049715632698000    1.000000000000000    0.000000000000000
          wr_p                      0.2339298981559000    1.000000000000000    0.000000000000000
          wr_m                      0.1870139964230000    1.000000000000000    0.000000000000000
         tcs_p                      0.4887063805844500    1.000000000000000    0.000000000000000
         tcs_m                      0.9452171016815299    1.000000000000000    0.000000000000000
         tcd_p                      0.1374156798296100    1.000000000000000    0.000000000000000
         tcd_m                      0.9795692709504999    1.000000000000000    0.000000000000000
          af_p                      1.500684430830000    1.000000000000000    0.000000000000000
          af_m                      1.499598780657900    1.000000000000000    0.000000000000000
         auf_p                      0.4660053812430400    1.000000000000000    0.000000000000000
         auf_m                      0.6987819167006800    1.000000000000000    0.000000000000000
         por_p                      0.6727527860265800    1.000000000000000    0.000000000000000
         por_m                      0.4753860938181200    1.000000000000000    0.000000000000000
        perm_p                      1.364564790330000e-11    1.000000000000000    0.000000000000000
        perm_m                      2.500000000000000e-14    1.000000000000000    0.000000000000000
         den_p                      900.0000000000000    1.000000000000000    0.000000000000000
         den_m                      1900.000000000000    1.000000000000000    0.000000000000000
