single point
       alpha_p                      0.002500000000000000    1.000000000000000    0.000000000000000
       alpha_m                      0.003193600000000000    1.000000000000000    0.000000000000000
           n_p                      2.005013838834000    1.000000000000000    0.000000000000000
           n_m                      2.049780692492000    1.000000000000000    0.000000000000000
          wr_p                      0.2338142212387000    1.000000000000000    0.000000000000000
          wr_m                      0.1874010328407000    1.000000000000000    0.000000000000000
         tcs_p                      0.4894077921626500    1.000000000000000    0.000000000000000
         tcs_m                      0.9451160613938200    1.000000000000000    0.000000000000000
         tcd_p                      0.1379010728472100    1.000000000000000    0.000000000000000
         tcd_m                      0.9795029617213700    1.000000000000000    0.000000000000000
          af_p                      1.500624659330900    1.000000000000000    0.000000000000000
          af_m                      1.499598752312000    1.000000000000000    0.000000000000000
         auf_p                      0.4657018136027700    1.000000000000000    0.000000000000000
         auf_m                      0.6987784404083500    1.000000000000000    0.000000000000000
         por_p                      0.6732129371089800    1.000000000000000    0.000000000000000
         por_m                      0.4751151766979500    1.000000000000000    0.000000000000000
        perm_p                      1.336655531800000e-11    1.000000000000000    0.000000000000000
        perm_m                      2.500000000000000e-14    1.000000000000000    0.000000000000000
         den_p                      900.0000000000000    1.000000000000000    0.000000000000000
         den_m                      1900.000000000000    1.000000000000000    0.000000000000000
