single point
       alpha_p                      0.002500000000000000    1.000000000000000    0.000000000000000
       alpha_m                      0.002875567235823000    1.000000000000000    0.000000000000000
           n_p                      2.039598883818000    1.000000000000000    0.000000000000000
           n_m                      2.049566415519000    1.000000000000000    0.000000000000000
          wr_p                      0.2311229141361000    1.000000000000000    0.000000000000000
          wr_m                      0.1648547817361000    1.000000000000000    0.000000000000000
         tcs_p                      0.4525854554515500    1.000000000000000    0.000000000000000
         tcs_m                      0.9501883656044300    1.000000000000000    0.000000000000000
         tcd_p                      0.1112193833410900    1.000000000000000    0.000000000000000
         tcd_m                      0.9829300863811700    1.000000000000000    0.000000000000000
          af_p                      1.503913424370600    1.000000000000000    0.000000000000000
          af_m                      1.499404977040600    1.000000000000000    0.000000000000000
         auf_p                      0.4814384034702900    1.000000000000000    0.000000000000000
         auf_m                      0.6988334123994600    1.000000000000000    0.000000000000000
         por_p                      0.6476523414371500    1.000000000000000    0.000000000000000
         por_m                      0.4835238293122400    1.000000000000000    0.000000000000000
        perm_p                      9.356588722600000e-11    1.000000000000000    0.000000000000000
        perm_m                      2.500000000000000e-14    1.000000000000000    0.000000000000000
         den_p                      900.0000000000000    1.000000000000000    0.000000000000000
         den_m                      1900.000000000000    1.000000000000000    0.000000000000000
