single point
       alpha_p                      0.002500000000000000    1.000000000000000    0.000000000000000
       alpha_m                      0.003193600000000000    1.000000000000000    0.000000000000000
           n_p                      1.980406570261000    1.000000000000000    0.000000000000000
           n_m                      2.051992371608000    1.000000000000000    0.000000000000000
          wr_p                      0.2284336343924000    1.000000000000000    0.000000000000000
          wr_m                      0.1999236926298000    1.000000000000000    0.000000000000000
         tcs_p                      0.5128680327798500    1.000000000000000    0.000000000000000
         tcs_m                      0.9416146702825500    1.000000000000000    0.000000000000000
         tcd_p                      0.1540944970481800    1.000000000000000    0.000000000000000
         tcd_m                      0.9774396952556600    1.000000000000000    0.000000000000000
          af_p                      1.498783412924800    1.000000000000000    0.000000000000000
          af_m                      1.499711188754500    1.000000000000000    0.000000000000000
         auf_p                      0.4554588475962300    1.000000000000000    0.000000000000000
         auf_m                      0.6987800884229600    1.000000000000000    0.000000000000000
         por_p                      0.6891229497478600    1.000000000000000    0.000000000000000
         por_m                      0.4648542608111600    1.000000000000000    0.000000000000000
        perm_p                      1.336660000000000e-11    1.000000000000000    0.000000000000000
        perm_m                      2.500000000000000e-14    1.000000000000000    0.000000000000000
         den_p                      900.0000000000000    1.000000000000000    0.000000000000000
         den_m                      1900.000000000000    1.000000000000000    0.000000000000000
