single point
       alpha_p                      0.009634231005135999    1.000000000000000    0.000000000000000
       alpha_m                      0.001757951885594000    1.000000000000000    0.000000000000000
           n_p                      1.500901352404000    1.000000000000000    0.000000000000000
          wr_p                      0.1012361194511000    1.000000000000000    0.000000000000000
         por_p                      0.6377228651547800    1.000000000000000    0.000000000000000
         por_m                      0.4810778963111200    1.000000000000000    0.000000000000000
        perm_p                      8.668508893710000e-11    1.000000000000000    0.000000000000000
        perm_m                      2.500000000000000e-14    1.000000000000000    0.000000000000000
         pen_s                      0.01997232991415000    1.000000000000000    0.000000000000000
          z_bg                      0.04000807817300000    1.000000000000000    0.000000000000000
           z_s                      0.004857424770000000    1.000000000000000    0.000000000000000
          b_bc                      268.4500000000000    1.000000000000000    0.000000000000000
