single point
       alpha_p                      0.008755944381697999    1.000000000000000    0.000000000000000
       alpha_m                      0.001943423675156000    1.000000000000000    0.000000000000000
           n_p                      1.506538889582000    1.000000000000000    0.000000000000000
          wr_p                      0.1082417230318000    1.000000000000000    0.000000000000000
         por_p                      0.6398458426220700    1.000000000000000    0.000000000000000
         por_m                      0.4816398018091600    1.000000000000000    0.000000000000000
        perm_p                      9.356590000000000e-11    1.000000000000000    0.000000000000000
        perm_m                      2.500000000000000e-14    1.000000000000000    0.000000000000000
         pen_s                      0.01988032330384000    1.000000000000000    0.000000000000000
          z_bg                      0.03995802955430000    1.000000000000000    0.000000000000000
           z_s                      0.004867672390000000    1.000000000000000    0.000000000000000
          b_bc                      268.4500000000000    1.000000000000000    0.000000000000000
