single point
       alpha_p                      0.006874627640653000    1.000000000000000    0.000000000000000
       alpha_m                      0.002574916618000000    1.000000000000000    0.000000000000000
           n_p                      1.501145782474000    1.000000000000000    0.000000000000000
          wr_p                      0.1347121956653000    1.000000000000000    0.000000000000000
         por_p                      0.6466188077426700    1.000000000000000    0.000000000000000
         por_m                      0.4832109622167800    1.000000000000000    0.000000000000000
        perm_p                      9.356446034800000e-11    1.000000000000000    0.000000000000000
        perm_m                      7.194092821740000e-14    1.000000000000000    0.000000000000000
         pen_s                      0.02070556183667000    1.000000000000000    0.000000000000000
          z_bg                      0.04035426039810000    1.000000000000000    0.000000000000000
           z_s                      0.001250000000000000    1.000000000000000    0.000000000000000
          b_bc                      268.4500000000000    1.000000000000000    0.000000000000000
