single point
       alpha_p                      0.006939562559062000    1.000000000000000    0.000000000000000
       alpha_m                      0.002571619329951000    1.000000000000000    0.000000000000000
           n_p                      1.501174718420000    1.000000000000000    0.000000000000000
          wr_p                      0.1345585950103000    1.000000000000000    0.000000000000000
         por_p                      0.6465765875138200    1.000000000000000    0.000000000000000
         por_m                      0.4832060146548400    1.000000000000000    0.000000000000000
        perm_p                      9.356590000000000e-11    1.000000000000000    0.000000000000000
        perm_m                      2.500000000000000e-14    1.000000000000000    0.000000000000000
         pen_s                      0.02071000144788000    1.000000000000000    0.000000000000000
          z_bg                      0.04035459966650000    1.000000000000000    0.000000000000000
           z_s                      0.001250000000000000    1.000000000000000    0.000000000000000
          b_bc                      268.4500000000000    1.000000000000000    0.000000000000000
