single point
       alpha_p                      0.008755945165772000    1.000000000000000    0.000000000000000
       alpha_m                      0.001943424089380000    1.000000000000000    0.000000000000000
           n_p                      1.506538890052000    1.000000000000000    0.000000000000000
          wr_p                      0.1082417203250000    1.000000000000000    0.000000000000000
         por_p                      0.6398458420133800    1.000000000000000    0.000000000000000
         por_m                      0.4816398017630100    1.000000000000000    0.000000000000000
        perm_p                      9.356588722600000e-11    1.000000000000000    0.000000000000000
        perm_m                      3.721796354290000e-14    1.000000000000000    0.000000000000000
         pen_s                      0.01988032330384000    1.000000000000000    0.000000000000000
          z_bg                      0.03995802952400000    1.000000000000000    0.000000000000000
           z_s                      0.004867672660000000    1.000000000000000    0.000000000000000
          b_bc                      268.4500000000000    1.000000000000000    0.000000000000000
