0.0 260.3261719806 261.8234756267 262.9126019262 263.9717271956 266.0118884326 267.8743532559 269.0976014403 8.824266680219363 8.831520449429227 8.837774342374374 7.73580777501488 7.760577142492031 7.794772372437044 7.828983669518623
86400.0 262.7189816462 263.1215921526 263.623452682 264.2619084178 265.9025007051 267.6896911209 268.9293674308 8.836591018847278 8.83909002712254 8.842425148174991 7.738779274129735 7.758971049258959 7.79062491361297 7.823418488513812
172800.0 263.5997201545 263.8739288595 264.2051096807 264.6484561084 265.9475504849 267.5687120056 268.7815912769 8.842261511864452 8.844190436550143 8.846637793503463 7.7430039671132525 7.75960465097886 7.788019042441398 7.818795137020361
259200.0 264.2228884128 264.4209041537 264.6612975026 264.9929676529 266.0465603005 267.4957724863 268.6574168605 8.84677302628753 8.848307127404402 8.850241438191976 7.747023961143076 7.761043249390447 7.786488117341317 7.815086202417565
345600.0 264.6182774001 264.8054444752 265.0080649138 265.2803393637 266.1656490484 267.4597733315 268.557533322 8.849889264093097 8.851441308726693 8.853181641618438 7.750578221704746 7.762820157780809 7.785743303603721 7.81221157806459
432000.0 264.8551099243 265.0667760817 265.2633211518 265.5093976392 266.2849052466 267.4490618302 268.4795566362 8.85186196911389 8.853698141562754 8.85546909683401 7.753553801710133 7.764648240729598 7.785523035568661 7.810031206283613
518400.0 265.1173563866 265.3081081058 265.4864538572 265.7076786166 266.3990703249 267.4549229727 268.4199572858 8.854147657534098 8.855881957840937 8.857561848214212 7.756238943548246 7.76644454350708 7.7856434860435915 7.808400831298624
604800.0 265.2727046076 265.4822468774 265.6609782891 265.8715051649 266.5040997386 267.4709852453 268.3750898019 8.855555304221578 8.857521545989947 8.8592636504685 7.758539511040841 7.768138343376153 7.785974522938744 7.8071934546381145
691200.0 265.4182380224 265.6317742369 265.8086572433 266.0110626892 266.5992834918 267.4929032423 268.3416941277 8.856912424613322 8.858974746060703 8.860750949031555 7.760560983202303 7.769708625922129 7.786428495192205 7.806305669233482
777600.0 265.5478235039 265.7627778192 265.937162249 266.132626623 266.6853788448 267.5179093991 268.3170886398 8.858153567863075 8.860284105894067 8.862082227587159 7.762370344833352 7.7711587866056195 7.786949633010775 7.805657400374473
864000.0 265.7465986387 265.9230164667 266.0762439713 266.2538339764 266.7668580864 267.5449971085 268.2993422248 8.860120514064437 8.861933939672822 8.863563858297114 7.764221031173263 7.772557981226549 7.7875180446866095 7.805192879741675
950400.0 265.8016810423 266.0115816037 266.1744213716 266.3519977897 266.8408461185 267.5728925604 268.2869100228 8.86067968071755 8.862869615606801 8.864636372000634 7.765756170496275 7.773851963952109 7.788107688328372 7.8048689622593965
1036800.0 265.9451437028 266.1293729396 266.2799884021 266.4473485213 266.9098181186 267.601026945 268.2786231712 8.862166088951167 8.864141452965493 8.865815224527246 7.7672789035856145 7.775078769781264 7.788706838044096 7.804653733182076
1123200.0 266.0374464834 266.2240544871 266.3719245772 266.5336109253 266.9740340179 267.6290153712 268.2735932986 8.863146173138842 8.86518725354636 8.86686426877437 7.76868461355256 7.776239318105017 7.789307375150301 7.8045233606127065
1209600.0 266.2268467545 266.364136985 266.486466739 266.6289683989 267.0378389082 267.6573796444 268.2713260355 8.86521842140703 8.866774580469636 8.868201578149609 7.770270175349964 7.77741028270306 7.789920599569165 7.804464659231748
1296000.0 266.3547680902 266.4813826009 266.591943444 266.7214702246 267.1012301442 267.68648056 268.2715498244 8.866666885395924 8.868141488212977 8.86946396989474 7.771841712176298 7.778591826750902 7.790554653593854 7.8044704515153756
1382400.0 266.4194536806 266.5605181182 266.6738187829 266.8006500916 267.1612894774 267.715881356 268.2739357282 8.867415029900275 8.869084682946392 8.870465121744376 7.77321414029723 7.779728507782446 7.791200364797912 7.804532229930589
1468800.0 266.3796659553 266.5744266633 266.7125099991 266.8528833441 267.2126612591 267.744055484 268.277845641 8.866953578490257 8.869252215594345 8.870944873792224 7.7741340202019 7.780714526288797 7.79182402684899 7.804633566802625
1555200.0 266.4509746323 266.6295255013 266.7642783425 266.9040183038 267.2581460649 267.7703774174 268.2826592087 8.867783525601928 8.869921168059625 8.87159359648419 7.77504523483418 7.781598226768085 7.792411069177691 7.804758490593375
1641600.0 266.4659830057 266.6612218116 266.8030743887 266.9465496558 267.2981315005 267.7945625743 268.2878762646 8.867959898253197 8.870309854032644 8.872084964094853 7.775811742468058 7.782383539653447 7.792954231529642 7.804894093307731
1728000.0 266.4751122864 266.6835651118 266.8328062415 266.9810692136 267.3327011851 267.8164071792 268.2930960237 8.868067473508443 8.870585564817356 8.872464595710424 7.776439707725367 7.783068987585347 7.793447970972567 7.805029982783635
1814400.0 266.31401029 266.6117685063 266.8049601502 266.9816480237 267.3554819621 267.834435384 268.2976690487 8.866200961039102 8.869704656106164 8.87210896303506 7.7764514258279736 7.783524286209413 7.793857719623468 7.805149213827383
1900800.0 266.2586559903 266.5715313324 266.7813235013 266.9740776697 267.3683054338 267.8478219035 268.3009258882 8.865574821489597 8.869217296575112 8.871808926224485 7.776314144351756 7.783781961455754 7.794163309363336 7.80523423020568
1987200.0 266.1480185359 266.5048851866 266.7401877459 266.9529067829 267.371494115 267.8561054848 268.3022908756 8.864345719853326 8.868419845951177 8.871290731362949 7.775930225530227 7.783846528655387 7.794352983142761 7.805269887004582
2073600.0 266.2421766096 266.5388745585 266.7517097686 266.9547486205 267.3739864502 267.8607586883 268.3017219947 8.86538987365128 8.86882503406294 8.87143537151307 7.775963327510625 7.7838968530427834 7.794459723680841 7.805255024633746
2160000.0 266.3122366843 266.5825091305 266.7788303974 266.9700673803 267.3796157051 267.8637236505 268.2996564871 8.866180780835588 8.869349816256586 8.871777377052702 7.776241262024061 7.784010164032259 7.794527810202554 7.805201083736049
2246400.0 266.4306170546 266.6567282957 266.8282445044 267.0012744454 267.3910236772 267.8668595081 268.2968118865 8.867545238139362 8.870254577448824 8.87240617487799 7.7768109318652705 7.784240155851979 7.794599882881289 7.805126852597435
2332800.0 266.502510844 266.715408978 266.8747540728 267.0359138886 267.406885188 267.8711497539 268.293868283 8.868391657774634 8.87098099419687 8.87300479771932 7.777448678264381 7.7845611192916895 7.794698590360873 7.805050105949529
2419200.0 266.5408616312 266.754633306 266.9108394952 267.0667919332 267.4244713269 267.8766378404 268.2912480494 8.868848818862395 8.871472134023126 8.873473864701745 7.778021960774364 7.784918620800791 7.794825030955666 7.804981848433954
2505600.0 266.5245221628 266.7606996916 266.9260885687 267.0860025384 267.4401530707 267.8825561277 268.2890134558 8.868653557732141 8.871548497447623 8.873673311680056 7.778381105007451 7.785238898467504 7.794961602276062 7.804923680097503
2592000.0 266.3877010844 266.6943320056 266.8947354332 267.0770711687 267.4475869023 267.8870442833 268.2867348001 8.867046439617692 8.870718937408437 8.87326402887409 7.778214928931502 7.785391389134393 7.79506532376037 7.804864405676665
2678400.0 266.5283928679 266.7559424649 266.9260506937 267.0934120295 267.4556650394 267.8905320444 268.2842217751 8.868699748254791 8.871488604451681 8.873672815393654 7.778520455472207 7.785557228296332 7.7951460168646864 7.804799082459657
2764800.0 266.5285218372 266.770728197 266.9419942857 267.107334099 267.4641718181 267.8935299703 268.2814982616 8.868701287989962 8.871674975129421 8.873882131087607 7.778782047868216 7.7857322058231855 7.795215440672736 7.804728344399936
2851200.0 266.5375542696 266.7817474862 266.9536691314 267.1186463349 267.4721705234 267.8961644982 268.2786168812 8.868809236447719 8.871814293419236 8.874035917557304 7.778995338013229 7.785897096625627 7.795276497755457 7.804653570021062
2937600.0 266.529658308 266.7824504222 266.9583603662 267.1254960054 267.4786513941 267.8982672603 268.2755638273 8.868714858009856 8.871823193021408 8.874097835368913 7.779124880566297 7.786030975301257 7.795325263434757 7.804574412227769
3024000.0 266.462284823 266.7487010511 266.9413414045 267.119321844 267.4808942768 267.8991430149 268.2721514785 8.86791638339391 8.87139756424161 8.873873543866981 7.779008654360254 7.786077448250848 7.795345581837208 7.804486025965214
3110400.0 266.5039859147 266.7637071965 266.9471967011 267.1214666578 267.4822917279 267.8989451376 268.2682832203 8.868409168024428 8.871586396215644 8.873950605976031 7.779049066819971 7.78610637814914 7.795340990439126 7.804385941812764
3196800.0 266.5276163212 266.7793439743 266.9573976571 267.1276132333 267.4843212673 267.8981708472 268.2640209674 8.868690478185307 8.871783874627656 8.874085123192327 7.779165123815198 7.786148341503433 7.795323026863826 7.804275800102517
3283200.0 266.555437521 266.7982922277 266.970816585 267.1365961547 267.4874453666 267.8972727239 268.2595169138 8.869023618083187 8.87202415245404 8.87426258291327 7.779335110251193 7.7862129695344935 7.795302195276836 7.804159564981232
3369600.0 266.6861844257 266.8731206074 267.0175626962 267.1643754344 267.4958346507 267.897392578 268.2551445123 8.870617980270822 8.872983660565236 8.874885331464423 7.779863043040297 7.786386792960285 7.795304974938232 7.804046879411706
3456000.0 266.741876038 266.9223097598 267.0572842282 267.1938850996 267.5082337582 267.8991391395 268.2512989194 8.871311900666923 8.873623819166133 8.875420132266417 7.780428234902702 7.786644508250321 7.7953454919116485 7.803947894283932
3542400.0 266.8236535802 266.9815677905 267.1028402318 267.2278921644 267.5241986865 267.9027854617 268.2482976802 8.87234744419229 8.874405181539093 8.87603997440182 7.781084824697969 7.786977663121937 7.795430144374106 7.803870722893592
3628800.0 266.6558032258 266.9113408533 267.0754417521 267.224596722 267.5333614014 267.9064104812 268.2458750434 8.870243204924153 8.873480410456267 8.875666349027902 7.781021718003471 7.787169697643013 7.795514388958191 7.803808480392906
3715200.0 266.5486399004 266.8420987271 267.0327725256 267.2030270362 267.5331836661 267.9079662409 268.2433360612 8.868942026428787 8.872583798193492 8.87508949618002 7.7806056086533895 7.787166199446916 7.795550570983247 7.8037432977468
3801600.0 266.5953639905 266.8498141308 267.0284086758 267.1955456152 267.530517814 267.9074519395 268.2402242887 8.869505418923326 8.872682970837785 8.875030841342705 7.7804614637114815 7.7871104156889155 7.795538608201937 7.803663478302401
3888000.0 266.5878854592 266.845272689 267.0235423007 267.1904199102 267.5272715633 267.9054593066 268.2364115142 8.869414838717873 8.872624573742726 8.87496550607957 7.780362868945685 7.787042435352813 7.795492275513993 7.803565780004079
3974400.0 266.596275109 266.8475966038 267.0229706824 267.18810831 267.5242981046 267.9025771167 268.231968961 8.869516465034826 8.872654448398114 8.874957836727877 7.780318373295353 7.786980167464223 7.795425305117794 7.803452086258368
4060800.0 266.7155692885 266.9105940596 267.0585145123 267.2059002983 267.5263468033 267.9001423367 268.2272653603 8.870982992333046 8.873470660569764 8.875436780127176 7.780660217566082 7.7870228730643785 7.7953687732719095 7.803331877963939
4147200.0 266.7632009904 266.9508447737 267.0892353545 267.2268568403 267.532577689 267.8989770099 268.2227417418 8.87158001543298 8.873998673898194 8.875854131255103 7.78106522950287 7.787153234771165 7.7953417299645125 7.803216430268742
4233600.0 266.6639529958 266.910201034 267.0737331289 267.2247693843 267.5357040803 267.8981113643 268.2184389888 8.870343479568549 8.87346553006336 8.875643132910291 7.78102519215499 7.787218803053444 7.795321647016266 7.803106765328255
4320000.0 266.7185861959 266.9318380093 267.084452208 267.2307523916 267.5384139413 267.8972510641 268.2142871249 8.871020609485646 8.873748700999183 8.875788942166615 7.781141138987783 7.787275657925857 7.79530169295488 7.803001080794578
4406400.0 266.6176531203 266.8834106227 267.0590197814 267.2189919136 267.5367933246 267.895512126 268.2100276155 8.869776309501068 8.873116952244903 8.875443618748287 7.780913638695596 7.787241685938619 7.795261374325069 7.802892793343581
4492800.0 266.7282768528 266.9309842175 267.0812745789 267.2278042774 267.5372053785 267.8935047109 268.2056374561 8.871141619772645 8.873737499065482 8.875745677225499 7.7810839609487115 7.7872502655522 7.795214855489764 7.802781329505322
4579200.0 266.7288453109 266.941434484 267.0914235339 267.2352342004 267.5389924082 267.8916797981 268.2012287389 8.87114872681169 8.873874768039242 8.875883979547842 7.781228105692503 7.787287706844353 7.795172588770797 7.802669542365105
4665600.0 266.7311672393 266.9462476225 267.0968803967 267.2402409371 267.5409377448 267.8900579621 268.1968819823 8.871177766093773 8.87393810764275 8.875958485572745 7.781325453986629 7.787328515039351 7.7951350437912375 7.80255947104903
4752000.0 266.7468469363 266.9565908233 267.1045798551 267.2459204733 267.5430709199 267.8886144466 268.1926376191 8.871374278903453 8.87407447157003 8.876063783035645 7.781435992765822 7.787373299248776 7.795101641340599 7.802452130991108
4838400.0 266.831761564 267.0047926143 267.1345584971 267.2637267212 267.5483201153 267.8879291948 268.1886605029 8.872451211231331 8.87471450274176 8.876475697327976 7.781783393435916 7.787483634803933 7.795085789614647 7.802351673451884
4924800.0 266.9185954132 267.0634776232 267.1756892517 267.2909959501 267.5580758508 267.8887525105 268.1852474203 8.873575214906 8.875503990901697 8.877045890797481 7.782318634814986 7.787689172186633 7.795104835500357 7.802265558116559
5011200.0 266.9982568369 267.1225924948 267.2205964177 267.3235226384 267.5720901347 267.8915667774 268.182713862 8.874627278184008 8.876310912215066 8.877675211245954 7.782962108621823 7.787985445826931 7.795169971821029 7.802201690881831
5097600.0 267.0584565183 267.1728947265 267.2623088267 267.3565283506 267.5889858086 267.8964058505 268.1812736183 8.8754359952548 8.877006963847357 8.878266210703723 7.783620687400388 7.788344189357328 7.795282093541348 7.8021654060439785
5184000.0 267.0235046901 267.1714890893 267.2742201634 267.3743251924 267.6040347244 267.9023087895 268.1808294996 8.874965001425922 8.876987394052 8.878436131786964 7.7839784018025755 7.788665193541387 7.795419073059035 7.802154220275559
5270400.0 267.0867243161 267.2096579506 267.3026367523 267.3970482794 267.6189746616 267.908880335 268.1812145678 8.875819898893313 8.877521263276744 8.878843606885992 7.784437213341343 7.788985162996822 7.795571837348964 7.802163918686812
5356800.0 267.1309687626 267.2457039652 267.3325682297 267.4216198496 267.6345820558 267.9160902203 268.182323 8.876426211021595 8.87803019426987 8.879276034662102 7.7849363912270055 7.789320801432653 7.795739768427802 7.802191842138816
5443200.0 267.1211178235 267.2532107192 267.3466142252 267.438286306 267.6488133561 267.9235351065 268.1839987704 8.87629063838115 8.878136769289881 8.8794801151362 7.785276949451087 7.789628124116827 7.795913534172701 7.802234075463074
5529600.0 267.1799990739 267.2903509718 267.3743825656 267.4601962727 267.6633907313 267.9312354223 268.1861459354 8.877105979085233 8.878667072573554 8.879885765942518 7.785726689742943 7.789944132315099 7.796093649043879 7.8022882199810395
5616000.0 267.2490510023 267.3392062487 267.4114634029 267.4883485537 267.6799034224 267.9395722214 268.1888005923 8.87807768772295 8.879372388992454 8.880432049588821 7.78630831264809 7.790303577849549 7.7962890973296 7.802355209923122
5702400.0 267.2698634758 267.3660789649 267.4382819054 267.5129044352 267.6969047473 267.9485420444 268.1919906669 8.878373921503202 8.879764157041691 8.880830462473977 7.786819282205229 7.790675374193377 7.79649990581425 7.80243578154337
5788800.0 267.2579511848 267.3710196021 267.4506862078 267.5290539506 267.7121111701 267.9576314506 268.1956051652 8.878204175795915 8.879836482629177 8.881015691552678 7.787157264861729 7.791009430562693 7.796714076432455 7.802527165941494
5875200.0 267.1567600838 267.3228133492 267.4290207096 267.5246017925 267.7210676184 267.9655359907 268.199245904 8.876782746396213 8.879134736826401 8.880692561934696 7.787064422142585 7.791206950228847 7.796900781793784 7.802619313957902
5961600.0 267.1413263173 267.3058133731 267.4170045817 267.5191386119 267.7255741256 267.9716401532 268.2024921118 8.87656911596368 8.878889342447648 8.880514139184964 7.786950337976913 7.791306587420819 7.797045251869021 7.802701561232963
6048000.0 267.2280516614 267.3478723418 267.4394604 267.5308315987 267.7315807764 267.9767952204 268.2052805704 8.877780381098635 8.879498431085961 8.880848034527597 7.787194986048999 7.791439431483794 7.797167456467394 7.8027722748277135
6134400.0 267.2433888939 267.3663356087 267.4555110131 267.5434010964 267.7390512596 267.9817089786 268.2077571742 8.877997367773759 8.879767911743723 8.88108790237826 7.787458991943632 7.791604915418025 7.797284109208585 7.802835129667826
6220800.0 267.2998122783 267.4027948782 267.4815791126 267.5619594687 267.7487837204 267.9869778866 268.2101594179 8.878802972726426 8.880303868654883 8.881479648746367 7.787850364680822 7.79182098713312 7.7974093764221974 7.802896142010045
6307200.0 267.3235816393 267.4265152383 267.5027873784 267.5798020015 267.7597889869 267.9927971637 268.2126813234 8.879145852481752 8.880655312740528 8.88180036494371 7.788228560723787 7.792066026654405 7.797547949468165 7.802960240978254
6393600.0 267.3561641143 267.4526156173 267.5248415055 267.5982357484 267.771677734 267.9991852857 268.2154435409 8.87961929404733 8.881044557185282 8.882135797532031 7.788621194148713 7.792331585255656 7.797700336017587 7.80303050376617
6480000.0 269.6011470876 268.5483711059 268.1015522202 267.8715595133 267.8237589954 268.0104241247 268.2190382073 8.92660590569037 8.90026864086371 8.891674318819272 7.794685278029331 7.793504595909043 7.797969117548978 7.803122029179749
6566400.0 268.8759458465 268.6683406234 268.4191170877 268.1877825039 267.9609439463 268.0441331758 268.2277898807 8.907409415687152 8.902792707117927 8.897657552786137 7.802312968422935 7.79668014124173 7.798780548634349 7.803345274494991
6652800.0 268.3429194687 268.3369775533 268.2809997066 268.2004933808 268.0641105378 268.0969912616 268.2469597716 8.896167921687988 8.896053250961709 8.894983295249858 7.8026246536226544 7.799152093389558 7.800069082590953 7.8038363436319935
6739200.0 268.1969525208 268.2092125029 268.1991090298 268.1748668795 268.1172450742 268.1466671539 268.2722538002 8.893411064431524 8.893637900798765 8.89345090337928 7.801976097871632 7.800454293571748 7.801298430462514 7.804488674951869
6825600.0 268.7470419131 268.4844349426 268.3505419465 268.259065735 268.1677252134 268.1892372326 268.2992199486 8.904504342504424 8.898963472523382 8.896315337087236 7.804121011115167 7.801710669558553 7.802366446491509 7.805189687867503
6912000.0 268.7037124223 268.531141948 268.416208554 268.3245357691 268.2204042489 268.229913167 268.3264437331 8.90355636003077 8.899914261775296 8.897600031827233 7.805826280924194 7.803042131600137 7.803399739797387 7.805903295589891
6998400.0 268.3111997807 268.3470048353 268.3362604241 268.3091810534 268.254032802 268.2660089803 268.3529678236 8.895558227381237 8.896246887197094 8.896039425740769 7.805421694261374 7.803903098192353 7.804327369482958 7.8066043406148955
7084800.0 268.1175812052 268.2100858307 268.2496091521 268.2671458863 268.2675195942 268.2947317207 268.377416836 8.89196266317112 8.893654091519423 8.894391349555994 7.80432793893258 7.804250837027975 7.8050728257654995 7.80725565984941
7171200.0 268.0499064172 268.1416889273 268.1942640117 268.2307365137 268.2694443307 268.3158698309 268.3987934422 8.89075454359095 8.892398943062386 8.89336143389035 7.803392278261488 7.804300639847123 7.805625632075659 7.807829205356623
7257600.0 268.0208184437 268.1065332834 268.1613053518 268.2049405456 268.2667864594 268.3308832646 268.4167946734 8.890242642891023 8.891763775388757 8.892756278052287 7.8027355925681725 7.8042320549126325 7.80602045100095 7.808315169316656
7344000.0 268.0381242761 268.1041498543 268.1512083952 268.1928953022 268.264441584 268.3418286284 268.4317128333 8.890546669992728 8.891720954041073 8.89257208766971 7.802430633128684 7.804171594551962 7.806309442550573 7.808719987495511
7430400.0 268.0612782658 268.1135909325 268.1531082114 268.1906114182 268.2644392685 268.3505129207 268.4441516559 8.890955863668756 8.89189075355998 8.89260670173058 7.802372882387979 7.804171595155975 7.806539431031304 7.8090589830008454
7516800.0 268.2709530936 268.2274749876 268.2185825762 268.2251259563 268.2745482129 268.359677936 268.4551341532 8.894793219426953 8.893977368876872 8.893811838399994 7.803248799406562 7.804432913112316 7.8067828220880555 7.809359397614126
7603200.0 268.2336420626 268.2354273412 268.2382877883 268.2460419 268.2880268363 268.3699699059 268.4654657385 8.89409243177746 8.89412578129119 8.894179253213649 7.803784237660276 7.804782626937449 7.807056967096835 7.809642961747885
7689600.0 268.1927679588 268.2204452022 268.2374745903 268.2537453099 268.2998053429 268.3806002339 268.4754406058 8.893333833897673 8.893846473669964 8.89416404689253 7.803982345094579 7.805089447797374 7.807341047005143 7.809917618143658
7776000.0 268.2198408279 268.2348755226 268.2485839718 268.2642552128 268.3108774915 268.3911342271 268.4851147921 8.893835233262445 8.894115471219417 8.894372113357743 7.804253316683013 7.805378883814104 7.80762348190871 7.8101848282826625
7862400.0 268.3566264942 268.3139073043 268.2986475831 268.2959569027 268.3267496038 268.4024682004 268.4947423357 8.896433262220112 8.895610034965078 8.895318612830561 7.805075861432063 7.805795466396841 7.807928404764295 7.810451568614979
7948800.0 268.3281497449 268.3202572835 268.3158077851 268.3161098434 268.3432344681 268.4145406694 268.5044954718 8.895883278588661 8.895731710862076 8.895646426083154 7.805602965664164 7.80623031327639 7.808254387369424 7.810722625499811
8035200.0 268.3311277533 268.3285193834 268.3282684518 268.3313057851 268.358592148 268.426849994 268.5143646879 8.895940565471555 8.895890386300191 8.895885561094858 7.806002585459489 7.806637440213064 7.808588039194523 7.8109977703397195
8121600.0 268.3316058569 268.3345316704 268.3378369687 268.3434866171 268.3724514127 268.4389545722 268.5242356558 8.895949767529675 8.896006110575428 8.896069823329718 7.806324272454463 7.807006521065912 7.808917403353455 7.811273835817315
8208000.0 268.5860727193 268.4760394331 268.424277153 268.395597782 268.3950394169 268.4526208927 268.5344667924 8.901051106820988 8.898794084577348 8.897759732240214 7.807714368942621 7.807611414502561 7.809290776578944 7.811560899398688
8294400.0 269.8095920911 269.1750306873 268.848049235 268.638623549 268.4700620212 268.4780664312 268.547799468 8.933251678426949 8.914686811714565 8.906769647275441 7.814517671639894 7.809651830210485 7.809990283818886 7.8119364071216255
8380800.0 269.4843528082 269.1781266541 268.9523169174 268.7677540179 268.5539252052 268.5145265789 268.5659475809 8.92313283108236 8.914766420661113 8.90919343015591 7.818354029195703 7.811991487329298 7.811002510987171 7.812450143844324
8467200.0 268.9989781577 268.9497368614 268.8673459909 268.7725750015 268.6106524922 268.5530241181 268.5877654767 8.910307607145159 8.909132366495415 8.907211523238653 7.818494059808881 7.81360998958417 7.812084218537848 7.8130717787191095
8553600.0 269.4805829983 269.1761823342 268.9951082131 268.85475241 268.6673502133 268.592132757 268.6120551466 8.923023502908187 8.914716414001177 8.910214486503733 7.821030395603824 7.815258158431106 7.813196963632231 7.813769055085176
8640000.0 269.7165221623 269.3652833391 269.1401879062 268.9635650474 268.733096348 268.6336769344 268.638562651 8.930209533909501 8.919759099961798 8.91379724780371 7.824502429605687 7.8172088742143195 7.814394648636778 7.814536352575693
8726400.0 269.2033439793 269.146583909 269.059743444 268.9613049161 268.7785681711 268.6733049612 268.6661562415 8.915418342034064 8.913959671154359 8.911787080042888 7.824423018904608 7.818582896999075 7.815552442870659 7.815342235215351
8812800.0 269.0163035598 269.0095900619 268.9769641722 268.9273863783 268.8015692973 268.706813264 268.6930402825 8.91072610401695 8.910563626693033 8.909779625966616 7.823325682484876 7.819285558702995 7.816543384108016 7.8161345120211285
8899200.0 268.9318543122 268.934064918 268.9205548288 268.8944878412 268.8105815688 268.7330479861 268.7177503087 8.908710672973019 8.90876265634665 8.908445598304684 7.822275703339117 7.8195621271452165 7.817327004754763 7.8168690068997675
8985600.0 268.8462057502 268.8680465924 268.8711950225 268.8623615035 268.8112183211 268.7525942812 268.739497302 8.90672758914487 8.907227622540344 8.907300019980111 7.821262488381318 7.819581421203246 7.817915353468461 7.8175204773068305
9072000.0 268.8777211151 268.8672739356 268.859273298 268.8485474386 268.8107953012 268.7673742093 268.7582416092 8.90745034111616 8.907209867687586 8.907026303723441 7.820830403042754 7.819568251650878 7.818362818716128 7.8180858375151026
9158400.0 268.696687581 268.7656250491 268.7970647864 268.8121177223 268.8042344841 268.7777529635 268.7740395661 8.903403973814099 8.904915217906646 8.905616344093415 7.819700748541273 7.819366361501031 7.818678379490041 7.818565121557129
9244800.0 268.6551298288 268.7175885573 268.7549040964 268.7797818234 268.7938793897 268.7842070416 268.786997196 8.902509812850893 8.903858433037506 8.904677857876504 7.818709937060555 7.819048767926248 7.818875174141635 7.818960157463471
9331200.0 268.8063415615 268.7844231914 268.7812946334 268.783915605 268.7896857459 268.789057745 268.797709791 8.905824677004375 8.905333516945415 8.905263712337142 7.818835891767396 7.818920482403011 7.819023364129485 7.819288067867727
9417600.0 268.7340838599 268.7571481883 268.7690395676 268.7774377917 268.7872010399 268.7932200384 268.8067837495 8.904219376444868 8.904727469678665 8.90499099787406 7.818638425302768 7.818844563940037 7.819150718374733 7.81956675918134
9504000.0 269.9807035838 269.3845921932 269.0968743035 268.9299772773 268.8124053104 268.8004953609 268.8154241987 8.939190890533652 8.920295296425829 8.912707469339226 7.823413546478528 7.819617790747979 7.819373756977158 7.819832941052249
9590400.0 269.6167339599 269.4298958916 269.2464930332 269.0825626937 268.8804198494 268.8204085444 268.8263481556 8.927082402077179 8.921569722529382 8.916548472221486 7.828451199199794 7.821738698805392 7.819987077385879 7.82017060005888
9676800.0 270.414695062 269.832034928 269.4911162251 269.2452404635 268.9613197829 268.8534460126 268.842571534 8.956682783945267 8.934004369327535 8.923329400600508 7.834148158985523 7.8243280933867565 7.821013919670785 7.820674409159206
9763200.0 270.1034597252 269.7988294135 269.5545780488 269.342961588 269.0425073517 268.8960967612 268.8651948616 8.943756880981201 8.932893406563988 8.925200798708177 7.837733864573042 7.8270023395811466 7.822357029633413 7.821381690326101
9849600.0 269.6523921947 269.5702481845 269.4592804066 269.3344311513 269.0946243207 268.9378469084 268.891019789 8.928184454537014 8.925670541446053 8.922408861489057 7.837403832147846 7.8287596439094855 7.823691294332402 7.822195875167929
9936000.0 269.8082467719 269.6188972932 269.4805325848 269.3555683796 269.1343460872 268.9759253847 268.9179696017 8.933206800223635 8.927148785464139 8.923022042015248 7.838194220840613 7.830121565912713 7.8249254616341295 7.823053380727801
10022400.0 269.7007770969 269.5745391755 269.4663170163 269.3616866584 269.1642441093 269.0095866476 268.9446022649 8.92970710778519 8.925799711118342 8.922611297572733 7.838422409254204 7.831159761674065 7.8260304704630235 7.823908800821645
10108800.0 269.4970998992 269.4574946126 269.4024955679 269.3360443354 269.1802867128 269.0375901722 268.9697416999 8.923503763424733 8.922357578209612 8.920796165854156 7.837457882676447 7.831721123645039 7.826959969068465 7.824723674891429
10195200.0 269.4005902748 269.3799032749 269.3478669419 269.304659829 269.1855514617 269.0595090537 268.9925214775 8.920742692159966 8.920164708634434 8.919278967915478 7.836292651874178 7.831905620490667 7.827694089299147 7.825468374040378
10281600.0 269.3463014673 269.3305228499 269.3081017922 269.2772735928 269.1847827842 269.0760008275 269.0125257996 8.919235972989442 8.918804100290316 8.918195006679504 7.8352880260202245 7.831878045235649 7.828250304672309 7.826127355812054
10368000.0 270.4982142037 269.9585176906 269.6572688973 269.4554430322 269.2290731634 269.0976621117 269.0320180844 8.960533558873657 8.93839393457957 8.928336485695297 7.842031361434955 7.833451443400274 7.8289859730336016 7.826774038274978
10454400.0 269.8651171755 269.7517919892 269.6186869759 269.4871062042 269.2705697602 269.1234503166 269.0523230211 8.935127935693904 8.931347655542375 8.927142329052938 7.843271594053833 7.834949141262011 7.829869454226922 7.827452534308751
10540800.0 269.9198313699 269.7573046362 269.6283466078 269.5100169882 269.3043674102 269.1502299478 269.0734298398 8.9370239670425 8.931527146758558 8.927439461782056 7.844181696904667 7.83618626847732 7.830795840224121 7.8281631393920454
10627200.0 269.7111811273 269.6483349641 269.5756295588 269.4953206235 269.3245447956 269.1746498549 269.0944559345 8.930038714006717 8.92805821278055 8.925832571510208 7.84359213314251 7.836932020354504 7.831648663078369 7.828876481082638
10713600.0 269.6134598215 269.5736537692 269.526490138 269.4704459307 269.3333222203 269.1948708188 269.1143688435 8.92698204888153 8.925773039094782 8.924366456243957 7.8426064193296625 7.8372578128886 7.832360756035865 7.829557139301846
10800000.0 269.6557483099 269.5801575059 269.5208978376 269.4634858059 269.3391857199 269.2114580031 269.1326504413 8.92828904721128 8.925969189429354 8.924201497339311 7.842332742421839 7.837476101710887 7.832948932687802 7.830186443280629
10886400.0 270.9871385557 270.2766849185 269.8854514202 269.6341435756 269.3740229144 269.2296343854 269.1502187005 8.987387573873177 8.950691854496844 8.935827012254242 7.849292196848351 7.838787198275607 7.833597701273924 7.83079521290032
10972800.0 270.48029304 270.2623137395 270.0189915568 269.7895566795 269.4519486973 269.2594485347 269.1696346465 8.95969205719472 8.950092846755668 8.940586153546304 7.856065917853726 7.841786456980797 7.834671587412506 7.831472644850402
11059200.0 270.4239192688 270.192206353 270.0008041916 269.8225744089 269.5138555442 269.2972018538 269.1930775303 8.957099360747174 8.947233620941455 8.939920206662235 7.857551983469781 7.844235020732303 7.836049105938648 7.83229714846421
11145600.0 270.1852063854 270.0664174833 269.9421770563 269.8120947857 269.5499999917 269.3329303378 269.2188679723 8.946953725091097 8.942350354664262 8.937812250933101 7.857064967235733 7.845691999363011 7.837371334847981 7.8332126400353745
11232000.0 272.6641566699 271.4555224557 270.7248285235 270.2289171717 269.6733939292 269.3834722861 269.249171176 9.295405352809295 9.023373550699008 8.971967324639063 7.878139422109409 7.850847882499595 7.839273491930479 7.83429978793264
11318400.0 271.5054877244 271.1274411034 270.7266043916 270.357230972 269.7930892642 269.4458458457 269.2854777014 9.028097601527325 8.996842169108662 8.972063216979677 7.885461939083213 7.8561135076584785 7.841673859645591 7.835618943393144
11404800.0 270.8916810865 270.7551734443 270.5552076811 270.3274765416 269.866576296 269.5070224236 269.3255257798 8.981465447148913 8.973620516845981 8.96326749143714 7.883636377422919 7.859480216824073 7.844087200164064 7.837095561345778
11491200.0 270.549255558 270.4934910721 270.3890430417 270.2500732868 269.897557874 269.557908915 269.3655101279 8.962977772089191 8.960310953734178 8.955535312521278 7.879173103486842 7.860927814658096 7.846140934765534 7.838592919273435
11577600.0 270.3243713381 270.3067158952 270.2518211501 270.1657813143 269.9004471888 269.595595891 269.4022692638 8.952712148204737 8.951958224641785 8.949658322893566 7.874533817232468 7.861058283980795 7.847690008800641 7.83999037641754
11664000.0 270.2861895763 270.237098939 270.180113355 270.1078129782 269.8920555069 269.6218718769 269.4342505298 8.9510904970998 8.949052606689179 8.946750701554237 7.871460889783407 7.860657936271646 7.848784557088289 7.841222859337663
11750400.0 270.2846058206 270.2128686618 270.1458796882 270.0735627304 269.8823350923 269.6402052525 269.4613279073 8.951023933681233 8.948065643473182 8.945399483874011 7.869687223385858 7.86019850091719 7.849555445899318 7.8422787398422615
11836800.0 271.3104130899 270.7928576355 270.4631416238 270.229457708 269.9160348851 269.6616979764 269.4860614264 9.010763439399836 8.975717868938398 8.958894604462808 7.878039276806613 7.861795061649493 7.85046683039958 7.843253331457925
11923200.0 270.7033185881 270.5726835773 270.410298274 270.247069337 269.9481149358 269.6861287669 269.5101338465 8.970814154123818 8.96412392713308 8.956484960982426 7.8790065110763265 7.8633361172480685 7.851512982770621 7.8442113019018285
12009600.0 270.6469176813 270.5098148466 270.3756550573 270.2414206903 269.9697492473 269.7101981137 269.5337171269 8.967861412881533 8.96108284241739 8.954942775041879 7.878682905124987 7.864387018060754 7.852554429217749 7.845158975395557
12096000.0 272.1409114156 271.366207668 270.8564911681 270.4964401231 270.0450713902 269.7439141927 269.5591988654 9.116094532131315 9.015429478634296 8.979376213795327 7.89401192241623 7.868140872761559 7.854031611903866 7.846193308083382
12182400.0 271.5148591037 271.2021319354 270.8800846047 270.5875787245 270.1220126878 269.7858343051 269.5879446957 9.02900768631281 9.00228742742045 8.980771591776803 7.899979344244434 7.872115307265136 7.855898803353095 7.847373298303557
12268800.0 270.979855849 270.8871930735 270.7323630522 270.5515828385 270.1665025303 269.8268977783 269.6186240204 8.986922020003068 8.981196281478573 8.972374897086551 7.897521658209275 7.874477061804872 7.8577616457490365 7.848648359077354
12355200.0 271.3098611174 271.0223330565 270.7885072954 270.582322591 270.2036867096 269.8649953333 269.6497532388 9.01071834234192 8.98967103128391 8.975473183273257 7.899573456719719 7.876492155547808 7.8595207703668954 7.84995904372889
12441600.0 270.9071009143 270.8177222889 270.6904098741 270.5467776173 270.2233202073 269.8976463822 269.6798426879 8.98239639519369 8.977129511497331 8.97012938592506 7.8971865242553525 7.877568461384612 7.861052692606622 7.851242508237142
12528000.0 270.7468792027 270.6848762872 270.5989244918 270.4948527674 270.2266599812 269.9231734108 269.7075502975 8.97316553516751 8.969837495813113 8.965426413550775 7.893806228550491 7.8777487495497365 7.862266368221615 7.852439078705941
12614400.0 270.5820803611 270.5567678644 270.5058565567 270.4341198282 270.21724208 269.9411114323 269.7318988268 8.964588045858612 8.963343598399682 8.960895013116343 7.889982766141207 7.877224334589588 7.8631277902304975 7.8535024536676
12700800.0 271.8819226834 271.2891084829 270.8946824683 270.6196100699 270.2562160537 269.9629518672 269.7549631707 9.072247530382379 9.009037416673738 8.98164590162667 7.902127589068095 7.8793987211408 7.86418631843641 7.85452017131078
12787200.0 271.86559163 271.4375251828 271.0654779564 270.7622722926 270.3209518404 269.9937397048 269.7794339934 9.069936882321006 9.021722873483613 8.992548912949529 7.912393078865248 7.88310732702001 7.8656969282024285 7.855611236961725
12873600.0 273.1873944397 272.3332019818 271.6255783815 271.090412637 270.4261040491 270.0339024499 269.8060521077 12.845480125686782 9.161395380666807 9.040388026033364 7.940155015276913 7.889417235224166 7.8677007332771725 7.856811479640551
12960000.0 273.1818525296 272.5081507514 271.8706933871 271.3386770427 270.5741092863 270.0965870678 269.8403848147 12.508612408142652 9.219253746933074 9.070653961906398 7.965853552969336 7.898940396302403 7.8709060594716505 7.8583807004754
13046400.0 273.1960040358 272.5954291539 272.0062839669 271.4995755298 270.7120492469 270.174156431 269.8848029138 13.50601833072674 9.257897226218558 9.091437844458234 7.985436293901541 7.9085724330781675 7.8750104498621205 7.86044712811558
13132800.0 273.2223963494 272.6973176514 272.1268922399 271.6347442134 270.8384271482 270.2556696002 269.9344235653 18.092353575004875 9.316489952240106 9.113301601013827 8.00424604547084 7.91813513564769 7.8794982985644095 7.862805527716771
13219200.0 273.2263365182 272.8159094394 272.2509170329 271.7603213026 270.9537830367 270.3386490218 269.989120657 19.64814005092636 9.416094495955681 9.140232429167689 8.024183383852918 7.927568448784034 7.884263873530705 7.865468636724772
13305600.0 273.2243288679 272.8381411548 272.319679989 271.8541418679 271.0569666498 270.4203151409 270.0469391658 18.796382416971326 9.440860304652132 9.157702596885713 8.040831606617003 7.936650357195125 7.88916246951183 7.868359160308169
13392000.0 273.221839153 272.8450989608 272.3635506527 271.924207492 271.147416353 270.4989371032 270.1060020712 17.907154771287118 9.44916284581794 9.17002779102264 8.054425248872406 7.94517237276086 7.89408856476305 7.871395665643975
13478400.0 273.218683316 272.8452550425 272.3935267741 271.9776200485 271.2251254224 270.5729318912 270.1650310561 16.981780990085948 9.449352350353129 9.179059653283064 8.065556087371526 7.952959704164559 7.898927079931218 7.874519124357543
13564800.0 273.2149068044 272.8490640592 272.4187946488 272.0214540675 271.2923025535 270.6416827777 270.2229375764 16.092102435723408 9.454022654588252 9.187100792652958 8.075265751543814 7.960074886785904 7.903611294319401 7.87767361622243
13651200.0 273.2102449296 272.8547401508 272.4416027062 272.0593845903 271.3512878815 270.7052508951 270.2790149672 15.226238486562002 9.46114931272733 9.19472585644752 8.084135442992448 7.966643412831195 7.908115252439213 7.880818064218885
13737600.0 273.2044113248 272.8603673944 272.4620761004 272.0929081174 271.4038582158 270.7640379931 270.3328871943 14.391738250361035 9.46842060573365 9.201891195957359 8.092366493410697 7.972772178780355 7.912438028139536 7.8839259671635515
13824000.0 273.1970082643 272.8649138339 272.4801195262 272.1227167503 271.4512235142 270.8185330964 270.3844068176 13.597028846014542 9.474452016623209 9.208476744176538 8.100016146356213 7.978532889240665 7.916588874224134 7.886981838724945
13910400.0 273.1866761382 272.8675181978 272.4955398472 272.1491471475 271.494195124 270.8691936085 270.4335612647 12.798473852098738 9.477972484503647 9.214319586388774 8.1070745091621 7.983968817831597 7.92057896098901 7.889977271805458
13996800.0 273.1738339204 272.8678447545 272.5082260139 272.172376413 271.533317287 270.9164054972 270.4804063471 12.107998389640168 9.47841734823372 9.219283630421275 8.113501969904245 7.989102386836807 7.924417731492585 7.892907845865575
14083200.0 273.1568056978 272.8651208831 272.5179310726 272.192470282 271.5689650991 270.9604807517 270.5250264189 11.486070051670138 9.474730128031974 9.223181733766225 8.119235272827229 7.9939423362427595 7.928111810982373 7.895771121617702
14169600.0 273.1341200406 272.8579757391 272.5238439884 272.2090309311 271.601172961 271.0015038368 270.5673926271 10.941676893893575 9.465304512402124 9.225601033884214 8.12407631397587 7.99845529080843 7.931650679728622 7.898557462187502
14256000.0 273.0978004037 272.8427890123 272.5243042276 272.2214324342 271.6301330244 271.0398029416 270.607710169 10.408264529248587 9.446375172422636 9.22579078154161 8.12774896016022 8.002631804034932 7.935046328567869 7.9012728305432125
14342400.0 273.0365981093 272.8111488267 272.5145210625 272.2272153499 271.6553860258 271.0754030284 270.6460237054 9.922894953695 9.411110875318924 9.221801899841338 8.129398729923729 8.006367668748126 7.938285774612139 7.903913151824773
14428800.0 273.0279119589 272.794331749 272.5065669738 272.2302412311 271.6771344183 271.1084291129 270.6824613713 9.878880957802256 9.394315015427807 9.218626114276079 8.1302282475326 8.009657520146623 7.941365676892522 7.90648046042282
14515200.0 273.0146328159 272.7845202043 272.5031190701 272.2341479463 271.6962764884 271.1388452883 270.7169166372 9.819976320895579 9.385056291672537 9.217267736223688 8.131373166334962 8.01261238998627 7.944268352313517 7.908960415873011
14601600.0 273.0008964094 272.7757406606 272.5008571287 272.238456988 271.7138401901 271.1671713707 270.7496442119 9.767530618348362 9.37708222878737 9.216382483734263 8.13266406346377 8.015375040041759 7.9470307976083605 7.9113647940023375
14688000.0 272.9969225947 272.7710672189 272.5002585565 272.2431345841 271.7302069007 271.1936832129 270.7807528403 9.75369231256738 9.372951117111588 9.216148995909723 8.134091949566702 8.017995240211073 7.949669926977601 7.913695795150572
14774400.0 272.9966531292 272.7717951632 272.503261322 272.2494227596 271.7456999007 271.2184549706 270.8101762384 9.752773470797967 9.373589545024315 9.217323564412148 8.136065719282106 8.020518270004539 7.952184281162793 7.915942727168619
14860800.0 272.9938928595 272.7724306831 272.5073034246 272.2567958573 271.7608315258 271.2418082748 270.8380692961 9.743498848238097 9.374148424126043 9.218917672342801 8.138416367754239 8.023024238822122 7.954598900397603 7.9181118764184895
14947200.0 272.989512743 272.7719528959 272.5109919224 272.2642422037 271.7756741839 271.2640425437 270.8646173348 9.729275925578657 9.373728124228833 9.220385516473758 8.140817955229119 8.025522902697984 7.956938944268805 7.92021283030821
15033600.0 272.9881756732 272.7723208056 272.5147368753 272.2715146785 271.7900977716 271.2853372566 270.8899933016 9.7250498037637 9.374051696392726 9.221888897080248 8.143192641929339 8.027989951612367 7.959218829423779 7.9222551831315675
15120000.0 272.9825564735 272.7721328601 272.5186560465 272.2788680452 271.8040781725 271.3057582652 270.9142969551 9.707846328767651 9.373886341550453 9.223476529983547 8.145626387026107 8.03041885078451 7.961441780822151 7.924243410359501
15206400.0 272.9823036037 272.7721984464 272.5219643939 272.2856948574 271.8176022639 271.3254103605 270.9376664089 9.707092564104807 9.373944030442726 9.224828282061887 8.147908967758937 8.03280438576895 7.963615813769246 7.926185714130853
15292800.0 272.9845464393 272.7753693912 272.5269693731 272.2930197899 271.8306796589 271.3443324625 270.9601718138 9.713838324050789 9.376751217060708 9.226893702914868 8.15040000295623 8.035145764621573 7.965742198104814 7.928085218032425
15379200.0 272.9847760615 272.7782672437 272.5323752738 272.3007618713 271.8435341168 271.362616845 270.9819090922 9.714536703575451 9.379348012554201 9.229152738748873 8.15307099630972 8.037481693178295 7.967828586576164 7.929947613071657
15465600.0 272.9837123557 272.7801546384 272.5373087294 272.3083720161 271.8561912897 271.3803292516 271.002913468 9.711313709955254 9.381055726805451 9.23124040690344 8.155729357847331 8.039815725972778 7.96988014926033 7.93177374362105
15552000.0 272.9821838092 272.7814844022 272.541773966 272.3156368378 271.8685562245 271.3975266626 271.0232505784 9.706736071704473 9.382266772600842 9.233151815351647 8.158298149588944 8.042128847146037 7.9719014441171945 7.933567315063065
15638400.0 272.9793583557 272.7820935035 272.5457418708 272.3225041157 271.880551176 271.4142189006 271.0429625067 9.698437121348697 9.38282368783719 9.23486809609292 8.160754791893257 8.044404519189465 7.973891729181156 7.935330222092045
15724800.0 272.9808239015 272.7838762971 272.549778326 272.3290683393 271.892119229 271.4303880211 271.0620614594 9.70271576691662 9.384461722064211 9.236631474627696 8.163132039539096 8.046629475043549 7.9758469244991135 7.9370618239895805
15811200.0 272.9827103823 272.7870280781 272.5546711002 272.3358952592 271.9033816131 271.4461111505 271.0806556527 9.70830594385785 9.387387079594879 9.238792964555143 8.165641057925223 8.048825165820057 7.977774545204724 7.938770406262908
15897600.0 272.9844920282 272.7903213795 272.5598307202 272.3429188544 271.9144413482 271.4613842624 271.0987214913 9.71367305050143 9.390484810361892 9.241101418567775 8.16825743956823 8.05101058944601 7.979672450745906 7.940452414122256
15984000.0 272.9857671385 272.7934374847 272.5649810397 272.349968729 271.9253411336 271.4762613182 271.1162916727 9.71756779144798 9.393455326120614 9.243436125478588 8.17091812670356 8.053193299180412 7.981545805797396 7.942109507059038
16070400.0 272.9860892295 272.7960462865 272.5698806765 272.3568872431 271.9360650617 271.4907808125 271.1334010945 9.71855878576322 9.395972372752182 9.245686013809706 8.173562210169031 8.055369264439824 7.98339812869552 7.943743700546172
16156800.0 272.9885350885 272.7990231022 272.5746672801 272.3636009567 271.9465715692 271.5049640199 271.1500821539 9.726180656541171 9.39887872812181 9.247911715461314 8.176160428114915 8.05752896114101 7.985230934736707 7.945356921339053
16243200.0 272.9899333244 272.802635481 272.5799519257 272.3704580878 271.9568664721 271.5188151045 271.1663544959 9.730616216836525 9.402455695904791 9.2504015125482 8.178852493747609 8.059672609352743 7.987043609010844 7.9469499823676415
16329600.0 272.9882391891 272.8041806204 272.5843382908 272.3770314919 271.967000527 271.5323577292 271.1822447748 9.725249374873423 9.404002788104338 9.252494560707035 8.18146152801814 8.061809907998475 7.988838147734899 7.948524476720495
16416000.0 272.990468876 272.8063859379 272.5883881845 272.3831263714 271.9768652603 271.5456005272 271.1977661533 9.732330559971611 9.406228956343146 9.254448802885674 8.18390777369069 8.063916399838567 7.990614658529616 7.950080751536368
16502400.0 272.9967293738 272.8114641448 272.5937657887 272.3895458236 271.9864671736 271.5585386664 271.212941434 9.753033210408503 9.411437707702518 9.25707665910157 8.18652533749482 8.065992191967062 7.992371451557941 7.951620188827605
16588800.0 272.9985548445 272.8162707794 272.5998225626 272.3965516234 271.9960004414 271.5711824222 271.2277743236 9.759310427210892 9.41647711427766 9.260082452048147 8.189425133761281 8.068079105790202 7.994108880216209 7.95314229664679
16675200.0 272.9976755584 272.8181736103 272.6044325966 272.4031461958 272.0055175906 271.5835878775 271.2422829131 9.75627274392998 9.418502305948435 9.262403768505111 8.192182303663262 8.070188490609494 7.995833758663265 7.954648092032198
16761600.0 272.9981140626 272.8202176994 272.6085641134 272.4091996914 272.014827397 271.5957796029 271.2564950013 9.757784351441696 9.420697352947784 9.264509295359415 8.194742033599903 8.072276890518957 7.99754879518058 7.956139691810249
16848000.0 272.9972365839 272.8217525599 272.6123915844 272.4149545117 272.0238631782 271.6077315779 271.270425185 9.754766044183887 9.422359035440701 9.266481508038181 8.19720354913026 8.074328012171645 7.9992496054887905 7.957617924707072
16934400.0 272.9970390733 272.8230942406 272.6158445556 272.4203491679 272.0326189144 271.6194243273 271.2840766912 9.754090243430547 9.42382115920018 9.268278920965932 8.19953507676583 8.076338772034118 8.000932571400849 7.959082452252717
17020800.0 272.9967809928 272.8245860399 272.6192633934 272.4255465055 272.0410923644 271.6308469984 271.297449297 9.753209168822831 9.425457490892812 9.270075833455985 8.201806289989767 8.078306919643131 8.002595199350079 7.960532566533459
17107200.0 272.9963664127 272.8258331436 272.6224804616 272.4305481909 272.0493137065 271.6419968539 271.3105424392 9.75179846541952 9.426834085917024 9.271782637791716 8.204014296610506 8.080237883583912 8.004236116857886 7.9619675133777905
17193600.0 272.9986657047 272.8280868356 272.6259225733 272.4354550183 272.0572981362 271.6528802234 271.3233589053 9.75969529813941 9.429342062633493 9.273626227352743 8.206204568021445 8.082133733362042 8.00585528190424 7.963386901829385
17280000.0 273.0000757917 272.8308747396 272.6298770789 272.4405740426 272.0651093459 271.663506563 271.335903021 9.76462787026461 9.432481240049539 9.275766821114468 8.208518359345494 8.084008644908522 8.007453158308858 7.964790520140367
17366400.0 273.000018497 272.8327191282 272.6334884123 272.4456390705 272.0728187084 271.6739006748 271.3481823207 9.76442609397137 9.4345807397958 9.27774310795729 8.210830276395692 8.085879116007193 8.009032607482755 7.9661785348348975
17452800.0 272.9997933169 272.8341526461 272.636728627 272.4504540811 272.0803906775 271.6840872313 271.3602108825 9.76363419092297 9.436225233511928 9.279534039009988 8.213048535105301 8.087735656438246 8.010596621100976 7.9675518919434
17539200.0 273.0002992306 272.8357189902 272.639846385 272.4550689647 272.087780368 271.6940694003 271.372000923 9.76541586886053 9.438034959833512 9.281273380951944 8.21519542495227 8.089566274722472 8.01214498681163 7.968911380302938
17625600.0 272.9991456718 272.8368763949 272.6428355 272.4595663264 272.0949892763 271.7038470299 271.3835602075 9.761366481803373 9.439380926710372 9.282956004175551 8.217308071996415 8.091370352949022 8.013676982542913 7.9702573178953156
17712000.0 272.9983727356 272.8374501461 272.6453220492 272.4637490037 272.102013823 271.713420247 271.3948935493 9.758679123582533 9.44005092454488 9.284367108657108 8.21928775496248 8.093145851895153 8.015191923275632 7.971589703990886
17798400.0 272.9991122123 272.8387674283 272.6479476194 272.4677835743 272.1088244614 271.7227884715 271.4060073329 9.761249721431422 9.441596189535467 9.285868479979714 8.221215735249528 8.094884026993554 8.01668900549761 7.972908742006966
17884800.0 272.9992701601 272.8403063053 272.6507917978 272.471865933 272.1154604622 271.7319475996 271.4169027766 9.761801238357721 9.443413882349486 9.28750821418698 8.223186553531702 8.096593976019422 8.018166845708212 7.97421403765791
17971200.0 272.9984683073 272.8412370104 272.6533787502 272.4758514337 272.121966511 271.7409082442 271.4275826326 9.759010294125241 9.444519807396428 9.289011877779725 8.225126228128051 8.098286411010811 8.01962643931719 7.975505384240561
18057600.0 272.9993615827 272.84244371 272.6558529474 272.4796646233 272.1283274223 271.7496844431 271.4380541417 9.762120861200254 9.445961160052727 9.290461044287623 8.22699708437002 8.099956458891475 8.021069408705346 7.976783133643641
18144000.0 273.000726852 272.8444500527 272.6587441101 272.4835644063 272.1345466675 271.7582801807 271.448323988 9.766928888458398 9.448376541415026 9.292168294777396 8.228930795693707 8.10160431797119 8.02249578197623 7.978047597272452
18230400.0 273.0012093196 272.8461972729 272.6616650949 272.4875373387 272.1406809311 271.766704673 271.4583982388 9.768643796272755 9.450499449227694 9.293908541526584 8.230918956185374 8.103244612112695 8.023906487610045 7.979299035626027
18316800.0 273.0012173806 272.8475450287 272.6643714193 272.4914211002 272.1467408672 271.7749753852 271.4682844852 9.768672519940198 9.452149561660358 9.295534902686976 8.232878155007628 8.104879726406638 8.025303906034454 7.980537924290256
18403200.0 273.0011007925 272.8486725419 272.6668804155 272.4951581068 272.152700237 271.7831032617 271.4779927856 9.76825731519874 9.453538525112132 9.297054880465774 8.234778225807466 8.106502022481243 8.026689402508882 7.981765082119269
18489600.0 273.0006900553 272.8496138509 272.6692311293 272.4987525906 272.1585379445 271.7910892371 271.4875309017 9.766798438280418 9.454704096224225 9.29848976022856 8.236620185855106 8.108105121289807 8.028062675152109 7.982981074542374
18576000.0 273.0007661651 272.8505449415 272.6714546214 272.5022032909 272.1642436346 271.7989309778 271.4969036415 9.767068314074 9.455862421002646 9.299856709510692 8.238401957744474 8.109685461495056 8.029422854561307 7.984186116298521
18662400.0 273.0008423108 272.8516774353 272.6737448507 272.5056008734 272.169818171 271.8066263416 271.5061139288 9.767338523891462 9.457278610087139 9.30127469119064 8.240171154426125 8.111242581954274 8.030769087564705 7.9853801946985925
18748800.0 273.0013722273 272.8528476277 272.676009385 272.5089477116 272.1752804473 271.8141766427 271.5151639255 9.76922473107645 9.45875044453509 9.30268686457835 8.241927672835997 8.1127811605748 8.032101117553125 7.986563206871804
18835200.0 273.0016423487 272.854165845 272.6783694136 272.512295511 272.18064332 271.821587342 271.5240565927 9.770190101769998 9.460418917094511 9.304169406897968 8.243699599606432 8.11430427764773 8.033419433666525 7.987735162463048
18921600.0 273.002074891 272.8553644934 272.6806479756 272.5155968157 272.1859224576 271.8288656804 271.5327960472 9.771741446981896 9.461945767849278 9.305611377702448 8.245460085555207 8.115815938731007 8.03472487511188 7.988896235491088
19008000.0 273.0022626263 272.8566039538 272.6829414294 272.5188653801 272.191117715 271.8360191247 271.5413874745 9.772416894435654 9.463534442908108 9.30707342359609 8.247216992775945 8.117315645904728 8.036018362319094 7.990046758931768
19094400.0 273.0024320547 272.8576723522 272.6851214575 272.5220635919 272.1962319797 271.8430528114 271.5498359926 9.77302758314514 9.464911966489861 9.30847318801324 8.248948529072761 8.11880381853319 8.037300430255856 7.991187076401231
19180800.0 273.002122099 272.8586164774 272.6872264155 272.5251869755 272.2012592781 271.8499706885 271.5581464765 9.771911174706718 9.466135565458274 9.30983413351087 8.250651928855365 8.120278251802086 8.038571421827996 7.992317517826261
19267200.0 273.0045193479 272.8601754832 272.6893944386 272.5282419782 272.2061942241 271.8567737562 271.5663221479 9.78063841293928 9.468169140632416 9.311245602161675 8.252330664250618 8.121736880095689 8.03983115251657 7.993438204111072
19353600.0 273.0052473164 272.8624207522 272.6921631564 272.5315407252 272.2110617368 271.8634643737 271.5743673957 9.783331450147998 9.47112690996962 9.31306271502975 8.254163220872803 8.123186854704304 8.041079696335006 7.994549429569797
19440000.0 273.0036926856 272.8628276518 272.6942205023 272.5347215519 272.215915729 271.8700533798 271.5822853997 9.777604692636324 9.471666645106803 9.314423671306518 8.255938599856979 8.124644207490093 8.042318740786449 7.995651336034517
19526400.0 273.0055733979 272.8639716527 272.6961304749 272.537634343 272.2206894267 271.8765523647 271.5900833486 9.784544354965995 9.473190284733173 9.315695419192563 8.257574056549378 8.126088232317297 8.043550191514804 7.996744640972038
19612800.0 273.0066509648 272.8659906564 272.6986361968 272.5407188952 272.2253644082 271.882952132 271.5977652418 9.788581926267149 9.475901742242993 9.317376079966884 8.25932496061806 8.127513066053895 8.044771952263938 7.997829637773559
19699200.0 273.008307525 272.8676576138 272.7010217528 272.5438432483 272.2300051344 271.8892561351 271.6053331018 9.794878613809358 9.478162314553211 9.318989208163904 8.261111072640638 8.128938306552651 8.045984421431625 7.99890635234885
19785600.0 273.010205503 272.8699240517 272.7037070112 272.5470601901 272.2346174722 271.8954750133 271.6127904897 9.80223018552999 9.481268185436276 9.320820459972966 8.26296699950491 8.130365566293374 8.047189370111678 7.999975038552793
19872000.0 273.0107644447 272.8716937288 272.7063205638 272.5503338763 272.2392219625 271.9016177547 271.6201426398 9.804423796401899 9.483719659650795 9.322618764510455 8.264870511588258 8.13180129006362 8.048388304409846 8.00103620566075
19958400.0 273.0108397903 272.8729614909 272.7086342279 272.5534860958 272.2438071021 271.9076935823 271.6273951824 9.804720507457963 9.485490281505996 9.32422404616283 8.266715379758928 8.133241766904671 8.049582825861217 8.002090440629074
20044800.0 273.0121062627 272.8743074787 272.7107969737 272.5564907534 272.2483338836 271.9137046132 271.6345551488 9.809744244002243 9.487383518523743 9.325736081723264 8.268486004382126 8.134674439511775 8.050773174201241 8.003138557663403
20131200.0 273.0146670559 272.8764956427 272.7132963844 272.5595425384 272.2527888575 271.9196439733 271.6416251617 9.820116960822507 9.490491141452798 9.327497472021596 8.270301376572862 8.136094789413054 8.05195779954526 8.004180746158278
20217600.0 273.0170496142 272.8791842497 272.7161941098 272.5627926413 272.257213165 271.9255088087 271.6486056387 9.83003583210588 9.494360981994928 9.329558602862699 8.27225403655055 8.137515964537181 8.053135921333606 8.005216876168605
20304000.0 273.0184102554 272.8813037832 272.7189889795 272.5661200743 272.261651115 271.9313086967 271.6554980516 9.835820896412297 9.497452615068992 9.331566248422199 8.27426900986765 8.138952355723237 8.054309264537611 8.006246976097525
20390400.0 273.0218159635 272.8840070505 272.7218783216 272.5694448004 272.2660923038 271.9370568802 271.6623073452 9.850703018831254 9.50144924036573 9.333662405711785 8.276299648048191 8.140400595290412 8.055480356350603 8.007271603241904
20476800.0 273.0225535525 272.886623185 272.7250148148 272.5729284031 272.2705370625 271.9427586072 271.6690395889 9.854004504066564 9.505375532210534 9.335962039177861 8.278448685096222 8.141861024173025 8.056650151969519 8.0082915046024
20563200.0 273.0224326226 272.88763168 272.7273720024 272.5761994934 272.2749927407 271.9484197969 271.6756998996 9.853461252933146 9.506904751620523 9.337707132651854 8.280477430723044 8.143336178436165 8.057819774400793 8.009307304796833
20649600.0 273.0222685054 272.8887502492 272.7295306936 272.579221757 272.2793844175 271.9540409412 271.6822932943 9.852725226821798 9.508611235427308 9.339318139732267 8.28236514361997 8.144800796004013 8.058989246278026 8.010319632564809
20736000.0 273.0234393192 272.8898427271 272.7314939371 272.5820601937 272.2836765789 271.9596072187 271.6888210177 9.85800734751487 9.510288535005941 9.340794104457851 8.284150113597601 8.146242602124593 8.060155372639331 8.011328550810733
20822400.0 273.0237518239 272.8915964937 272.7337946438 272.584926789 272.2878681936 271.9651041515 271.6952798375 9.859429629578463 9.513003350135648 9.342537056711858 8.285970246653335 8.147660769299138 8.0613149435916 8.012333427456008
20908800.0 273.0181562732 272.8902882376 272.7350215674 272.5875305654 272.2919911295 271.9705256339 271.7016648926 9.834734237502055 9.510975573088894 9.343472465340087 8.287626993765693 8.149065733362315 8.062466447979524 8.01333335991088
20995200.0 273.0183060028 272.8893831815 272.7354828342 272.5894706692 272.2959528366 271.9758681459 271.7079725634 9.835374473593749 9.50958170103736 9.343825210403375 8.288858148044124 8.150424555494737 8.063608892529148 8.014327620846203
21081600.0 273.0179519858 272.8898463262 272.7366193266 272.5914218496 272.2996997095 271.9811093005 271.7142003433 9.833862473862464 9.510294078223264 9.344696841634834 8.290111224279912 8.151717783812014 8.064737187168676 8.015315644059537
21168000.0 273.013735378 272.8891017585 272.7374764981 272.593332243 272.3033064013 271.9862271143 271.7203347771 9.816309270221671 9.50914976293274 9.345356631362883 8.291343361936137 8.152970640554054 8.06584620109163 8.016295098294762
21254400.0 273.0091106397 272.8860048633 272.736928304 272.5946118038 272.3067526437 271.9912244539 271.7263687777 9.797971230073786 9.504442286929587 9.344934433568346 8.29215632810542 8.15417475794696 8.066936117937503 8.01726462324537
21340800.0 273.0108777711 272.8860844385 272.737182292 272.5957695511 272.309981122 271.9961002526 271.7323058064 9.804870170012755 9.504562207327652 9.345129940633598 8.292899468159705 8.155308772818529 8.06800627374061 8.018224540285306
21427200.0 273.0090619837 272.8857743492 272.7377651042 272.5971290733 272.3130573983 272.0008297385 271.7381278252 9.797783114812036 9.504095206641491 9.345579243162536 8.293783355081112 8.15639538312427 8.069050750215231 8.019171675955572
21513600.0 272.9909080121 272.8798429103 272.7364238522 272.5979282173 272.3160092072 272.0054259185 271.7438328155 9.7337427363467 9.495317829360257 9.344546666822156 8.294285354068343 8.157443435683762 8.070071919743567 8.020105415123776
21600000.0 272.9930313714 272.8767459466 272.7345451775 272.5978598967 272.3186140766 272.0098453892 271.7493976609 9.740654470660438 9.490849001296722 9.343108772431961 8.294209313464135 8.158371503129473 8.071059586236075 8.02102165152115
21686400.0 272.9567468124 272.8589468127 272.7263857193 272.595025497 272.3205600673 272.014042014 271.754827729 9.638726095063147 9.466565090821202 9.3369751855542 8.292269203905441 8.159064184898602 8.072002726476498 8.021920922280165
21772800.0 272.9966010188 272.8689518892 272.7268910689 272.5939136203 272.3221896359 272.018080585 271.7601657956 9.752596070456027 9.47993135336918 9.337349899084112 8.291532509141248 8.159644757254796 8.072915243328497 8.022810036234679
21859200.0 272.993724546 272.8757574072 272.7315875962 272.5960278226 272.3239248017 272.0218853953 271.7653484136 9.742941285374217 9.489438542341185 9.340864777009617 8.292954497441775 8.160268356517442 8.073779374923522 8.02367812270365
21945600.0 272.9551072153 272.8577504035 272.7259623989 272.5956507737 272.3259847883 272.0255670822 271.7703601871 9.6348054792641 9.465012896883321 9.336661812301843 8.29265600160124 8.161013135782769 8.074619672471252 8.024522193186733
22032000.0 272.9906093586 272.8660781957 272.7264665836 272.5952621326 272.3277601706 272.0291693047 271.7752473815 9.73278169522517 9.476019959091477 9.337035100871422 8.292389542618507 8.161655051166601 8.07544579620444 8.025349677975406
22118400.0 273.0018882382 272.875845963 272.7316139489 272.5975132324 272.3296108547 272.0326792472 271.7800324441 9.771071174082214 9.489564583296643 9.340884666260534 8.293905504395319 8.162328231768653 8.076254557177172 8.02616411258898
22204800.0 273.0072945928 272.8821098759 272.736634776 272.6010058137 272.3319599059 272.0361475952 271.784715315 9.791015363722508 9.498638039900296 9.344708715250285 8.296253063685274 8.163189482392271 8.077057447663414 8.026965253339336
22291200.0 273.0096825147 272.8860558665 272.7407105244 272.6046317553 272.334832345 272.0396868252 271.7893212463 9.80018957108245 9.504519142909492 9.347864603986256 8.29869958178733 8.16424893201384 8.077880582036144 8.027757221059222
22377600.0 273.0092258607 272.8879318703 272.7436825731 272.6079307271 272.3380190431 272.0433616014 271.7938955118 9.798417092681195 9.507361646960886 9.35019578787209 8.300936126861997 8.165430645726714 8.078739373260929 8.028547693110712
22464000.0 272.9993966582 272.8870648563 272.7453705456 272.6106435671 272.3413059139 272.0471668704 271.7984741667 9.762243573181037 9.506044171479527 9.351531211732748 8.30278015252536 8.166656013954936 8.079633134066816 8.02934289801546
22550400.0 273.0002145287 272.883415544 272.7443482777 272.6119148885 272.34444406 272.0510459669 271.8030689335 9.765116952181248 9.500569534999206 9.350721457647044 8.303621885340116 8.167831384272416 8.0805489600103 8.03014493221322
22636800.0 273.0036089897 272.8854067792 272.7455608776 272.6133727878 272.347314884 272.0549184948 271.8076686278 9.777298981629317 9.503542703446923 9.35168231582718 8.304617191542896 8.16891145059706 8.081468034948326 8.03095190546002
22723200.0 273.0033545815 272.8866412561 272.7471589067 272.6152154232 272.3500812521 272.0587359098 271.8122514737 9.77637131266611 9.505402856646608 9.352955211409881 8.305889164845082 8.169957883824807 8.082378764808873 8.03176001614677
22809600.0 273.0039905726 272.8873418611 272.7484509654 272.6170245107 272.3528329597 272.0625019538 271.8168015641 9.778694924865555 9.506464385764408 9.353989944042931 8.307141048042668 8.17100438410774 8.083281885749347 8.032566427472373
22896000.0 272.9999423 272.8872778541 272.7495818576 272.6187819315 272.3555612696 272.0662250754 271.8213102101 9.764157936916442 9.506367228559814 9.354899718341464 8.308362088435397 8.17204732319353 8.084179289439188 8.033369534272834
22982400.0 273.0007407139 272.886497438 272.7498878794 272.6201082353 272.3582065551 272.0699024263 271.8257722733 9.766978051558835 9.505185473400168 9.35514656847254 8.309278623500633 8.173063249013149 8.085070165045574 8.034168336982788
23068800.0 273.0004351523 272.8869224297 272.7507380893 272.6214983439 272.3607652121 272.0735297378 271.8301903386 9.765896094084619 9.50582837008901 9.35583387403583 8.310249109006984 8.174050499243572 8.085953340728764 8.03496321018254
23155200.0 273.0049014398 272.8888739829 272.7521265962 272.6230335321 272.3632755126 272.0771114294 271.834568861 9.7820493963544 9.508800676755511 9.356961073171322 8.311330932020919 8.175023742125628 8.086829754898949 8.035754876311135
23241600.0 273.0006991697 272.8901769247 272.7539304908 272.624913055 272.3657932232 272.0806434735 271.8388992257 9.766830753365712 9.510803747661535 9.358434336892552 8.312667483240356 8.176004923008922 8.087698284979743 8.03654169264942
23328000.0 273.0047162448 272.8903651881 272.7548184237 272.6265373312 272.368344592 272.0841402658 271.8431799033 9.781364818487889 9.511094420584703 9.359163227849871 8.313818836006345 8.17700422087733 8.088562352298045 8.037323282302506
23414400.0 272.9907515382 272.8885508618 272.7555603193 272.6281129574 272.3708713694 272.0876102709 271.84741585 9.733238881595728 9.508306248491111 9.359774126820394 8.314941089001227 8.177998526268064 8.089423970901308 8.038100455504042
23500800.0 272.9260402007 272.8567411022 272.7429152821 272.6246604305 272.3728299014 272.0909949164 271.8515975729 9.572620208684073 9.463710851543714 9.349591502467002 8.312357922917354 8.178768675925781 8.090268429064546 8.038871369524186
23587200.0 272.8601548015 272.8110581704 272.7177304651 272.6130056658 272.3725932857 272.0939381315 271.8556417533 9.468133524157205 9.411016993012273 9.330659805109327 8.304016691184886 8.178660188570408 8.091006015546249 8.039620441640535
23673600.0 272.9736354263 272.8455658326 272.7205643049 272.6078425368 272.3715422131 272.096536153 271.8595688062 9.682243398180699 9.449730126276181 9.33270648937408 8.300505734544847 8.178229572410615 8.091659635077557 8.04035115192877
23760000.0 272.9711602395 272.8637923362 272.7321867849 272.6111478508 272.3709224137 272.0986729651 271.8632824472 9.675481746808039 9.47295085770195 9.34131747058864 8.302865634008706 8.177979097829068 8.092199018144763 8.041045196188522
23846400.0 272.8959460141 272.8308276847 272.7220444061 272.609521192 272.3713586075 272.1006391042 271.8667386381 9.519848337281152 9.43242791501301 9.333783541863134 8.301687847491452 8.178149868318336 8.092696759014176 8.041693802623541
23932800.0 272.9626831069 272.8486191876 272.725373946 272.6095955057 272.3718769615 272.1026047584 271.8700272003 9.65334936274354 9.453472623126407 9.336226974971874 8.301752154950696 8.178352062214593 8.093195763084022 8.042313363489226
24019200.0 272.8803230313 272.8149363659 272.711284027 272.6039971291 272.3717053666 272.1044624947 271.8731999768 9.49600871928032 9.41506720269141 9.32607813697495 8.297875533749648 8.178277429725787 8.093668650572617 8.04291335457671
24105600.0 272.797909056 272.7612155966 272.6822502209 272.5899739881 272.3695938013 272.1059332677 271.8762069623 9.397778893448095 9.36448821492116 9.306631654790548 8.288481247209486 8.177428953847018 8.094043922029554 8.043484040228835
24192000.0 272.7177983805 272.6996370311 272.6434300191 272.5681078746 272.3645670125 272.1066313935 271.8789315946 9.330701462678947 9.318051288572587 9.283292444836126 8.274596986805221 8.175434539658406 8.094222325415824 8.0440028689755
24278400.0 272.6489909069 272.6404274717 272.6010488628 272.540905125 272.3562758771 272.1061874044 271.881213888 9.286461640463402 9.28159932385317 9.260697080140464 8.25845000175366 8.172195721339 8.09410884518171 8.044438739363517
24364800.0 272.6769412572 272.6349650202 272.5819540829 272.5206929687 272.3464193357 272.1045504092 271.8829266965 9.303264056985169 9.278557160726033 9.25135387485555 8.247197632295737 8.168420151717406 8.09369106014782 8.044766615363153
24451200.0 272.6054394521 272.5896457491 272.5505208193 272.4974481257 272.3351674783 272.1017669367 271.8839914276 9.262908231064829 9.255059940005903 9.23695778200208 8.234887022809255 8.164199224585367 8.092982902470066 8.044970764393781
24537600.0 272.9332162867 272.7543973214 272.6104742785 272.506720193 272.3258754747 272.0984260504 271.8846230218 9.586801721558222 9.358817245003216 9.26549093653405 8.23990910869609 8.160789221587585 8.092136607771756 8.04509198528094
24624000.0 272.9568307559 272.8168388265 272.6618664617 272.5339067576 272.3232655204 272.0950604312 271.8847430509 9.638928167119829 9.417079871030621 9.294029086286837 8.254918977275384 8.159861449330618 8.091288074511686 8.045115032428848
24710400.0 272.8564676135 272.7814109365 272.6617308284 272.5451423322 272.3266976201 272.0935066565 271.8847471232 9.463350711114053 9.38219969459656 9.293947883508988 8.26128258356373 8.16112640830382 8.090897694657052 8.045115814423646
24796800.0 272.7639171212 272.7218710379 272.6365883906 272.5402749118 272.3293752286 272.0932536494 271.8850514941 9.366769106160492 9.333657094921591 9.27945617643212 8.258345885959539 8.162109328906036 8.090834208313366 8.0451742724499
24883200.0 272.6863756297 272.6611386912 272.5996712213 272.5221739187 272.3276178982 272.0933119213 271.8857294223 9.309276012388642 9.29359377122196 9.260006741579323 8.248123228199523 8.161456877348776 8.090848828305582 8.045304551633919
24969600.0 272.8465152569 272.7274523378 272.6186312517 272.5232134689 272.3258177791 272.0932290525 271.8865374948 9.450879414563232 9.337766864639711 9.269742277665822 8.24876344802025 8.160797072649503 8.090828037482268 8.045459976551054
25056000.0 272.7377975359 272.6865885947 272.603411141 272.5165022131 272.3235274339 272.092958162 271.8873743875 9.345596962962087 9.309420775234683 9.261886895578133 8.245087532759113 8.159961657252722 8.090760091043414 8.045621100405127
25142400.0 272.6519955374 272.6277511549 272.5703842366 272.4994956194 272.3191043677 272.0922414861 271.8881282706 9.288199714017303 9.27461302329492 9.245918862632607 8.23603789581924 8.15835691536743 8.09058045455109 8.045766378529894
25228800.0 272.5866267826 272.5729809735 272.5326839709 272.4761830917 272.3117574804 272.0907141578 271.8886497594 9.253589915295274 9.247124445662987 9.229282633739945 8.224238229728858 8.15572151834382 8.090198228374073 8.045866948203052
25315200.0 272.5241207083 272.5197267375 272.4929208047 272.4488859422 272.3014032675 272.0880581874 271.888768043 9.225709048633332 9.223912835836558 9.21331272419025 8.21120586355368 8.152069472008145 8.08953549516993 8.045889767908392
25401600.0 272.5597630503 272.5227262492 272.4793519882 272.4309264108 272.2902070254 272.084337561 271.888371775 9.241064734434387 9.225141082332385 9.208191200097962 8.203070040094776 8.148200762173746 8.088611229927661 8.045813330931065
25488000.0 272.8789688018 272.6971585852 272.5568334247 272.4559721143 272.2856376207 272.0807343608 271.8876157268 9.494039974625137 9.316383313747993 9.239756735649552 8.214688801887402 8.146656051287192 8.087720690355843 8.04566759402165
25574400.0 272.7358833296 272.6639000105 272.5607245438 272.4649396958 272.2846322972 272.0779552071 271.8867710817 9.344124664675068 9.295250632984146 9.241504402640535 8.218958195692627 8.146325887704043 8.087036853661903 8.045504932223055
25660800.0 272.6548652787 272.6129396909 272.5388970704 272.4586391069 272.2831734261 272.075843827 271.886005027 9.2898745199299 9.266765661155642 9.23191791608187 8.215902635280436 8.145836023013853 8.086519085713094 8.04535754495492
25747200.0 272.5550653991 272.5429449094 272.4988257358 272.4388479996 272.2785971149 272.0737378553 271.8852929519 9.238962126139333 9.233656544253652 9.215591398206021 8.206678040818645 8.144292856503357 8.086004147065944 8.045220662118082
25833600.0 272.4800075694 272.4796577904 272.4547454698 272.411617583 272.2701037606 272.070934805 271.8844631717 9.208429204425551 9.208304907627333 9.19928922186842 8.194648678295403 8.14146067753177 8.085321079233125 8.045061297016613
25920000.0 272.4427954727 272.4387427917 272.4189205043 272.3843770584 272.2585614457 272.0670215878 271.8833036267 9.195129031007712 9.19374965782459 9.187141885582102 8.183289171124152 8.137680533675749 8.084371871554255 8.044838857943693
26006400.0 272.3499395104 272.3700169057 272.370346472 272.3506088647 272.2437607175 272.0617053605 271.8816072399 9.16609005487201 9.171931925164449 9.17202960787615 8.170022433314758 8.132941925118656 8.083090470840022 8.044513978977905
26092800.0 272.2803734422 272.3080518073 272.3210057534 272.3135311386 272.2258260102 272.0547842458 271.8791888639 9.147456870276711 9.154598464721825 9.15806065350867 8.156396666044543 8.127355807665246 8.08143609265491 8.044051943909817
26179200.0 272.2345834838 272.2611171812 272.2782246648 272.2775967696 272.2056634365 272.0462373195 271.8759130643 9.136369929650085 9.142695155803903 9.14692229796394 8.144029380913427 8.121269441018477 8.079414384034163 8.043428174146182
26265600.0 272.1988154684 272.2234305973 272.2414711256 272.2443200741 272.1843318723 272.0362265967 271.871715946 9.12827282202763 9.133799899235067 9.137988922446908 8.133236117540347 8.11504070539921 8.077075779000914 8.042632440222071
26352000.0 272.1671110341 272.190506608 272.2087531675 272.2135734558 272.1626117557 272.0250159324 271.8666050459 9.121468612397083 9.126461976686937 9.130481087066395 8.123775125195811 8.108907856017828 8.074493619836876 8.041668683863259
26438400.0 272.1369622582 272.1599159117 272.1784934595 272.1847685833 272.1409399768 272.0128837685 271.8606408072 9.115297086628601 9.119975028621623 9.123877968817512 8.115321157639876 8.102987046086525 8.071741908706318 8.040551194004468
26524800.0 272.1105476828 272.1324169267 272.1507257268 272.1578196246 272.1195900466 272.0000830657 271.8539147652 9.110112307898516 9.114395343232202 9.11808466691726 8.10774435803423 8.09733726890367 8.068885428465924 8.039300140528425
26611200.0 272.0816305136 272.104296222 272.1234940557 272.1318190697 272.0985974237 271.9868086634 271.846528219 9.104658430474865 9.10891884855048 9.112633244019806 8.100718384129491 8.091949851214224 8.065972679072454 8.037937290494384
26697600.0 272.0580618298 272.0795532255 272.098395445 272.1072378241 272.0780580547 271.9732148654 271.8385805808 9.100374615681003 9.10427987597104 9.107797669959849 8.094316654076327 8.08683175804516 8.063040551638888 8.036483664226703
26784000.0 272.0078389893 272.0392299467 272.0657297416 272.0796104771 272.057247993 271.959307821 271.8301414653 9.091692935674885 9.097054892879065 9.101757637824583 8.087384232848438 8.08179276692617 8.060092443413723 8.034954395573802
26870400.0 271.9558288154 271.9945604008 272.0288972508 272.0490290387 272.0355510658 271.9449800954 271.821236882 9.08328641308357 9.0894973028001 9.095266595918606 8.080014517741361 8.076688667947636 8.057108146905922 8.033356440289829
26956800.0 271.8882024271 271.9388498789 271.9847850926 272.0138374443 272.0122395362 271.9300183637 271.8118385739 9.073143634900669 9.080664533138547 9.087901705214898 8.071902358452105 8.071366820801899 8.05404750829443 8.031687039563943
27043200.0 271.8695911246 271.9109631353 271.9533434818 271.9829923556 271.9884557068 271.9144212174 271.8019223846 9.070494368431236 9.076468785905844 9.082902935599183 8.065091457610365 8.06610208009303 8.050915654693998 8.02994441773599
27129600.0 271.8545852607 271.8906736101 271.9287552923 271.9566031024 271.9652881825 271.8984003053 271.7915159797 9.068400065094764 9.07350415068608 9.079129134626301 8.059472195968077 8.061125936532166 8.047759236199354 8.02813599652045
27216000.0 271.8350923822 271.8696892583 271.9058292153 271.9325114048 271.9430707639 271.882204105 271.7806943951 9.065733290173135 9.070512487181658 9.07571178088743 8.054500900772052 8.056488008801251 8.044628676217487 8.026277111578802
27302400.0 271.8187444431 271.851019368 271.8850004223 271.9103759716 271.9218883638 271.8660323306 271.7695548781 9.063542112379077 9.067912008547435 9.072688001178259 8.050060259408205 8.052182828078076 8.041561469754274 8.02438625831316
27388800.0 271.7995590681 271.8313231527 271.8644519193 271.8892024255 271.9016036936 271.8500183111 271.7581945767 9.061021582793497 9.065228710161577 9.069777273883082 8.045921530017274 8.0481622757753 8.038580205984777 8.02248111840805
27475200.0 271.781727983 271.8125176193 271.8447312111 271.8689299858 271.8820987716 271.8342344072 271.746697094 9.05872670734906 9.062722310322064 9.067048744110718 8.042054534146654 8.044386748908211 8.035694671921807 8.020576336939168
27561600.0 271.7553913169 271.7886954852 271.8226819068 271.8479562831 271.8629927505 271.8186674705 271.735119011 9.055418076335771 9.059622231940805 9.06407038623669 8.038148613840315 8.040771133320773 8.032898706533784 8.01868147458331
27648000.0 271.7325350725 271.7661619479 271.8009024505 271.8270118986 271.8441361126 271.8032765133 271.7234916852 9.052621804746723 9.056763885088468 9.06120051198801 8.034340272624153 8.03728002752826 8.030181662238165 8.016801581291272
27734400.0 271.7115380966 271.7450099406 271.7799456269 271.8065280422 271.825541826 271.7880341863 271.7118324038 9.050112005198903 9.054143647186644 9.058503945773094 8.030701200188728 8.03391004342453 8.027535915125672 8.014939227397452
27820800.0 271.6934113038 271.7259781587 271.7603847625 271.7869182094 271.8073168509 271.7729437113 271.7001558876 9.047989111488992 9.05183616678795 9.056042287131298 8.027293641445947 8.030674493713196 8.024959480363787 8.01309645208111
27907200.0 271.6704830303 271.7044172733 271.7398612386 271.7671638412 271.7893408735 271.7579956887 271.6884732546 9.045360032394074 9.049277347579142 9.053514789555582 8.02393393140752 8.027546412521417 8.022448364267063 8.011274632247046
27993600.0 271.6528650981 271.685806993 271.7208166879 271.748163603 271.7716811818 271.7431892273 271.6767941477 9.043381067010433 9.047114340192543 9.051218337195392 8.020768903997382 8.024532562304465 8.020000189311931 8.009474846315824
28080000.0 271.627113254 271.6626500086 271.6996795169 271.7284064352 271.7541074391 271.7284980973 271.6651221163 9.040550516115072 9.044479825658723 9.048722743287286 8.017544898418212 8.021589773618317 8.017608603472846 8.00769719182841
28166400.0 271.5838563377 271.6275864666 271.6715859961 271.7050148211 271.7358420342 271.7137670147 271.6534288393 9.035954080002464 9.04060583066188 9.04548910892092 8.013813522797674 8.018588924714171 8.015247079627688 8.005936983909558
28252800.0 271.6007530724 271.6281544771 271.6612654911 271.6892904196 271.7185742431 271.699137564 271.6417224335 9.037726566893825 9.040667517527115 9.044324264317392 8.011353444249742 8.015804413436111 8.012937172198727 8.004195135528398
28339200.0 271.6305632049 271.6436627044 271.6632306239 271.681968687 271.7038973277 271.6850309464 271.6301012427 9.040925540170733 9.042365205132546 9.044545127032567 8.010220096832644 8.01347656641844 8.01074233287376 8.002485707471598
28425600.0 271.5534113048 271.5952603984 271.6337815951 271.6619505621 271.6885819444 271.6712676509 271.6186052962 9.032831736143166 9.037151116529806 9.041280504791876 8.007169810455492 8.01108460533705 8.008630944811616 8.000813689013142
28512000.0 271.5138948756 271.5587945026 271.6039845527 271.6382229826 271.671730031 271.6574627049 271.6071763906 9.028909875079155 9.033381149702542 9.038072781404601 8.003632129929832 8.008495356854521 8.006542275299427 7.9991697924227765
28598400.0 271.490427469 271.5335579628 271.5793784141 271.615626958 271.6540150841 271.6434239841 271.5957278444 9.026647461922783 9.030847206552957 9.035493035011767 8.000338293335902 8.005820371018775 8.004447447224871 7.997541098480404
28684800.0 271.4605454097 271.5061202774 271.554385471 271.5929124659 271.6357698035 271.6291008201 271.5841899712 9.023835202185817 9.028158785568841 9.032934115046816 7.997098957367089 8.003114052305614 8.002339834204879 7.995917618640417
28771200.0 271.4252388676 271.4748772459 271.527160761 271.5689409303 271.6169157389 271.6144573102 271.5725100549 9.020607165960577 9.025178366649094 9.030214295139263 7.9937557916940385 8.000367868282174 8.000215332096813 7.994292143129491
28857600.0 271.3896589387 271.4426484659 271.4987730727 271.5439155511 271.5973942098 271.5994556696 271.5606448307 9.01745296552045 9.022190111052106 9.027450293992949 7.990345067412084 7.997576848616334 7.998069839734603 7.992659073310791
28944000.0 271.3615155705 271.414808213 271.4723720335 271.519448994 271.5775014653 271.5841127171 271.5485676175 9.015025040632679 9.019676124052616 9.024942997985029 7.987085624049382 7.994785865283128 7.995907180312378 7.991015311028914
29030400.0 271.3398048035 271.3918100636 271.4489889323 271.4965625098 271.5576875762 271.5685228833 271.5362804456 9.013190904690353 9.01764461552391 9.022771277041423 7.984101354929976 7.992057554508363 7.993741710235607 7.989361753345678
29116800.0 271.3316293285 271.3784577389 271.4316817211 271.4771839662 271.5386761231 271.5528874508 271.5238278026 9.012508772633616 9.016483366366666 9.021192511616272 7.981621360344529 7.9894866328887995 7.991601507690108 7.987704891243607
29203200.0 271.329216314 271.3708424198 271.4191521597 271.4613426489 271.5209979901 271.5374583977 271.5112954209 9.012308318837492 9.015826930378791 9.020064383515871 7.97962506778444 7.987136005247891 7.989519833028672 7.986056330464259
29289600.0 271.3142628286 271.3567113606 271.4044923476 271.445691057 271.5043012699 271.5223684842 271.4987726452 9.011074938052541 9.01461994788426 9.018759917623418 7.977680300091397 7.984950364017546 7.987512322716431 7.984427625490182
29376000.0 271.311393492 271.3494346238 271.3935145785 271.4321950709 271.4886902277 271.5077162577 271.4863411792 9.010839995568466 9.014003971093834 9.017793809984882 7.976024244893647 7.982936373329266 7.98558930877501 7.982828834753784
29462400.0 271.3049017514 271.3412389681 271.3830562442 271.419771982 271.4740747594 271.4935601304 271.4740697403 9.010310474919866 9.01331466730384 9.016881809933887 7.974516895158706 7.981076100692711 7.983755445854809 7.98126792696919
29548800.0 271.3074309888 271.3389135564 271.3762557842 271.4097153719 271.4606533719 271.4799762556 271.4620222304 9.010516447613979 9.01311993960177 9.016293124407989 7.9733081211922245 7.979388859561997 7.9820174613879615 7.979751922906588
29635200.0 271.2937430063 271.3275072035 271.3654850336 271.3985437702 271.4478601196 271.4669314664 271.4502375915 9.009406779478278 9.012170191192753 9.015367649027958 7.9719779982586845 7.977799027972402 7.980368092993974 7.9782844604342005
29721600.0 271.2772096673 271.3128001137 271.3522149358 271.3859684098 271.4351785848 271.454299292 271.4387154164 9.008082711485393 9.01095869729053 9.014238882999305 7.970495993489573 7.976240538098149 7.978788884555777 7.976864212833514
29808000.0 271.2553824461 271.2939758509 271.336060486 271.3715770343 271.4221851373 271.4419072526 271.427419696 9.006361322423203 9.00942913048459 9.012881538450687 7.968819310011013 7.974661418106886 7.977256577264563 7.975485593639779
29894400.0 271.2496127597 271.2845269046 271.3243576131 271.3588835624 271.4093443003 271.4297060998 271.4163153373 9.005911267372229 9.008670105312627 9.011909511792908 7.9673566931105055 7.973118061704146 7.975763914746147 7.9741433507847255
29980800.0 271.2237708756 271.2638560697 271.3073281564 271.3439523496 271.3962056474 271.4176008327 271.4053597512 9.003920407138176 9.007029585172532 9.010511655405603 7.965656285259042 7.971556346077802 7.974298435714629 7.972831541730275
30067200.0 271.1824725778 271.2312616625 271.2824882708 271.3244167676 271.381854995 271.4053540298 271.3944743677 9.000820660297778 9.004496870514618 9.008507100354228 7.963463322667467 7.969870388969082 7.972831212977696 7.971540196239679
30153600.0 271.1542531548 271.2045008643 271.258846869 271.3040020439 271.366428404 271.3927938462 271.3835663897 8.998758191945072 9.00246524966176 9.006636092739658 7.961208334802694 7.968080581585836 7.971342245066136 7.970258041237966
30240000.0 271.124659775 271.1774958606 271.2349226179 271.2829411847 271.3501585514 271.3798448843 271.3725558118 8.996641818299516 9.000457181892509 9.004778111493753 7.958920364069025 7.966217692125147 7.969823641690964 7.968975693227297
30326400.0 271.1104103279 271.1601904952 271.2161613858 271.2641486374 271.3338137135 271.3665949019 271.3614074308 8.995639250406418 8.999191936799631 9.003345301176266 7.956910425723173 7.964371180655469 7.968286714646851 7.967689256850823
30412800.0 271.0888657564 271.1399634429 271.1968662787 271.2456565576 271.3175283598 271.3531484697 271.3501215537 8.994143216139664 8.99773385727869 9.001893324456564 7.954961526900155 7.962555740621915 7.9667442367796255 7.966399024378694
30499200.0 271.0825418705 271.1291776838 271.1828564961 271.2299710301 271.3018707003 271.3396784404 271.3387369998 8.993708541091616 8.996965331543503 9.000852499322908 7.953329857905203 7.960832652906364 7.9652161403675255 7.965109623947522
30585600.0 271.0588944866 271.109079396 271.1649296767 271.2131574451 271.2864232869 271.3262427729 271.3272918218 8.992100653319731 8.995549554639704 8.999536784933738 7.951603162894183 7.959153816481363 7.963708667235001 7.963825430003328
30672000.0 271.0389847378 271.0898885988 271.1468190053 271.1960251563 271.2709952469 271.3128339022 271.3158095884 8.99076792413303 8.99421710305939 8.998225567791307 7.94986650544061 7.957497596117274 7.962220551296849 7.9625490531513226
30758400.0 271.0202296798 271.071506005 271.1290757038 271.1789941668 271.2555861454 271.2994390167 271.3043009179 8.989529635879899 8.992958125286973 8.996958094482348 7.948162339546356 7.955863443906019 7.96075000192304 7.9612815869172415
30844800.0 271.0012798751 271.0531317864 271.1114046272 271.1620263053 271.240205016 271.2860523043 271.2927708018 8.988295006661549 8.99171631651128 8.995712277484785 7.9464860889620015 7.954251822367468 7.95929605520918 7.96002347162224
30931200.0 270.9621980821 271.0217881958 271.0864817843 271.1413704022 271.224040662 271.2725288452 271.2811916082 8.985799615287386 8.989635248647064 8.99398250833984 7.944474587675123 7.952578858144356 7.957842914297918 7.958771618538362
31017600.0 270.9207794818 270.9864463929 271.0575869948 271.1175580475 271.2065874042 271.2586529524 271.2694941797 8.98322703728479 8.987343225561045 8.992015914532796 7.942193654421077 7.950795839396751 7.956367968646614 7.957518622259494
31104000.0 270.8990544081 270.9626603675 271.0339152663 271.0952994419 271.1885630629 271.2443876308 271.2576210469 8.98190616223738 8.985832031723712 8.990434938983961 7.9400965484320585 7.948979243348618 7.9548682842128 7.95625858414244
31190400.0 270.8803022527 270.9426600052 271.0132641998 271.074840327 271.1705991404 271.2298435061 271.2455593893 8.980781336005393 8.984580319205032 8.989077237023263 7.9381982175347625 7.947193170678738 7.953356353608945 7.954990501278017
31276800.0 270.8525689721 270.9177047954 270.990565616 271.0538171114 271.1525733173 271.2150934207 271.2333184402 8.979143123499098 8.983042182889356 8.98760746710631 7.936276521821839 7.945424962878657 7.9518402803457 7.953715702766971
31363200.0 270.8367603886 270.8996696943 270.9713915503 271.0344622921 271.1348288728 271.2002413814 271.2209277017 8.97822252937332 8.981946551302553 8.986383870362266 7.934532138482148 7.94370729953474 7.95033096780783 7.952437557077748
31449600.0 270.8408527425 270.8957556024 270.9609631696 271.0200871472 271.1183770786 271.1855462 271.208462671 8.978459934796101 8.981710510057935 8.98572514718021 7.933251048090826 7.94213456549043 7.9488543033123165 7.951163988585037
31536000.0 270.8497185491 270.8977904032 270.9560897775 271.0101324941 271.1038328566 271.171327444 271.1960475842 8.978976430796045 8.981833142860244 8.985418925557731 7.932370919115569 7.94075969992777 7.947441042193168 7.949907533390291
31622400.0 270.8503727839 270.896172332 270.9509300377 271.0016095125 271.0909205282 271.1577745638 271.1838108318 8.979014663012455 8.981735611864712 8.985095822198938 7.931622351099393 7.939551127832333 7.946107930918746 7.948680671991874
