single point
       alpha_p                      0.01000000000000000    1.000000000000000    0.000000000000000
       alpha_m                      0.001768804448303000    1.000000000000000    0.000000000000000
           n_p                      1.564598506468000    1.000000000000000    0.000000000000000
           n_m                      1.485278249616000    1.000000000000000    0.000000000000000
          wr_p                      0.1687846813097000    1.000000000000000    0.000000000000000
          wr_m                      0.1546785545821000    1.000000000000000    0.000000000000000
         tcs_p                      0.4198148766839500    1.000000000000000    0.000000000000000
         tcs_m                      0.9838216150408901    1.000000000000000    0.000000000000000
         tcd_p                      0.09522706030851000    1.000000000000000    0.000000000000000
         tcd_m                      0.9941820199977700    1.000000000000000    0.000000000000000
          af_p                      1.501136276321100    1.000000000000000    0.000000000000000
          af_m                      1.499956897339000    1.000000000000000    0.000000000000000
         auf_p                      0.4927373612971000    1.000000000000000    0.000000000000000
         auf_m                      0.6994822512075700    1.000000000000000    0.000000000000000
         por_p                      0.5820220398846701    1.000000000000000    0.000000000000000
         por_m                      0.4983152410472900    1.000000000000000    0.000000000000000
        perm_p                      5.182332998170000e-11    1.000000000000000    0.000000000000000
        perm_m                      1.000000000000000e-13    1.000000000000000    0.000000000000000
         den_p                      900.0000000000000    1.000000000000000    0.000000000000000
         den_m                      2300.000000000000    1.000000000000000    0.000000000000000
