0.0 270.15 270.15 270.15 270.15 270.15 270.15 270.15 5.7558561598999995 10.183287241885001 10.183287241885001 6.109972345131 6.109972345131 6.109971794813999 6.109969950872999
86400.0 260.6308066794 262.553788219 265.273089655 268.190906143 269.8352201812 270.106353992 270.1472459904 5.4272231607000005 8.84434417428 9.13597728088 5.771205228098999 6.0406360485090005 6.099869098311 6.109327490016
172800.0 260.4206584149 261.7195973807 263.7629020869 266.5622498898 269.0902514809 269.8878594344 270.1154901762 5.424401984415 8.7719855007 8.961854407785 5.591010262026 5.902968892992 6.0516867564000005 6.101968126107
259200.0 261.0827571483 261.9379197848 263.3938691873 265.691183829 268.3754318655 269.5718668869 270.0466638507 5.43352280598 8.790316893145 8.924212521360001 5.514657420195 5.795865639516 5.988216802743 6.086317943196001
345600.0 261.2033519101 261.9402053419 263.1722055563 265.164525175 267.783070595 269.2182804903 269.9408439925 5.4352601503299995 8.790510983285001 8.902386218364999 5.473329895845 5.720265709233 5.924441399685 6.063020023083
432000.0 259.9858200274 260.9331055703 262.378246524 264.5101790787 267.2327240436 268.8499457887 269.8026501854 5.41876757985 8.709165695654999 8.828581118865001 5.426166139863 5.658193091967 5.864681500526999 6.03389379618
518400.0 259.7752858313 260.5937303353 261.91493076 263.9710887576 266.7270233654 268.4800292753 269.6382084195 5.4161329592 8.683493436315 8.788367206665 5.3903119665 5.606764759548 5.810329925157 6.000990131349
604800.0 258.7980718079 259.7346172672 261.1839337625 263.3557217904 266.2270606266 268.1078505975 269.4525813805 5.404628802715 8.621953952135 8.72867791881 5.352249391038 5.560321040082 5.7604400490479994 5.965917193250999
691200.0 257.4484802863 258.5311873061 260.1796889259 262.5866770362 265.6866626462 267.7214512214 269.2480033913 5.390443548065 8.543060919495 8.653243541885 5.30839868007 5.514288436794 5.712949257354 5.9295413411519995
777600.0 257.1335206409 258.079900257 259.6015782713 261.9605207173 265.1556429331 267.3252573903 269.0263197738 5.38737939555 8.515407626590001 8.61283485699 5.275342913853 5.472660135879 5.668141949718001 5.892526782825
864000.0 253.7807446316 255.3508377255 257.619820959 260.7197234819 264.4679643661 266.8818485088 268.7837958353 5.359306654795 8.366517054625 8.48819320344 5.215757491055999 5.4232662529799995 5.621988091155 5.854573419855001
950400.0 252.9215285092 254.2872600168 256.432186095 259.6251547231 263.7138794801 266.3877258999 268.5159486039 5.35320586832 8.31559890031 8.42208864971 5.168665966155 5.3740537797000005 5.5748002423830005 5.81538442437
1036800.0 254.8345092832 255.5441889446 256.8942321322 259.3583191654 263.1462793223 265.9070513591 268.2282422912 5.36733717916 8.376157855175 8.44713324664 5.157856318167 5.339922050595 5.5325694207269995 5.776098666186
1123200.0 255.7805059428 256.3490592839 257.4091161256 259.4112085203 262.78404566 265.4882470161 267.933732376 5.375127197675 8.417668937555 8.476042337165 5.159979441894 5.319291270897001 5.498331999948 5.738536343949001
1209600.0 255.53193979 256.2277774586 257.3795472531 259.3364333645 262.5065689889 265.1295594749 267.6436713414 5.373022926115 8.41126634722 8.474352385525 5.156980533318 5.304044675286 5.470685038047 5.703859432059
1296000.0 255.1024890598 255.869683329 257.1084066053 259.1204586198 262.2374407456 264.8087707077 267.3632841334 5.369484899445 8.3926716835 8.459026529520001 5.148423762639 5.2896905282910005 5.447143259925 5.672286102315
1382400.0 254.5524737444 255.3793183169 256.7000260985 258.7980879611 261.9453862176 264.5044018689 267.09260691 5.36512453726 8.367929396600001 8.436506282655 5.135933062434 5.274570668772 5.425754483994 5.643437523735
1468800.0 256.1305669667 256.521047359 257.3252464746 258.9338089497 261.7680646555 264.2401265908 266.8346560176 5.37816424553 8.426841815134999 8.471258555075 5.141151516462 5.26561186482 5.407877611047 5.6172971578199995
1555200.0 254.5326167831 255.3880805773 256.6743695909 258.6257627574 261.5446478662 263.990141854 266.588499765 5.364970553715 8.368364448805 8.435113345925 5.12938945752 5.25455195895 5.391522980181 5.593476341889
1641600.0 255.7432978736 256.1931155755 257.0515729507 258.6587055697 261.3833459247 263.7652614479 266.3546663742 5.37480949597 8.409446388400001 8.45585248221 5.130633355554 5.246719394496 5.377245911079 5.57178455406
1728000.0 257.1726832992 257.3725699733 257.8659054317 259.0224704046 261.3569610785 263.5929776061 266.1381537487 5.38775573701 8.473954152695 8.50263052608 5.144591986773 5.245450049211 5.366573259999 5.552454407772
1814400.0 258.5168996851 258.56038193 258.796303051 259.5666648407 261.4636257115 263.4900247059 265.9460954136 5.401521768075 8.544884060895 8.55977469417 5.166275391369 5.250601972392 5.3603012560500005 5.535875711766
1900800.0 258.5147501099 258.7274897242 259.1102138869 259.8966974333 261.5923698177 263.4369801657 265.7812904101 5.40149833998 8.555402098305 8.58003615132 5.1799241343030005 5.256893498355 5.35709984964 5.522051407734001
1987200.0 260.4100949425 260.2501305893 260.1927111273 260.5281973372 261.8170617829 263.4409181947 265.6464883577 5.42426190679 8.658310108925 8.654177759174999 5.207177405502 5.268071073396 5.357336826066 5.511006722151
2073600.0 263.2682250921 262.6676546785 262.0068686032 261.6188802791 262.2311841863 263.5322663736 265.5486538638 5.4694536061550005 8.854731673135 8.79619231935 5.258199119919 5.289361725201 5.36286526227 5.503133444019
2160000.0 262.395749371 262.3475816453 262.2290167925 262.1380410425 262.6093180866 263.6708288754 265.487485057 5.453881556975 8.825858065935 8.815413120575 5.284492413434999 5.309636196171 5.371368190938 5.498270093181
2246400.0 264.8350555376 264.2626191441 263.5841982455 262.9979054704 263.0550044883 263.8574931873 265.4620712324 5.502930001895 9.015648556164999 8.94341652447 5.331368528238 5.334642958572 5.38305308079 5.496262686201
2332800.0 262.0812398719 262.4260587033 262.744803602 262.9610929568 263.3111859844 264.0274042972 265.4617672303 5.448697211195 8.832844832365 8.861844175195 5.3292687450209995 5.349602720061 5.393927817351 5.4962387198639995
2419200.0 259.1173402872 259.9643584402 261.0388763429 262.1894852099 263.2522952569 264.1061609528 265.4659558405 5.40826270956 8.6379519307 8.717336493865 5.287175868045 5.346124182132 5.399048199051 5.496569029911
2505600.0 259.1697532218 259.6849770631 260.5040328733 261.6789326924 263.0746669502 264.0991676056 265.4588548916 5.408870432815 8.618539130444999 8.67684271403 5.261169581073 5.3357754996599995 5.398591442139 5.496009177948
2592000.0 259.30608226 259.7003375413 260.3604696329 261.4219514935 262.9019507431 264.0433701781 265.43494558 5.4104663267449995 8.619594232879999 8.66631131977 5.248582629326999 5.325913606143001 5.394961700295 5.494128504495
2678400.0 259.7231639537 259.9934656327 260.4855920157 261.3707799819 262.7872137945 263.97435635 265.3966908694 5.4154897233 8.64000192635 8.6754821879 5.246114449608 5.319468071712 5.39050762824 5.491133403174
2764800.0 261.7540236325 261.5834014156 261.5191443016 261.8214615244 262.8396586441 263.941338283 265.3542881527 5.443518838275 8.760754328580001 8.755508615175 5.268292503414 5.322403936629 5.38839036528 5.487833424999
2851200.0 263.1851061615 262.8846395923 262.5701697145 262.4676794259 263.0450733823 263.9708474947 265.3202386532 5.46788806872 8.874892975065 8.845830595345 5.301944632962001 5.334071905761 5.39028220686 5.4851985099360006
2937600.0 265.862195539 265.1404806788 264.2688654613 263.500967928 263.4431866041 264.0889517888 265.3080818066 5.530115266505 9.119198033009999 9.0163429467 5.3609788500599995 5.357488024812 5.397924949062 5.484260959845001
3024000.0 267.4724770856 266.7088831907 265.6810360111 264.5563483751 263.964372958 264.2940513897 265.327786038 5.58571971652 9.34167932991 9.18971599245 5.42935649712 5.389880789442 5.411475126039 5.485781419596
3110400.0 265.6634392806 265.6150165847 265.3724336167 264.8477623293 264.3578956627 264.5199572207 265.3761307931 5.52444966557 9.180792463485 9.148762737285 5.449961905236 5.4157812528389995 5.426826356346 5.489530724661
3196800.0 258.0874319982 259.7112826343 261.5932768691 263.2547332861 264.1736172364 264.60883567 265.4247621373 5.396935357749999 8.62034690089 8.76156352095 5.346267714918 5.403489166149 5.432993853267 5.493329532525
3283200.0 256.858984402 258.010260053 259.6967530204 261.8014742316 263.6622318365 264.5263573803 265.4441659104 5.38477727308 8.511226456265 8.619347888815 5.267287385268 5.370850948071 5.427268020813 5.49485296431
3369600.0 256.2232145929 257.1783932302 258.6602681163 260.7613163132 263.0753701302 264.3195743672 265.4194107329 5.378982897865 8.462953264145 8.551154063525 5.217641091081 5.335816049616 5.413186697901 5.492910159888
3456000.0 255.5651611577 256.4651291729 257.8740658645 259.9575936003 262.5079738822 264.0419919483 265.3491511539 5.373301719425 8.42384730652 8.503113925760001 5.182485745371 5.304120706068001 5.394872369304 5.487435048410999
3542400.0 255.8658710179 256.5369860268 257.6677540591 259.5047055092 262.0401096206 263.7455180968 265.2416846493 5.3758597519 8.427697517 8.49098430079 5.163756047256 5.279424005388 5.376011393622 5.479169794215
3628800.0 257.0755112918 257.4250576389 258.127813624 259.4962204832 261.7475683508 263.4813256347 265.112007392 5.38682433045 8.476954983765001 8.51829744386 5.163412072224 5.264586777291 5.359774846686 5.469367408551
3715200.0 259.1683378557 259.1223236365 259.2759137356 259.9834582451 261.6919900537 263.2974091326 264.9794674677 5.40885397955 8.580828325275 8.590945264635 5.183577911862 5.261817844353 5.348772056424 5.459535688722
3801600.0 259.0340118429 259.2245236904 259.5614672935 260.2563148881 261.7177198564 263.1825973724 264.8572731205 5.407303090105 8.587545756834999 8.610105898505 5.195253872538 5.263097772279 5.3420233039800005 5.450633331918
3888000.0 262.4005285266 261.8705134508 261.3524720399 261.185856194 261.9663396326 263.1669775692 264.7592887996 5.4539619765100005 8.78461326983 8.74205735782 5.2372975773179995 5.275640149197001 5.341112114427 5.4436036125600005
3974400.0 263.3566110262 262.9555348563 262.4456480326 262.0349705494 262.3340520141 263.244216821 264.6951849956 5.47113877362 8.88158745804 8.834598102554999 5.279159466141 5.294795685801001 5.345634100761 5.4390557444039995
4060800.0 264.0045569831 263.6600071033 263.1904521444 262.7128219848 262.7261518395 263.3851432745 264.6673023048 5.48418091029 8.951189064865 8.904161587499999 5.315333004927 5.3160714290460005 5.353990819386 5.437090019853
4147200.0 266.3304772555 265.5935276922 264.6525493109 263.6768274963 263.2130094167 263.5910561294 264.6769679154 5.544364652775 9.1779073789 9.06011372378 5.371754021595 5.343816955809 5.366455486637999 5.437770596676001
4233600.0 268.1604279825 267.2902121927 266.108235596 264.7468518098 263.792959884 263.8638870373 264.7256707463 5.61674853265 9.440598374125 9.249752245645 5.442733328226 5.3789973169800005 5.383458125064 5.441213578506001
4320000.0 267.7093070957 267.250550889 266.4847219508 265.3711047856 264.3148144915 264.1653167976 264.8087820806 5.595778184375 9.43349617234 9.306256946165 5.4891542853479995 5.412881057721 5.40292826679 5.447142494397
4406400.0 264.3449404541 264.761185524 265.078984332 265.023634511 264.5467022228 264.4108504491 264.9090885279 5.49156449186 9.072923284929999 9.111525397115 5.462806308885 5.428688300619 5.419354818009 5.454389659365
4492800.0 263.0810467631 263.5037667075 264.0230051682 264.4598599351 264.5437885094 264.5622600008 265.0064486435 5.465953790465 8.93524758442 8.989429232615 5.422711394607 5.428486635735 5.429752647684 5.461522122465
4579200.0 262.1106827205 262.564727427 263.186340652 263.8907960865 264.4026927885 264.6220401457 265.0859980413 5.44917371146 8.84533647846 8.90376121619 5.385180654876 5.4188144444879995 5.43391647306 5.467423346145
4665600.0 262.3645310812 262.6024724368 263.0026965418 263.5997410003 264.2527514745 264.6246962547 265.1425694612 5.453357475734999 8.84876950269 8.88607076494 5.367002562981 5.408731641858 5.434102259559 5.471661073197
4752000.0 261.9800999215 262.2734841881 262.7168487026 263.3504154378 264.1083554681 264.5944347152 265.1770004481 5.44707385675 8.819314994465 8.859259924715 5.351933315166001 5.399205770787001 5.431989511407 5.474257246641
4838400.0 260.418460187 261.0074774125 261.8153239912 262.8240346716 263.8878679209 264.5233522005 265.1890822488 5.424372821175 8.71490230383 8.77997273558 5.321527500294 5.384994496695 5.427060591132 5.475171313445999
4924800.0 260.0947985257 260.5765515212 261.3202897969 262.3818685428 263.6362640786 264.416785925 265.1790058714 5.420154785935 8.682215427865 8.73948549694 5.297342009196 5.36924821908 5.419758493911 5.474408859128999
5011200.0 261.3137773154 261.4231887224 261.7220326134 262.3849435558 263.4844337855 264.3127339437 265.1526265972 5.436872783515001 8.747737433034999 8.772187728575 5.29750620789 5.35997748345 5.412727418217 5.472418068093001
5097600.0 259.7895705014 260.3202299213 261.0570449604 262.0475991093 263.3026331518 264.2017447513 265.1134193559 5.416309863675 8.663384083099999 8.71874835793 5.2798097890769995 5.349096030294 5.405332327332 5.469473153397
5184000.0 260.4259477117 260.6722103672 261.131000719 261.938135598 263.1558446867 264.0933474628 265.0650195206 5.424472185035 8.68935786582 8.72452090347 5.27420113086 5.340478512315 5.398211621925 5.465860583601
5270400.0 259.8899519423 260.2728374601 260.8589145657 261.7485716059 263.0105494256 263.9858548937 265.0098605971 5.4175605762 8.6599501753 8.703483299855 5.264636903613 5.3320917736830005 5.391247035108 5.461773862199999
5356800.0 260.2340384236 260.4795289485 260.9181960523 261.6874497417 262.8982769913 263.8863488709 264.9507082397 5.421951129555 8.675035370875001 8.708020542315 5.261592332796 5.3257059342840005 5.384883622647 5.457426679284
5443200.0 260.7664116793 260.9005302412 261.1835799289 261.7714917177 262.8459064365 263.8068566549 264.8915916508 5.429079280205 8.70666578304 8.72865006021 5.265783472377 5.322754841046 5.3798566500869995 5.453118188295
5529600.0 260.9177046281 261.0648088717 261.3349517375 261.8582144282 262.8306625859 263.7491217552 264.8360134393 5.431184214695 8.719352434525 8.74065620537 5.270146107354001 5.321899109505 5.3762365002750006 5.449099964922
5616000.0 260.4014747397 260.6907321935 261.1239035964 261.7809661439 262.7926497962 263.6983655104 264.7842667083 5.42414771923 8.69074816255 8.723965157959999 5.26625820924 5.319771578979 5.3730751176450005 5.445386564862
5702400.0 260.1356533922 260.4413280101 260.9181984624 261.6496650606 262.7253574276 263.6436651982 264.7345187101 5.420679048245 8.67222585964 8.70802072729 5.259719625312 5.316027390954 5.369689995492 5.44184154318
5788800.0 260.8022090895 260.9170867578 261.1747300008 261.7151603391 262.6950119422 263.5962084178 264.6869779357 5.42957404614 8.707935405665 8.727953584165 5.262970299609 5.314348098324 5.366771348418 5.438476370832
5875200.0 261.5348598235 261.532937863 261.6166409324 261.9381508073 262.7322533082 263.5716171431 264.6446006829 5.4401659820449995 8.75663183177 8.763481165135 5.274201905732999 5.316409792632 5.36526554832 5.435495068155
5961600.0 262.1911908617 262.1226048383 262.0926341615 262.2381825198 262.8314765973 263.5779307102 264.6112604745 5.450485824439999 8.8061500941 8.803559875355 5.289729525492 5.321944767978 5.365651720403999 5.433161578989
6048000.0 262.3880513759 262.3652582326 262.3635858997 262.4770065375 262.9515049388 263.6090422147 264.589043466 5.45375212731 8.827426658275 8.82727813054 5.302447489926 5.328723287022 5.367558983985 5.431612445813999
6134400.0 262.7725374624 262.7137506845 262.6664282457 262.714810536 263.0838275474 263.658851444 264.5783768576 5.460380466905 8.858974026675 8.85461909616 5.315443093875 5.336304016521 5.370627529866 5.4308703419910005
6220800.0 262.7928009593 262.7908818079 262.8002297182 262.8765075336 263.205022472 263.71783735 264.5779547535 5.46073935591 8.86612141163 8.86699182584 5.3244771044190005 5.343349180542 5.374285604946 5.430840997068
6307200.0 263.0449245891 263.0128486958 262.9918700295 263.0390499401 263.320895371 263.7817654735 264.5860033242 5.4652888995 8.887039010335 8.885039438955001 5.333725865739 5.350178545116 5.378280187281 5.43140082633
6393600.0 262.8253838982 262.8847320954 262.9667898076 263.1006575297 263.408430124 263.8422046213 264.5998857165 5.46131851003 8.874901675004999 8.88265519646 5.337276468423 5.355399796755 5.382085870632 5.432367865853999
6480000.0 262.9774383764 262.9984615593 263.0501946995 263.1751450027 263.4826278397 263.8976810282 264.6173356836 5.464055603745 8.88566719181 8.890610512725 5.341603181118 5.359868229042 5.3856043149 5.433585998682
6566400.0 262.9917983421 263.0294955672 263.0975837098 263.2355721754 263.5464296228 263.9481435638 264.6367180285 5.464317064255 8.888629111715 8.895164532645 5.345140755096001 5.363742441675 5.388826030434 5.434942405929
6652800.0 263.6262457462 263.5288077329 263.4381170465 263.4261038725 263.6390159435 264.0036336898 264.6584580581 5.47641450279 8.937782371975 8.928638164315 5.356460585838 5.369417824125 5.392392404904 5.43646806204
6739200.0 262.9591468339 263.0857928076 263.2354467206 263.4112232319 263.6954695729 264.0534478983 264.6814247736 5.463723308825 8.89402912325 8.90855564132 5.355567292512 5.372909802297 5.395615370835 5.43808471623
6825600.0 263.837000581 263.7195924636 263.614264928 263.5924834878 263.7799357734 264.1070069796 264.7060149279 5.480686482145 8.95734884204 8.946490647095 5.366557511577 5.378179825491 5.399103483351 5.4398212742070005
6912000.0 263.8740196448 263.8289934979 263.7710947167 263.7414568002 263.8756810512 264.1664307027 264.7330311049 5.481450887155 8.968776560195 8.962709404675 5.375772253617 5.384220446934 5.40300161169 5.441735910327
6998400.0 264.3099740825 264.1941515462 264.054630708 263.9389676021 263.9901142615 264.2345705696 264.7635433506 5.490787662155 9.00807395078 8.992843908754999 5.388252972507 5.391535452327 5.407508380545 5.443906873533001
7084800.0 263.3379712824 263.506527756 263.6899816042 263.8553292264 264.0417751703 264.292012207 264.7953276104 5.470781614374999 8.935526698855 8.954282138 5.382930419334 5.394872529045 5.411338624515 5.446178071794
7171200.0 262.5693506386 262.8412491671 263.1998439199 263.6086654962 264.0095379472 264.3206816119 264.8234657048 5.456835432335 8.87082207376 8.90507686356 5.367550375437 5.392787580594 5.413261079205 5.448197077464
7257600.0 262.4790946445 262.6787838026 262.9881184768 263.4250620211 263.9433772136 264.3226162774 264.8442589809 5.45529126806 8.855753938005 8.884682365595 5.356397991405 5.388535140159 5.413391070003 5.449694140875
7344000.0 264.1319827601 263.9124157951 263.7220560087 263.6977943401 263.9797254929 264.3350308869 264.8608956296 5.48689915584 8.977595399235 8.95760448562 5.37305411928 5.390867010888 5.414225996343 5.450895060552001
7430400.0 264.7253986749 264.5160858587 264.2571483746 264.0442890354 264.100749484 264.3768365709 264.8795372798 5.500306774109999 9.044288674925 9.01504084519 5.395035472398 5.398708886706 5.417047607571 5.452244025807
7516800.0 264.220534774 264.2305741807 264.2077965868 264.1553341876 264.2075014852 264.4329484628 264.9027293024 5.48882011424 9.012095034929999 9.009578153555001 5.402285552433 5.40572735643 5.420859329568 5.453927183639999
7603200.0 263.9040379488 263.9755278372 264.0581596995 264.1397814468 264.2689001895 264.4852979278 264.9290538164 5.482073886135 8.984328618034999 8.993225792975 5.401263906144 5.409808085361 5.4244411358010005 5.455844322969
7689600.0 263.0481490888 263.2912834585 263.5988337507 263.9327976143 264.252925488 264.5149398609 264.9540222816 5.465348116135 8.914040723315 8.94491151074 5.387858421918 5.408743229232 5.426480381334001 5.457669272787
7776000.0 263.4706451468 263.5267557025 263.6530485514 263.8880127469 264.2328675519 264.5293641705 264.9751011528 5.4733447850950006 8.93757436734 8.950472627595001 5.385003702405 5.4074093159759995 5.427475645323 5.459214940482
7862400.0 264.2566006139 264.1463989074 264.0523174077 264.0577435116 264.2700836897 264.5498120697 264.9939806333 5.48961017249 9.00283058668 8.992593671605 5.395908448164 5.409887064306 5.4288898355790005 5.46060324696
7948800.0 265.2120967222 264.9590118078 264.6573662555 264.4015998118 264.388834765 264.5956760417 265.0154642088 5.512333557154999 9.096749553215 9.060677681655 5.418740225964 5.4178742091870005 5.432076006174 5.4621875709030006
8035200.0 264.8633447914 264.8125925448 264.7084802783 264.5595548506 264.5074782727 264.6574401851 265.0420190035 5.5036146310300005 9.07905182408 9.06668488265 5.4295788042329995 5.425980121299 5.436398107005 5.464152571785
8121600.0 265.2334660769 265.1035560553 264.9303041773 264.7337262356 264.6274155463 264.7288693358 265.0741993979 5.51288523789 9.11458297561 9.093250982895 5.441800475598 5.4343062585599995 5.441442082539 5.466543847104
8208000.0 266.3026175975 265.9705752808 265.5478343264 265.097607867 264.7998075738 264.8199465232 265.1137623812 5.543478898895 9.229957010065 9.17180399521 5.468305094928 5.446514147076 5.447945714676 5.469498846504
8294400.0 266.9621830101 266.6034128997 266.1043675643 265.5053937174 265.0183824282 264.9358683765 265.1630372597 5.565919507095 9.324838364275 9.249189949245 5.499703758021 5.46241809804 5.456343349371 5.473202832311999
8380800.0 267.3770822526 267.0343148172 266.5320473817 265.8756182646 265.2554069366 265.0725059095 265.2232417085 5.58183279498 9.395719603765 9.313619745665 5.529933683018999 5.480232642132 5.466419321459999 5.477764396542
8467200.0 267.6077581971 267.3007759581 266.8325174972 266.178859022 265.4865526156 265.2209309754 265.2938088901 5.591391549585 9.4424993983 9.36183058012 5.556049160745 5.498210781543 5.477590172937 5.483162356817999
8553600.0 267.1616556726 267.0288840598 266.7651064065 266.2927118304 265.6661496327 265.3640241487 265.3715021501 5.57337723171 9.394790775655 9.350787347875 5.566194957102001 5.512617562728 5.488590886662 5.4891705925980006
8640000.0 266.5039302707 266.5170725859 266.458584596 266.2252281527 265.7674625945 265.4842537825 265.4509158166 5.549995776485 9.311283439864999 9.3022163683 5.560158009408 5.520921923454 5.498016033999 5.495383953147
8726400.0 266.431785161 266.4029442357 266.3358309857 266.1665740187 265.8233192267 265.5791037534 265.5273794664 5.547628846625 9.29367526426 9.28348055621 5.554965851298 5.525556833661 5.505572912778 5.501436868188
8812800.0 265.6498297972 265.7878798948 265.9237061132 265.9726417423 265.8180062807 265.6432090735 265.5966665175 5.52406945059 9.20435235577 9.223317152955 5.538150547608001 5.525114218911 5.510742510369 5.506982565348
8899200.0 266.2380109567 266.1527798402 266.0644627485 265.9723963656 265.8231632438 265.6908619682 265.6577968998 5.541444141975 9.25625346659 9.24340970425 5.53812960531 5.5255438336410005 5.514618500226 5.511924422061
8985600.0 266.997863054 266.7668665696 266.4766478661 266.1646494193 265.8861317064 265.7432976785 265.7136200693 5.567228539915 9.351073982595 9.305006822495 5.554796336691 5.530817928576 5.518916703147 5.51647809339
9072000.0 267.116969013 266.9437833656 266.683805667 266.3373237614 265.9793363753 265.8065568298 265.7675938823 5.57167653444 9.380358910545 9.33764638049 5.570223630576 5.53872223725 5.524149130692 5.5209186056699995
9158400.0 266.9422826365 266.8523286921 266.6884722676 266.415249248 266.0641937757 265.8739845047 265.8212883551 5.56519398756 9.365101911005 9.338395491305 5.5773342791489995 5.546022522573001 5.529783980817 5.525373498696
9244800.0 267.600762644 267.3538602515 267.021336966 266.6078746029 266.1717460292 265.9491503881 265.8761362085 5.591093511225 9.45211263654 9.39350156616 5.59532665512 5.555421658311 5.53613702637 5.529963173604
9331200.0 268.0867249966 267.7970572154 267.3865572745 266.8593224445 266.3101640635 266.0369926197 265.9339514451 5.61314454673 9.536562950175 9.458084558905 5.619755756621999 5.567767365111 5.543659239471 5.534844631485
9417600.0 266.9112482422 266.9851568061 266.9794169269 266.7884342363 266.3859623988 266.1170944011 265.9930623989 5.564069031454999 9.3873465395 9.38637389386 5.612756163564 5.574650785917 5.550612719958 5.539882408017
9504000.0 266.8568048976 266.8533657844 266.8252918253 266.7072921587 266.416780269 266.180399088 266.0503972193 5.56211436137 9.365273488285 9.36064038383 5.604853753956 5.577474933789 5.556173087157 5.544814928361
9590400.0 267.259294747 267.1344401542 266.9695528434 266.7525415099 266.4538946923 266.2347750461 266.1046836052 5.577155874474999 9.41301668639 9.3847048216 5.609246313561 5.580895969983 5.560995958437 5.5495277710140005
9676800.0 267.9452634162 267.6887837904 267.3501920776 266.9487573059 266.5351274977 266.2950669334 266.1574566032 5.606428980315 9.515205925575 9.451445091410001 5.628717672234 5.588460629592 5.566394997906 5.55414959709
9763200.0 269.7320322909 269.1160097407 268.3332537533 267.4717321318 266.7266038224 266.3870991511 266.2141221218 5.717445107915 9.845377782345 9.65022181998 5.684295964695 5.606724055527001 5.574742943232 5.559157382694
9849600.0 269.8925185686 269.4541041759 268.7880524092 267.8902323362 266.9616003991 266.5105108376 266.2791852646 5.731374552785 9.943670831355 9.758711242565 5.733206777385 5.630016869253 5.586145399665 5.564965888875
9936000.0 269.7831718867 269.467552454 268.9454732055 268.1467370435 267.1799249727 266.6491888987 266.3534810802 5.7217826526 9.947792843295 9.799338233684999 5.7654591742529995 5.652590677248 5.599253974101 5.571676804641
10022400.0 269.6752905452 269.4231089892 268.9946767395 268.2976308832 267.3611281135 266.7879722841 266.4349146103 5.712737537715 9.934236023725001 9.812397513819999 5.785336394061 5.672062022565 5.612699697138 5.579130430242
10108800.0 269.2759002365 269.1403174805 268.8625800641 268.3271782459 267.490692247 266.9142499535 266.5197088926 5.68239735431 9.852122535185 9.777730822795 5.789312123634 5.686420742835 5.625231316059 5.587003385928
10195200.0 269.631266583 269.3782123747 268.9980299076 268.4212174369 267.6044259246 267.0291052323 266.6050219722 5.7091586453300005 9.92072888246 9.8132939713 5.802154964433 5.6993412082049995 5.6368864016760005 5.595042688407
10281600.0 269.5584120716 269.3629046987 269.0338486911 268.494155593 267.7053503628 267.1342857216 266.689129997 5.70337168694 9.9161658847 9.822922390530001 5.812320554637 5.711065133181 5.6477832862829995 5.603087727468
10368000.0 270.2200506707 269.8635472737 269.3625612734 268.6828342118 267.8259728137 267.2385473511 266.7721674889 5.763031225695 10.077597638535 9.916063758525 5.839492760397 5.725410582711 5.6588041457610005 5.61114983895
10454400.0 272.4180913607 271.5380286015 270.456133693 269.2422689866 268.0494233495 267.3677601407 266.858272068 6.328838608174999 10.94356277638 10.30993259347 5.928560350161 5.75300327283 5.6727778317899995 5.619638692836
10540800.0 272.6428126399 271.9996817853 271.0428102468 269.7463790096 268.3213498046 267.5204043499 266.9490933327 6.538810448655 11.387677141855 10.606830980655001 6.0224331055230005 5.788525660791 5.689757189202 5.628739086435
10627200.0 272.3757009068 271.9574696331 271.2233129562 270.0646867929 268.5920584194 267.6953693666 267.0489112224 6.299247678905 11.33914843708 10.71787067208 6.090380069598 5.826257988483 5.7098850906509995 5.638920087483
10713600.0 270.5894599944 270.7378472558 270.6492138437 270.0221767348 268.7759005955 267.8645584299 267.1565124421 5.805280504040001 10.44207664336 10.398661705365 6.080849273478 5.853387372105001 5.730069720969 5.650112495655001
10800000.0 270.4556190186 270.4203200994 270.2879199263 269.8444126983 268.8458401484 267.9959121909 267.2638121212 5.789039084815 10.294281066235001 10.238407803580001 6.042551575716001 5.864055449258999 5.746261426278 5.661506842842
10886400.0 270.3386408664 270.262989154 270.1010464475 269.7122788881 268.8703966362 268.0947795129 267.36463382 5.77574263804 10.228220316835 10.16442134403 6.015591161553 5.867848611282 5.758765778346 5.672433827529001
10972800.0 269.5621676549 269.6523787555 269.6817152418 269.4938269147 268.8476717699 268.162203952 267.455535156 5.703665968605 10.00626657195 10.015874886935 5.973537892881001 5.864337511914 5.767456235541 5.6824756741260005
11059200.0 269.6454785708 269.6115830434 269.5443857643 269.349670666 268.8092286002 268.2056150432 267.5351287213 5.7103071118 9.99305841993 9.971680551870001 5.947342867470001 5.858446266531 5.77312357992 5.691421409247
11145600.0 270.1791015208 269.9811837162 269.720191192 269.3661739676 268.7982576281 268.2398815863 267.6046747093 5.758808155585 10.119664897235001 10.02861952947 5.9502831714869995 5.856776040459001 5.777637775692 5.699358462273
11232000.0 270.5711692037 270.315391308 269.9557578432 269.473334011 268.8267899956 268.2774788434 267.6671849366 5.8029915644850005 10.24975256308 10.11042168949 5.969742165837 5.8611299782740005 5.782632741354 5.706591165783
11318400.0 271.7954168999 271.2569770946 270.5733633579 269.7779118257 268.9252142535 268.3333619655 267.7272467466 6.03881903824 10.7399057003 10.362893117330001 6.028830616167 5.876407409898 5.790139788951 5.7136307503140005
11404800.0 272.3188477478 271.7849849894 271.046270695 270.1069678389 269.074635654 268.4128708635 267.7892922719 6.26294325744 11.15959129105 10.608855277795 6.1000108345860005 5.900402770545 5.800995500522999 5.720997916161
11491200.0 271.9971146455 271.6879382722 271.1458547477 270.3016688005 269.2246368948 268.507349415 267.8554375252 6.1080140667250005 11.06970444893 10.668811500644999 6.146441919789 5.925533736444001 5.814171572369999 5.7289609854690005
11577600.0 272.5607783024 272.0841041637 271.4229125984 270.5129245415 269.3762546626 268.611212086 267.9261943182 6.449245399365 11.491196679405 10.855544517625 6.2011499749259995 5.952086476413 5.829017928999 5.73760726005
11664000.0 272.6780867118 272.2541203387 271.618103097 270.7016462607 269.5253616892 268.720433336 268.0012084903 6.583825017210001 11.73172155651 11.009173203455 6.254475522282 5.979426974751 5.845058871708 5.746922543781
11750400.0 272.7397060804 272.3519130954 271.752380638 270.8569752874 269.6660615777 268.831281149 268.0796197828 6.674994119525 11.89527380184 11.12859275236 6.302049235194 6.006441827121 5.861811873933 5.756828511525
11836800.0 272.7490323006 272.3990927606 271.8409841813 270.9801745615 269.7945546076 268.9405337682 268.1602967286 6.6904699000150005 11.98265796898 11.214876731950001 6.342503249291999 6.032235035159999 5.878816098732 5.7672068436810004
11923200.0 273.1654324317 272.6533497671 272.00263034 271.1072336322 269.9165868631 269.0479628714 268.2417558523 10.864229082325 12.597342835295 11.39114331889 6.387095900646001 6.057807797961001 5.896040072871 5.777884021731
12009600.0 273.8742942177 272.8244705387 272.1703132355 271.2534525737 270.0365925232 269.1527578849 268.3242116059 36.093539997004996 13.26665160759 11.607143835645 6.442546577403 6.0840644910420005 5.913350279058 5.788902004155
12096000.0 273.2404930535 272.924279532 272.3011121674 271.3882717925 270.1566523481 269.2565664303 268.4070422414 35.84377905094 13.88258439742 11.80760032697 6.498224924495999 6.111526986008999 5.931021211931999 5.800190856984
12182400.0 273.2358316344 272.940143544 272.3745118845 271.4980526316 270.2714540651 269.3592189326 268.4900096924 28.71769369821 14.00931099534 11.936365743775 6.547318989789 6.139000762070999 5.949037716453 5.811728593404
12268800.0 273.2202177158 272.9221299176 272.4080780785 271.5789133617 270.3755985462 269.458899114 268.5728338382 18.460972428799998 13.866204604745 12.000017128085 6.585948649085999 6.165039305547 5.967079025421 5.823485115504
12355200.0 273.1070549149 272.8900059855 272.4211814119 271.6367854527 270.4662100772 269.5531591473 268.6548287123 8.854032752550001 13.640723047020002 12.02577101222 6.615030152235 6.188627705058 5.984663620347 5.835368078718
12441600.0 272.9021314719 272.7626868324 272.3870662217 271.6712319506 270.5441647709 269.6410969001 268.7352482454 7.049085753999999 12.986100429585 11.95979418915 6.632955111489 6.209667719304 6.0015544620179995 5.847268033341
12528000.0 272.723055413 272.6063631515 272.3027681987 271.6703138133 270.6050829568 269.7205340834 268.8130107982 6.648553047279999 12.459614547894999 11.81036207558 6.632471122539 6.226620890244 6.017237413434 5.859014938512
12614400.0 272.9265101256 272.6735821235 272.3015532246 271.6747613073 270.6531106345 269.7906674348 268.8870344139 7.1357231831 12.661349442615 11.80833526738 6.634818812976 6.240319775979001 6.031435596036 5.870424864156
12700800.0 273.2391092755 272.8466534489 272.3665717476 271.6957014055 270.6977691675 269.8567709768 268.9591026178 33.37212778741 13.382723203294999 11.921772577925 6.645983080475999 6.253332904776 6.04513427154 5.881754990871
12787200.0 274.5713401202 273.0446351096 272.4866362031 271.7572189897 270.745179991 269.9174321286 269.0275936237 35.933943351980005 15.27941812848 12.162937548164999 6.679883915235 6.267450295863 6.057986904564 5.892732872277
12873600.0 274.421487544 273.2286006834 272.6154519959 271.8431537865 270.8028906588 269.9768466759 269.0927551435 36.01230156381 27.875507768800002 12.485159352984999 6.730243950747 6.28507378794 6.0708477581219995 5.903374061856
12960000.0 273.2996927953 273.2268545266 272.6832170328 271.9225456614 270.8677609895 270.0377425477 269.1556812246 36.06869056773 27.28247342792 12.69294044833 6.780282652065 6.305489704101 6.084320509869 5.913838871649
13046400.0 275.2144450216 273.6247128528 272.7270638515 271.9853751462 270.932691165 270.0997265629 269.2173188899 36.110264937015 36.891933061799996 12.846853273434998 6.822601823676 6.326605266885 6.098349661767 5.924275320675
13132800.0 273.7044338363 273.3612374334 272.803397083 272.0479751759 270.9953398406 270.161625992 269.2780258825 36.1448715902 36.840548553935 13.164530127275 6.867466912473 6.34766538069 6.112691441391 5.934740156814001
13219200.0 273.2411899859 273.2401053195 272.8268175718 272.1011662402 271.055749378 270.2226018256 269.3378334087 35.123514182354995 34.40327001382 13.278494824270002 6.907959912252 6.368651901213 6.127158042636 5.9452365554430004
13305600.0 273.2368544106 273.2336398831 272.8292983981 272.1413645775 271.1128038498 270.282332888 269.3968642678 30.007086440595 30.006104052155003 13.291121361030001 6.940164459795 6.389123463477 6.141669539403 5.955784466247
13392000.0 273.2314958703 273.2200700868 272.8275030046 272.1691372544 271.1639675329 270.3399270124 269.4548618508 24.474177516315 25.43005956805 13.28197224537 6.963290478891 6.4080512380979995 6.155995573737 5.966335663176
13478400.0 273.2174276719 273.1990393037 272.8257853374 272.1905038733 271.2090899401 270.3944134192 269.5115344455 17.54201536374 22.013401866675 13.27327396642 6.981601738059 6.425216311665 6.169863544596001 5.976831854646
13564800.0 273.1892553277 273.1776386624 272.8221361032 272.2077879545 271.2492835337 270.445539797 269.5665902248 12.63864177889 20.042809871430002 13.25496913035 6.996761353224 6.440898154101 6.183166747308 5.987210640621
13651200.0 273.1599912022 273.1589274485 272.817008657 272.221973246 271.2856043927 270.4935820558 269.6199296566 10.57907184732 18.85913630333 13.2296422451 7.009444410879 6.455401226277 6.195934262724 5.997442676319
13737600.0 273.1329442123 273.134162557 272.8099659015 272.2335257211 271.3186309578 270.5387614077 269.6714875351 9.52188150077 17.706345663824997 13.195577678500001 7.0199396024850005 6.468874305723 6.208186086345 6.00750376329
13824000.0 273.0963444579 273.0881238163 272.7961432519 272.2417121925 271.3486355805 270.5812534623 269.7212296495 8.637612698195001 16.236220141445003 13.131022839984999 7.0274695428689995 6.481359545441999 6.219934155267 6.0173747722019995
13910400.0 273.0551691844 273.0230796713 272.7689331824 272.2442142238 271.3754861387 270.6211860821 269.7691748667 8.008418704585 14.923094881655 13.012035708545 7.029786528786 6.492737204841 6.231180530802 6.0270466757009995
13996800.0 273.0221959394 272.9614076836 272.7305080532 272.2379434603 271.3975632766 270.6577988058 269.8148734968 7.670705866325001 14.197652703565 12.859715505085001 7.023993381438 6.50224178334 6.241673221958999 6.036413675046
14083200.0 272.9972359153 272.9112071017 272.6909573934 272.2265000392 271.4156317549 270.6915695479 269.8586861622 7.486777939024999 13.78563656978 12.718868676535 7.013538883632 6.510123802332 6.251510134542 6.045534050592
14169600.0 272.9800701009 272.8754533522 272.6564747913 272.2128071228 271.4301689397 270.7225179453 269.9005823248 7.383078820230001 13.548917927000002 12.607030897284998 7.001223690378 6.516534355563 6.260662648194 6.054387310098
14256000.0 273.0603058146 272.8871329205 272.6394016143 272.2012575216 271.4426338277 270.7513532397 269.9409473469 8.073409294585 13.62213664887 12.554941443190001 6.9909962338469995 6.522080989734 6.269312062986001 6.0630423441809995
14342400.0 275.4449112949 272.9982575352 272.6530782661 272.1960193629 271.453837811 270.7782665343 269.9798153986 35.945288732019996 14.59048240253 12.59650445714 6.986404886751 6.527106506283 6.277493747055 6.071495803962001
14428800.0 275.7293147504 273.8081575753 272.7581914671 272.2164708434 271.4662408719 270.8032087694 270.0167904771 35.98475572218 36.9903859093 12.967731731990002 7.00449837255 6.532714663488 6.285172310583 6.079649165814
14515200.0 276.3397889897 274.4270637672 272.880523602 272.2700774482 271.4864704053 270.8278216012 270.0520386534 36.017163268145005 36.977842615095 13.580253704084999 7.054177849497 6.541964533263 6.292842205815 6.087525638421
14601600.0 276.9790366084 275.054655683 273.0009204644 272.3388864391 271.5170189164 270.854453279 270.0860538354 36.04398751472 36.990408732035 14.623048527795 7.123314909668999 6.556181178126 6.301247443773001 6.095225134134
14688000.0 275.6925670666 274.766302619 273.1728226577 272.4111942646 271.5550994946 270.8841548259 270.1195141996 36.063719220605 37.00310427166 19.702831822285 7.203656441883 6.574338289989 6.310755120273 6.102895764858
14774400.0 276.3219483912 275.0807555977 273.2246974914 272.4801896536 271.5993834532 270.9177190628 270.153101835 36.08102883606 37.01527669395 26.624713524485 7.289249968713 6.596091989988 6.321673636407 6.1106943675
14860800.0 277.6434503511 275.9107568118 273.3093358852 272.5314804185 271.6442741832 270.9535883072 270.1871074283 36.09749845802 37.027721129745004 37.16686687632 7.359746940879 6.618886806771 6.333553059363 6.118693307715
14947200.0 278.0550923512 276.544192215 274.1588702266 272.6125473816 271.6905365593 270.9911318819 270.2216803274 36.110397135830006 37.0401719763 37.13247556714 7.4861650088700005 6.643212301683 6.346228841157 6.126934892313
15033600.0 276.9794852448 275.942501923 274.0779458766 272.6723108479 271.7391818852 271.030425325 270.2569175303 36.118318764805004 37.05089178897 37.123090372935 7.594341713031 6.669768083151 6.3597703772130005 6.135451034031
15120000.0 277.6305853357 276.2830567258 274.1976036192 272.7103673578 271.7852623844 271.0705527901 270.2927321335 36.12753623649 37.06139859278 37.12048117624 7.671699630243001 6.69591520308 6.3739011823650005 6.144230095778999
15206400.0 278.1118705735 276.825357385 274.8568354636 272.8088131607 271.8333484717 271.1111834453 270.3289996768 36.13507172553 37.071502959395 37.118948170225 7.914047709258 6.724307714724 6.388532977011001 6.153250370064001
15292800.0 278.5494072213 277.222968667 275.1497490381 272.8766994086 271.884329732 271.1528473299 270.3656816522 36.141445927330004 37.08087977523 37.11771956137 8.133934085052001 6.755744821941 6.40388994681 6.1625106903599995
15379200.0 276.6966646749 276.0797758907 274.7448069936 272.9134823849 271.9328691622 271.1950689053 270.4027470193 36.142398223005 37.087655328615 37.116600194069996 8.28123872361 6.787062450540001 6.419833727079 6.172011709314
15465600.0 278.0778344353 276.8008874035 274.9620203296 272.9348340435 271.9760723504 271.2367289739 270.4400815303 36.148006886495 37.095151140135 37.115344929615 8.379421584108 6.816172151919 6.435959176644 6.181732232559
15552000.0 280.0813404181 278.3167430073 275.8576636336 273.0229225783 272.0154821825 271.2769829491 270.4774296793 36.155713180685 37.103834926895004 37.1143580094 8.952456239775 6.843823251294 6.451929360705 6.191611990905
15638400.0 280.0795809371 278.695663307 276.4859002634 273.1677179763 272.0657801938 271.3176032881 270.5145826823 36.15696866898 37.11035348974 37.113672454985 11.622842204334 6.880765992126 6.468450863769 6.201599143863
15724800.0 276.8737443684 276.6152697848 275.6034575118 273.2085075962 272.1175600387 271.3595211414 270.5517959206 36.15084596944 37.111853933125 37.112154868085 13.961468906118 6.920919048081 6.485948491839 6.211766265471001
15811200.0 277.9474958488 277.0146378245 275.5847599843 273.2238705649 272.1622398803 271.4013517899 270.5892059534 36.152873511195 37.11570151443 37.11106720937 15.834859150790999 6.957477329106 6.503886666699 6.222157709097
15897600.0 277.2779235868 276.5953878642 275.3814357385 273.2318338279 272.2004444558 271.4416267994 270.6265019657 36.146531005115 37.117979163235 37.10996992543 17.493978265191 6.990281654016 6.521631151806 6.232693086486
15984000.0 278.6688778279 277.4983479339 275.8082946404 273.2380753024 272.2331248847 271.4797672964 270.6634252003 36.13959258426 37.121167063225 37.10907930567 19.627854984636 7.019572903769999 6.538885274181 6.243301405605
16070400.0 280.9977280365 279.2138970871 276.7564621608 273.2429369986 272.2620407848 271.5160164208 270.6998675682 36.135272463090004 37.12618080388 37.108819149314996 22.551260924745 7.04651105043 6.5557097896980006 6.253951065468
16156800.0 280.0200026598 278.9694039084 277.1334804424 274.1178178617 272.3090612339 271.5523479628 270.7357336508 36.120241147165 37.12688720044 37.108360907625 22.783147037139 7.092548351145 6.573009674187 6.264612043761001
16243200.0 274.7524104594 275.3719432948 275.3878752031 273.920189495 272.3614247068 271.5909575151 270.7713294585 36.103084046345 37.12301423196 37.106297552905 22.773256659138 7.147442138253 6.591898194324 6.275374669377
16329600.0 278.3112282469 277.0556538839 275.6319499882 273.8355406395 272.4059429431 271.6303952258 270.8069109649 36.09575374839 37.123848252995 37.10535054504 22.765048990395 7.197522182793 6.611756567706 6.286320057546
16416000.0 279.5123447392 278.2547750395 276.5027581324 274.0774664054 272.442812837 271.6686563835 270.8424621871 36.08722656817 37.12504592846 37.10496950577 22.758973110306002 7.241685535083 6.631598296659 6.297449097579
16502400.0 281.110053519 279.586516875 277.4345895026 274.371039147 272.4747290045 271.7050899544 270.8776970798 36.080470808855 37.126921362355 37.10523865452 22.754748376326 7.282112776689 6.651048898112999 6.3086757801990005
16588800.0 283.0605444276 281.188669592 278.535858017 274.7280778486 272.5018012999 271.7393823224 270.9123969067 36.07563570288 37.130038057865 37.10644201216 22.752071103765 7.3181693055390005 6.669879675033 6.319929756921
16675200.0 281.0312670225 280.0548868199 278.1980048066 274.7799310512 272.5243670101 271.7713656521 270.9463661175 36.055711677035 37.125006872865 37.10524692075 22.750365385719 7.3495754040509995 6.687924040212 6.331143275604
16761600.0 282.3344072127 280.8330562618 278.5768563604 274.9637489631 272.551676721 271.8021675441 270.9795574024 36.04874902798 37.124985824250004 37.1054136021 22.74918616599 7.389376707279 6.705763662579 6.342294054591
16848000.0 282.9101560357 281.4215042286 279.1478698853 275.6716932275 272.6272929464 271.8385372513 271.0126069898 36.038686932234995 37.124203585795 37.106083961585 22.747962885447 7.511519979806999 6.727442684736 6.353594182776001
16934400.0 283.7648934117 282.1813422515 279.7949828178 276.1603276923 272.6925639214 271.8786811899 271.0460183959 36.029772612865 37.123743392645 37.107151025614996 22.746853917264 7.634587953972001 6.752190468909 6.365224534785
17020800.0 284.2654636131 282.703611879 280.2946197448 276.5097571237 272.7403039977 271.9191340992 271.0798488289 36.01922418494 37.122245058185 37.108057450895 22.745777186997003 7.738184195721 6.778056591363001 6.377219609241
17107200.0 283.2557622135 282.1170138644 280.1260306987 276.5950216171 272.7736216918 271.9575118855 271.1137988702 36.0022544865 37.11653986502 37.107210067095 22.744589390721 7.819095952940999 6.803517610524 6.389486323962
17193600.0 283.9313111305 282.5238086833 280.3320102141 276.7073237665 272.7969344849 271.9927326927 271.1474879395 35.992856197035 37.114010293425 37.10741577969 22.743420881595 7.880783475024001 6.827729072943 6.401893931898
17280000.0 283.6432928296 282.3918403806 280.3254058309 276.7683734695 272.8135712521 272.0245500029 271.1805526382 35.97908551962 37.10936010783 37.107079864300005 22.742223660858002 7.927748103744 6.850342235664 6.414307688082
17366400.0 284.256616556 282.815913079 280.5755619371 276.8960286397 272.8268029461 272.0532553241 271.212719908 35.969352983035 37.106434249124995 37.107512616945 22.741072395555 7.967052429612 6.871384839255 6.426617135823
17452800.0 283.2806351414 282.2338360008 280.3936462858 277.1238254824 272.9771429044 272.0939548185 271.2451101112 35.952670551545005 37.099741145555 37.106716535945 22.739935909038 8.61211197867 6.902333055573 6.439252165014
17539200.0 279.9403555812 279.8325547469 279.0747172185 276.877898119 273.0751875215 272.1407892044 271.2784718851 35.929466855415 37.08786612351 37.10304419935 22.738415872401 9.55143150636 6.939693136152 6.452527640067
17625600.0 279.0599125074 278.8258523628 278.1917466409 276.4872192325 273.1259653295 272.1866505118 271.3127229489 35.91663126634 37.080833352865 37.1008554602 22.73681071563 10.436230056687 6.978264883281 6.466443692607
17712000.0 282.0452123358 280.7180767749 279.0123438965 276.6326333752 273.159952601 272.2288725343 271.3473712822 35.914766265284996 37.08055709393 37.102099008349995 22.735509054708 11.349293869848 7.015694044131 6.48082863603
17798400.0 276.6748715262 277.2150149224 277.2472427928 276.0806578874 273.1795194575 272.2665274664 271.3818371821 35.891052869090004 37.06847699776 37.098649217340004 22.733861847387 12.110211292353 7.050781340439 6.495457416203999
17884800.0 278.2544120319 277.7620396654 277.0816130904 275.7815945447 273.1916983521 272.2997465053 271.4156313602 35.883129401135 37.064289970435 37.098011104435 22.732367856684 12.739375371165 7.083196494006 6.510123629121
17971200.0 279.9223651979 278.9589402446 277.680495926 275.881521723 273.2013091288 272.3291283322 271.4484167667 35.876427936925 37.06138781059 37.098441518735 22.730995129521002 13.37106741627 7.11310731939 6.524670151089
18057600.0 281.3302352788 280.1392036194 278.493742702 276.225917862 273.2102252125 272.3553305322 271.4799995039 35.869686574300005 37.058949374105 37.09955833543 22.729729897044 14.12227144287 7.140840703764 6.538991706927
18144000.0 282.016243505 280.8463252905 279.123022236 276.6038602421 273.2184157756 272.3788783682 271.5102904981 35.860657260855 37.05550667682 37.100663789425 22.728541798836 15.035777580219 7.166678666796 6.553023746271
18230400.0 279.4755966202 279.2143071537 278.3988765284 276.5069825441 273.2246846819 272.4001328733 271.5392653238 35.84156515427 37.045920390415 37.098956986859996 22.727118577815 15.972615144860999 7.1907930793079995 6.566728401753
18316800.0 277.6920799516 277.7132788889 277.378478201 276.0948750892 273.2288986063 272.4193826172 271.566938053 35.827887447235 37.037847230225005 37.097034257825 22.725553274094 16.789736275989 7.213322477562 6.580084981664999
18403200.0 281.3303342524 279.9988310375 278.3818953696 276.2810122878 273.2323431812 272.4368875775 271.5933466692 35.826742895965005 37.036964673985004 37.098410262655 22.724247733659 17.630991680175 7.234411625271 6.593084677494
18489600.0 279.9609897545 279.3777124688 278.2855246305 276.3404390188 273.2351995298 272.4528702706 271.6185433455 35.811243700895 37.029926194395 37.098055443455 22.722901160481 18.504595752207 7.254194332437001 6.605726864184
18576000.0 282.0896505343 280.8099100708 279.0783476273 276.6509929857 273.2377532945 272.4675119115 271.6425872971 35.807461757045 37.027928314045 37.099529270135 22.721697575217 19.486246775844 7.272781217919 6.618016144464001
18662400.0 282.6736317775 281.4672848801 279.6730446018 277.0060015971 273.2400495661 272.4809632628 271.6655401751 35.798155013439995 37.024059461285006 37.100873681735 22.720572454182 20.610892664829 7.290266512254 6.6299602995599995
18748800.0 278.8081960755 278.891301365 278.4061369786 276.7055060611 273.2417864249 272.4933953803 271.6874663546 35.775287161449995 37.011605608850005 37.097990743859995 22.719022947549 21.687328222047 7.306790862006 6.641570580756
18835200.0 280.0387031209 279.3523608537 278.340580045 276.5474902186 273.2431121671 272.5050117352 271.7084353177 35.76825630159 37.006855033144994 37.097722139195 22.717571019915002 22.695820034685003 7.322559958773001 6.6528631398539995
18921600.0 278.6833268595 278.4275328461 277.7858713159 276.2890009163 273.2441162608 272.5160581634 271.7285200902 35.754584098624996 36.999296495375 37.096627261125 22.716077726279998 23.602840288317 7.337861865153 6.663858394194
19008000.0 279.8119751259 279.0077158002 277.8984758894 276.1979485353 273.3621026547 272.5286518117 271.7479941841 35.747322009034995 36.994735183765 37.096651110165 22.714667330337 24.284676746976 7.355686226601 6.674691592596
19094400.0 278.8069106533 278.4627339474 277.7213890975 276.2225844686 273.7143951292 272.5545362537 271.7674625358 35.73447301596 36.98795687174 37.096246782695005 22.713292878501 24.274008153417 7.393664888508 6.6856962786
19180800.0 277.7769252618 277.6358368924 277.2003914532 276.0707655848 273.8065298164 272.5872765266 271.7879881973 35.722738626875 36.980965159095 37.095367439575 22.711837437666 24.26384539176 7.444521668913 6.697493649081
19267200.0 279.2967224002 278.5565950461 277.5740117117 276.1369400708 273.8517319045 272.6188784593 271.8098155447 35.7159837301 36.976756277275 37.095710974919996 22.710461206694998 24.254044726137 7.496951888259 6.710266029141
19353600.0 280.9882434911 279.8864043418 278.4225019971 276.4923475546 273.9308041515 272.6480381826 271.8323226014 35.710464915684994 36.97380788585 37.097042728794996 22.709227216682997 24.244499521719 7.548621675177 6.723689586999
19440000.0 280.3250762031 279.6637255811 278.5428039837 276.7091118747 274.0146598034 272.6750597736 271.855157015 35.697752731565004 36.967357628815 37.09722031066 22.707959286249 24.235215837927 7.599687807855 6.737581068699001
19526400.0 282.5862594226 281.2646705013 279.509672065 277.1701918961 274.1293643398 272.7002482797 271.8780408748 35.69503997548 36.965651638255 37.099331859775 22.706888992434003 24.226179459294002 7.650398425725001 6.7517886981510005
19612800.0 282.3982285344 281.4248908002 279.8917229682 277.5344195662 274.2502183002 272.7235796263 271.9007572395 35.68308834386 36.95997304533 37.10032734391 22.705811754561 24.217395594864 7.7003782599960005 6.766186621536
19699200.0 281.9625068855 281.1987601151 279.9084831127 277.71516168 274.3469890971 272.7448301153 271.9231248177 35.670621914195 36.95307866786 37.100402617035 22.704601665321 24.20885867028 7.748721977199 6.780661262022
19785600.0 283.2005544805 282.0652964322 280.4339430788 277.9995715319 274.4413252212 272.7639311451 271.9449934567 35.664625340709996 36.949535491995 37.10187827307 22.703510160783 24.200545812609 7.7947369763309995 6.795109989303
19872000.0 279.7364994485 279.7832880642 279.3099237608 277.7255091987 274.4622597638 272.7808129269 271.9662379809 35.64208784383 36.936773234855 37.09897500568 22.701861718716 24.192446679963002 7.837644224871 6.80943859566
19958400.0 281.2738253997 280.5055937158 279.4261130793 277.6424684638 274.4611430406 272.7956239013 271.9867643856 35.636807579410004 36.932505082215 37.09920685002 22.700403134972998 24.184526893038 7.877192542434 6.823567079403
20044800.0 278.9245894566 278.9282411306 278.5512208034 277.2892131985 274.4171182668 272.8085855681 272.0065112659 35.620057002624996 36.922716459565 37.09723789426 22.698717251523 24.176771055647997 7.9133979054750005 6.837432732189
20131200.0 278.8554757883 278.6068366038 278.1183235101 276.9647218165 274.350518824 272.8199599366 272.025447985 35.610400974285 36.916170312664995 37.096326323970004 22.697091482235 24.169159327602003 7.946498800931999 6.850991098650001
20217600.0 279.6720473644 279.0840618012 278.2411436415 276.8612391667 274.3029699591 272.8300114339 272.0435702597 35.602691291084994 36.911204133725 37.096444012545 22.695640779408 24.161670990725998 7.9768627743269995 6.864214926969
20304000.0 279.6334518805 279.1095584256 278.2656432236 276.823242564 274.2782078699 272.83896677 272.060893627 35.5927565579 36.905336559430005 37.09640901728 22.694240892609 24.15429696516 8.00485576194 6.877091163174
20390400.0 277.1240568132 277.341202538 277.2643526379 276.4343948933 274.2178236168 272.8470064784 272.0774467378 35.578696221675 36.89660160379 37.094736674835 22.692646449974998 24.147044804049 8.030789244116999 6.889617251889001
20476800.0 278.7675802964 278.1934292001 277.4606740524 276.322422243 274.1690923985 272.8542824889 272.093266333 35.57224572159 36.892066063925 37.094854974055 22.691219255895 24.139893872835 8.054951992521 6.901798166856
20563200.0 276.6466868206 276.7953153813 276.697432831 275.9912252422 274.1016418362 272.8609210897 272.1083935567 35.559914647145 36.884610203434995 37.09380846548 22.689718591899002 24.132847567785 8.077603147779 6.913644066654
20649600.0 275.6817007031 275.8722585218 275.9512098901 275.5571315254 274.0060008535 272.8670305608 272.1228715165 35.55085015338 36.878516122125 37.09305999438 22.688240257149 24.125903578056 8.098984787928 6.925168637343
20736000.0 277.3712375878 276.8647263776 276.2768593746 275.4734701606 273.9417401303 272.8726972108 272.1367433598 35.54334375517 36.873627621105 37.093052069639995 22.686859671708 24.119034313529998 8.119297494387 6.936387652173
20822400.0 276.8026968457 276.5901203252 276.179877424 275.3991706681 273.9017177149 272.8779879077 272.1500508472 35.53378645299 36.867871509915 37.092806938575 22.685490115722 24.112238605647 8.138698914702 6.947317784586
20908800.0 277.2735463445 276.8785089727 276.3067808691 275.4073531458 273.884725864 272.8829536483 272.1628333939 35.525495415195 36.86259316613 37.092715307009996 22.684135378707 24.105514655991 8.157308314905 6.957975704619
20995200.0 277.4093018392 277.0165533586 276.4137290977 275.4494780523 273.8846077776 272.887633712 272.1751275453 35.516782639765 36.85719023746 37.09262610511 22.682789938103998 24.098864090621998 8.175215684718 6.968377472385001
21081600.0 276.3589498523 276.3031576902 276.0404867056 275.3303463103 273.8707107328 272.8920628418 272.1869669535 35.507041932195 36.851124130495 37.092189982185 22.681431535376998 24.092298852747 8.192505095448 6.978538328982
21168000.0 276.269016952 276.1216158605 275.8357005536 275.1976809631 273.8441951571 272.8962720665 272.1983825557 35.498464321185004 36.84558981213 37.091876035510005 22.680079675569 24.085815198132 8.209256013027 6.98847266598
21254400.0 273.6967835925 274.310764066 274.8405117629 274.8399277147 273.7927485163 272.9003264025 272.209495233 35.25418092233 36.8403803718 37.09154168035 22.678754666436 24.079393133526 8.225695992918 6.998276145156
21340800.0 273.3071257194 273.602701944 273.9889894841 274.260586441 273.6799713336 272.9042186758 272.2202583128 28.994713299655 36.835845740479996 37.091663285420005 22.677549458394 24.073066661388 8.241770755263 7.0078992637679995
21427200.0 273.2139790303 273.3880652697 273.6340120774 273.8524796168 273.5381809083 272.9079634409 272.230654755 16.581127428145003 36.830947121075 37.091653474085 22.676385777732 24.066826283637 8.257515538281 7.017317213355
21513600.0 273.02673198 273.2927096021 273.4476919867 273.5989821776 273.4265710795 272.9115894224 272.2407158581 7.70958881329 36.825559756429996 37.09152427708 22.675194414219 24.060629885658 8.273030617176 7.026548941503
21600000.0 273.0588627726 273.2596015521 273.3510769178 273.4482241655 273.3526206569 272.9151104686 272.2504564175 8.05483401516 36.80618033465 37.09130609357 22.673962011798 24.054468577677 8.288359047909001 7.035599351991
21686400.0 273.0411246642 273.2421581297 273.3000099098 273.3625060998 273.3077235454 272.9185308924 272.259885596 7.8475436083800005 36.585454585389996 37.091034524555 22.672695772125 24.048348749316 8.303505015633 7.044468634422
21772800.0 273.2336349211 273.2412694301 273.2714676595 273.3063808442 273.2770209581 272.9218680171 272.2690898102 26.352705234765 35.569266124895 37.090732779145 22.671413224560002 24.042260607312002 8.318532675444 7.053231326241
21859200.0 276.7114030161 275.2392916682 273.9204754436 273.3481849502 273.2605037975 272.9251125675 272.2780370685 35.354757237399994 36.722900752835 37.0896523215 22.670057572431002 24.036216201854998 8.333388238173 7.061851078287001
21945600.0 278.0509497451 276.9574285009 275.5471782642 274.1383155081 273.3604249665 272.9282452585 272.2866963106 35.36272915491 36.719905416295 37.088924463655 22.66827690228 24.030159661341 8.347967791982999 7.070290935701999
22032000.0 276.3176779297 276.0815389229 275.4995838827 274.4977523812 273.4873911251 272.9312640524 272.2951062286 35.365164374935 36.715563639725005 37.088692355730004 22.666857179835 24.024169823451 8.362243502904 7.078581660114
22118400.0 274.4492906036 274.6967658185 274.7647098255 274.3904658023 273.5402221299 272.9341834873 272.3033040362 35.369142104825 36.711974381705 37.088414864004996 22.665590318889 24.018299012421 8.376266884599001 7.086754211262
22204800.0 275.266659394 275.0536676784 274.78974638 274.3527148795 273.555315551 272.9370106703 272.3112987505 35.372136997185 36.708463134485 37.088060391599996 22.664300786457 24.012513382494 8.390056985247 7.094812567932
22291200.0 275.4062191128 275.1888471655 274.8687607988 274.3705081371 273.562203969 272.9397521314 272.3190988805 35.374893120799996 36.70510508444 37.08768983902 22.662995387712 24.00679104804 8.403631821968998 7.102760533593
22377600.0 274.8223234601 274.7997155614 274.6693172331 274.3067420252 273.556530086 272.94241407 272.3267125185 35.3771653983 36.70189378942 37.08737471048 22.661720221362 24.001132547811 8.417009425737 7.110601805070001
22464000.0 273.8461536836 274.0472404674 274.1895003636 274.0992014361 273.5238724805 272.9450028951 272.334147408 35.379599639115 36.699096322455 37.087211708035 22.660506710604 23.995543509333 8.430210502071 7.1183400212370005
22550400.0 273.4027967423 273.595555026 273.7946680409 273.855741802 273.4703621586 272.9475245257 272.3414109722 35.381384426485 36.696351111175005 37.087090666965 22.659331671483002 23.990017019219998 8.443254874962 7.125978775529999
22636800.0 274.0291611035 273.9346020331 273.8596600763 273.7658791129 273.4273846734 272.9499829526 272.348510277 35.38140575989 36.692799172840004 37.086575766915 22.658090227227 23.984531263188 8.456153718069 7.133521559598
22723200.0 274.5882028018 274.3628675703 274.1010900656 273.8129254518 273.4119605122 272.9523803873 272.3554519743 35.381520904625 36.689237001075 37.08593043094 22.656776632311 23.979074778198 8.468909652594 7.140971684205
22809600.0 275.4019517545 275.0071527994 274.5249393735 273.9900073147 273.4305350215 272.9547183461 272.3622422798 35.381555409315 36.68567902198 37.08524599993 22.65540382584 23.973645324282 8.481521989853999 7.148332232925
22896000.0 276.494746107 275.8979581735 275.1499296278 274.3026917962 273.4862884496 272.9569986539 272.3688869987 35.379520813315004 36.68237335156 37.0846854874 22.654000618383 23.968245758082 8.493992010611999 7.155606068589
22982400.0 275.5322465748 275.3942273531 275.0539594713 274.4133918261 273.5347679854 272.9592238744 272.375391586 35.372451140145 36.67881683924 37.084262794035 22.652697440805 23.962907693835 8.506325487849 7.162795878465
23068800.0 274.3121826207 274.4813749444 274.5346734996 274.2722775935 273.5404368025 272.9613968063 272.3817611989 35.36555582086 36.67557810684 37.083920855 22.651477855728 23.957648770728 8.518530121433999 7.169904215616
23155200.0 273.9162553026 274.0483108282 274.1535933021 274.066527039 273.5109558465 272.9635200885 272.3880007306 35.358412101885 36.672418203925 37.083616255704996 22.650293819187002 23.95245841335 8.530613370642001 7.176933521907
23241600.0 273.3106562174 273.4997778674 273.7140165079 273.8156012 273.4622684871 272.9656037809 272.394143962 32.48112720255 36.66953139359 37.08345077388 22.649152997667 23.947309143894 8.542626393695999 7.183919419392001
23328000.0 274.3264532115 273.9780356743 273.7149765256 273.6232827615 273.3978283979 272.9676437165 272.4001725073 35.354247993145 36.66555283596 37.082873602635004 22.648000583025 23.942208148893 8.554539596169 7.190838778863
23414400.0 275.0850916266 274.6991952375 274.2350625048 273.77939743 273.3809513597 272.969633952 272.4060661047 35.337601636675 36.66154362649 37.081892008605 22.646642716599 23.937122060214 8.566311430689 7.197665480541
23500800.0 276.3129337036 275.6940582377 274.9362435703 274.1256550823 273.4334174199 272.9715754612 272.4118274617 35.32830405077 36.657807992070005 37.081087289144996 22.645218886305 23.932046174310003 8.577940133757 7.2043994943600005
23587200.0 275.6934920676 275.4527601573 275.0103355342 274.3132512314 273.492033076 272.973476697 272.4174797062 35.31956320101 36.654050228125 37.080549911670005 22.643903339373 23.927018458491 8.589469744022999 7.2110650715819995
23673600.0 273.3727955325 273.7609759483 274.1310351028 274.1412976295 273.5144161123 272.9753446602 272.4230466055 30.55967878732 36.65114086615 37.080353693925 22.642728266937 23.922049919025 8.60093774289 7.217688171201
23760000.0 273.1125519117 273.3544738301 273.5930214505 273.7778955229 273.4687174913 272.9771783955 272.4285213143 8.97683096718 36.64791263341 37.080204684955 22.641662511435 23.917162992105 8.612333865204 7.224258820284001
23846400.0 272.7513825829 273.2711848245 273.4086959001 273.5429407957 273.3888670143 272.978974066 272.4338924759 6.694449611564999 36.637797122875 37.07976006272 22.640560814592 23.912337775431 8.623629217812 7.230761250864
23932800.0 273.0398293008 273.241554715 273.3209440239 273.4078724105 273.327773182 272.9807298763 272.4391637778 7.8341046600599995 35.882363580575 37.079205375775 22.639411976399998 23.90753506251 8.634806714898 7.237197647886
24019200.0 273.2300894616 273.2392051655 273.2809853698 273.328950314 273.2867706697 272.9824468304 272.444346699 23.417922131115 33.606848196790004 37.078584987835 22.638231499941 23.902748567301 8.645866764807 7.243579963848
24105600.0 273.4889340141 273.2374740416 273.260467283 273.2870408604 273.2632340269 272.9841196758 272.449435369 35.011006767165 32.27846993615 37.077927029395 22.637028925953 23.897984886255 8.656768967306999 7.24989897354
24192000.0 273.4005020082 273.2374272155 273.251164233 273.2656657155 273.2506669816 272.9857419929 272.4544237832 35.0262157204 32.24569863 37.077231129515 22.635815302512 23.893254565965 8.667463517298 7.256145020529
24278400.0 273.2150670318 273.2376277361 273.2462480164 273.2526134601 273.2444009851 272.9873234345 272.4593369845 16.866170407585 32.3870993469 37.076506819295005 22.634598054777 23.886877974771 8.678006371820999 7.26234753906
24364800.0 271.3896789692 273.212450309 273.2438388543 273.2467340686 273.2443863356 272.9888565734 272.464165188 5.93547188294 23.907534795540002 37.075739250505 22.633378389198 23.87195013948 8.688340530054 7.268492471778
24451200.0 270.6782997062 272.2988961003 273.2425471811 273.2443767454 273.2443682079 272.9903396313 272.468908338 5.816732797385 11.80391430617 37.070986100895 22.632159134931 23.853525827235 8.698445453697 7.274577873858
24537600.0 270.3181267364 271.7150620602 273.2415269602 273.2434650446 273.2443482004 272.991771263 272.4735671052 5.773490596405 11.094118811205 35.851382529845 22.630942007330997 23.833252172148 8.70830307228 7.2806027256900006
24624000.0 270.7675467562 271.6543651893 273.210062244 273.2431713529 273.2443269123 272.9931512347 272.4781436543 5.82883312213 11.040197856105 23.511050488645 22.629726660792002 23.811751194876 8.717902713927 7.286567975136
24710400.0 271.5290171663 272.0547500941 273.0393094291 273.2430932918 273.2443044666 272.9944758855 272.4826352413 5.96683914811 11.454163204039999 15.18403874491 22.628477733009003 23.789159157495 8.727209481633 7.2924681709620005
24796800.0 272.0284636571 272.329588637 272.9300343077 273.2430486829 273.2442809117 272.9957456389 272.4870440804 6.120299171505 11.855976131784999 13.927334791839998 22.627044596346 23.765536669697997 8.736216663024 7.298304326472
24883200.0 271.5305668423 272.0935662938 272.8735431232 273.2430269162 273.2442562913 272.9969632334 272.4913764544 5.967209072835001 11.50338526488 13.53728457669 22.624996811882998 23.740939343616002 8.744934426372 7.30408298001
24969600.0 272.3199652535 272.4850812351 272.9308141547 273.2430216993 273.2442302768 272.9981172622 272.4956191124 6.263623085585 12.159500875694999 13.9335026981 22.62069184383 23.715052776735 8.753271137459999 7.309784562576
25056000.0 272.1702091452 272.4793091325 272.9459465913 273.2430139684 273.2442033273 272.9992278675 272.4997993608 6.182508783655 12.146824307360001 14.058450802960001 22.614318574062 23.688347489661002 8.761363344633 7.315444076724001
25142400.0 271.9102124877 272.3199370177 272.8922543334 273.243001312 273.2441751065 273.0002831646 272.5039050192 6.07627153546 11.839366111724999 13.655433823329998 22.6039003923 23.660503715205 8.769116432886 7.321043554725
25228800.0 271.9576394846 272.2935134774 272.8283817084 273.2429804131 273.2441454823 273.0012799446 272.5079336894 6.09319378887 11.79500715082 13.28644266641 22.58674006359 23.631408031217997 8.776497636819 7.32657801972
25315200.0 272.3484364694 272.5004428748 272.8479196091 273.2429462 273.2441142155 273.0022117583 272.511879731 6.2813877518700005 12.19386505577 13.389641261285002 22.558761484689 23.600845644531 8.783449482288 7.332037890684
25401600.0 272.4501713133 272.591229879 272.8756449736 273.2428971989 273.244081456 273.0030872294 272.515753589 6.352875839200001 12.41815420305 13.55009005002 22.518934847696997 23.568984866535 8.790027138756 7.337435851593
25488000.0 272.4390582686 272.6067254398 272.8900259646 273.2428289628 273.2440471185 273.0039055865 272.5195559999 6.344377252385 12.460623342205 13.640853122554999 22.463950405353003 23.535764674023 8.79621663987 7.342771319115
25574400.0 272.3094440203 272.5422571626 272.8788380755 273.2427343226 273.2440111135 273.0046661067 272.5232876549 6.257272798985 12.292360456860001 13.569761780485 22.388592424386 23.501122743708002 8.802004611531 7.348043668272
25660800.0 272.5024008978 272.6306206429 272.8946291564 273.2426048393 273.2439733475 273.0053681158 272.5269492001 6.395505559745001 12.52892662257 13.671133513594999 22.287154808178002 23.464995627948 8.807378331807 7.353252230904
25747200.0 272.3610730301 272.5757586058 272.8875080069 273.242428445 273.2439337228 273.0060109909 272.5305412384 6.289558025835 12.37708405925 13.624549837979998 22.151973916263003 23.427318960051 8.812325816346 7.358396296938
25833600.0 272.1946847032 272.4701877624 272.8525525856 273.2421842487 273.2438921373 273.0065941669 272.5340643316 6.1945346709099995 12.12704620481 13.415242680815002 21.970334467917002 23.388027688914 8.816835923985 7.36347511668
25920000.0 272.0085984955 272.3349471291 272.7909724416 273.2418318902 273.2438484849 273.0071171443 272.5375190062 6.112459506465 11.86529534224 13.107616984420002 21.718896078951 23.347056341616 8.820898478741999 7.368487906965
26006400.0 271.8141574436 272.1821254696 272.7057131251 273.2412897419 273.2438026548 273.0075794995 272.5409057564 6.044623566875 11.623943259325 12.76972137528 21.354703649766 23.304339308924998 8.824504404396 7.373433855237
26092800.0 271.546963194 271.9755385824 272.5847798963 273.2403882556 273.2437545322 273.0079808967 272.5442250477 5.971153672054999 11.359675029385 12.400874728515001 20.802865024254 23.259811145093998 8.827645867938001 7.37831212419
26179200.0 271.4821169615 271.8801277896 272.4851950746 273.2388517096 273.2437039977 273.0083211004 272.5474773234 5.95587254282 11.255165013845 12.159752160910001 19.989326780640003 23.213406875154 8.83031642922 7.383121860380999
26265600.0 271.6298415309 271.9390854854 272.4547616522 273.2363502635 273.2436509274 273.0085999894 272.5506630093 5.991993256114999 11.31862826545 12.094283224315 18.918640757787 23.165062299297002 8.83251119283 7.387862201085
26352000.0 270.9273580278 271.4837514094 272.2384971563 273.2317910466 273.2435951928 273.0088175716 272.553782519 5.852170508335 10.901189611334999 11.707505092435 17.482692878892003 23.114714171433 8.834226958449001 7.392532282356
26438400.0 270.5813338586 271.1628577079 272.0109628928 273.2225396876 273.2435366599 273.0089739991 272.5568362596 5.8042607688 10.67939121001 11.40099440689 15.621182093223002 23.062300046271 8.835462365646 7.397131247852999
26524800.0 270.414545716 270.9829863288 271.8513818677 273.2025787258 273.2434751881 273.009069583 272.5598246377 5.784279848284999 10.572428675995 11.22544174412 13.466628765807 23.007757415412 8.83621802883 7.401658258317
26611200.0 270.1906691854 270.7887387898 271.7043778675 273.1563737994 273.2434106267 273.0091048079 272.5627480655 5.759992825995 10.467843810795 11.084438911925 11.233369869675 22.951021328388 8.836496657811 7.40611250166
26697600.0 270.263292715 270.793858041 271.6474684443 273.0609064373 273.2433428104 273.0090803464 272.5656069671 5.76758143279 10.47047113674 11.03423093692 9.361589873577 22.892021265344997 8.83630315941 7.410493203725999
26784000.0 269.9538646318 270.557367455 271.4740677095 272.8870997812 273.2432715561 273.0089970714 272.5684017851 5.736955646545 10.355504856005 10.893796982905 8.173154179014 22.830679194165 8.835644715674999 7.41479963955
26870400.0 269.9813320788 270.5156658083 271.3638547064 272.7138837578 273.2431966628 273.008856067 272.5711329872 5.739503425345 10.33648787431 10.81297385742 7.679234410902 22.766910323871002 8.834530834905001 7.419031145073
26956800.0 269.6506059815 270.2554659142 271.1716648233 272.5949452948 273.2431178938 273.0086586378 272.5738010723 5.710723058745 10.22516598738 10.684912324799999 7.456927448046001 22.700609812647 8.832973370928 7.423187129001
27043200.0 269.521423838 270.113462405 271.0350101893 272.5205874511 273.2430349357 273.0084063143 272.5764065778 5.70049618593 10.16917303746 10.60228210698 7.344225024825 22.63162091898 8.830986506106 7.427267085165
27129600.0 269.2982967018 269.9242906174 270.8921608726 272.4604205087 273.2429473095 273.0081008558 272.5789500852 5.68398097596 10.099098952675 10.52223750122 7.263722242188 22.559666638926 8.828586691542 7.431270604359
27216000.0 268.7471779699 269.4955657665 270.6151970339 272.3622966797 273.2428541386 273.0077442467 272.5814322265 5.64837413707 9.956435156425 10.382468031845 7.148391495998999 22.484172902649 8.825792533430999 7.4351973862289995
27302400.0 267.4984190324 268.5195225499 269.9829188571 272.1176539001 273.2427535099 273.0073386844 272.5838536893 5.586792598765 9.693165215855 10.120298795825 6.920993925672 22.403786485992 8.822624598783001 7.439047250055
27388800.0 266.9553529892 267.9498682563 269.4470323678 271.7051107401 273.2426423078 273.0068865599 272.5862152215 5.565670132835001 9.567568239925 9.941510191885 6.651060155586 22.316312685732 8.819105162345998 7.442820144405
27475200.0 267.1134141855 267.9327559994 269.2432463898 271.3668917798 273.2425182555 273.0063904489 272.5885176345 5.571542002205001 9.56404425464 9.8812143089 6.489073967115 22.220374140819 8.815258032900001 7.446516155634
27561600.0 267.7213077721 268.3358109053 269.3907355311 271.2723852934 273.2423755621 273.005853086 272.5907618068 5.596304160985 9.650798317965 9.924477758970001 6.450085398528 22.112105216901 8.811108246162 7.450135514793
27648000.0 267.6009236615 268.2839736843 269.3734676818 271.2372139341 273.2421996126 273.0052773052 272.5929486838 5.59110036529 9.639180300435001 9.919312278365 6.436149266418 21.981579633693002 8.80668150735 7.45367860143
27734400.0 267.183830198 267.969584279 269.1791173882 271.1581465456 273.2419522616 273.0046659147 272.5950792763 5.574227774315 9.571645047795 9.862986745485 6.405869627742 21.803423755965 8.802003145940999 7.457145941847
27820800.0 265.6467686157 266.7858220856 268.4221460608 270.8518686995 273.2415021146 273.0040213544 272.5971546482 5.523984062125 9.354166597165001 9.67047208385 6.300426812241 21.494247365841 8.797095453771 7.460538192276
27907200.0 264.8647657618 266.0227137625 267.7603587273 270.4170976947 273.2402739683 273.0033446665 272.5991758801 5.503649106475 9.237402427400001 9.529268748135 6.175730641212 20.737211053053 8.79196992903 7.463856079605
27993600.0 263.5755852296 264.897096264 266.8453580256 269.7505579453 273.2368865475 273.0026340413 272.6011439899 5.475407373355 9.08922154136 9.363949524545 6.02327701032 19.126717683078 8.786616591708 7.467100270467
28080000.0 262.2035617237 263.6531969689 265.7941331681 268.9847424048 273.2287530218 273.0018779818 272.603059693 5.4506886452 8.950487901995 9.205216569695 5.885847895632001 16.758106222083 8.780953535997 7.470270971444999
28166400.0 260.9948570729 262.5119266415 264.7834236632 268.2436130929 273.2080381867 273.0010630493 272.6049340518 5.43227180406 8.840557810105 9.075569084345 5.778139722621 13.919021668731 8.774886675327 7.4733856496160005
28252800.0 260.6875038909 262.0652294864 264.22445216 267.7276655534 273.1374810318 273.0000554577 272.6067546926 5.42799575355 8.801198537425 9.01141783331 5.713691239686 10.704734429007 8.767438194189 7.476422898309
28339200.0 260.1719523154 261.5790743776 263.7685962023 267.3300681834 272.7703990909 272.998171045 272.6085106858 5.4211467971000005 8.760400024585 8.96244856388 5.668674918834 7.810915946892 8.753661442299 7.479363429389999
28425600.0 259.3363628478 260.827407137 263.1102217811 266.7218900083 271.7970592119 272.9909370143 272.6101353683 5.41082380923 8.701082138924999 8.896383233985 5.606266932536999 6.702772758477 8.70254635599 7.482093871610999
28512000.0 260.7763756904 261.7513210205 263.4450137936 266.4747857579 271.1731198572 272.9474264877 272.6106975285 5.429216793075 8.77462383454 8.929330074665 5.582831254215 6.4114963201020005 8.442744236175 7.483040843316
28598400.0 259.5740347692 260.8776327789 262.8488684972 265.9774727969 270.5400655145 272.7969240565 272.6074698493 5.41366860692 8.704913190320001 8.87153548326 5.538563034681 6.208543356204 7.880754841215 7.477619153808
28684800.0 259.9638058134 261.0186157015 262.7303212031 265.6067106771 269.91996277 272.4690736599 272.5940253705 5.41848932146 8.71576495812 8.86050436802 5.507805715398 6.058530984795 7.274790859515 7.455428895414
28771200.0 258.6900012323 259.9988622146 261.9579249152 264.9947335937 269.2939902475 271.9948939745 272.5596390875 5.4034245009849995 8.640382582805 8.792017292985 5.4606736630290005 5.937530126028 6.829242343128 7.401376405395
28857600.0 258.9209501554 259.9925614608 261.7098612284 264.542290837 268.709605134 271.4758335062 272.4910417614 5.40601376935 8.63993816692 8.771177485055 5.428383009054 5.843455156917 6.537084800628 7.303634997513
28944000.0 259.2531709936 260.178616831 261.6892058832 264.2612882102 268.2047901614 270.9726103593 272.3770188349 5.4098443146749995 8.653166678015 8.769465909720001 5.4093004031189995 5.77302363162 6.339943974485999 7.164605428743
29030400.0 258.6239001244 259.6710700059 261.2817775117 263.8733882042 267.7318771148 270.4953332566 272.2130688201 5.402694138935 8.61758507001 8.736418419455 5.384074948143 5.714188264992 6.196402896813 7.001457109449
29116800.0 257.7756420604 258.9176790021 260.6464392671 263.3495290311 267.2463574755 270.0345403984 272.0026742162 5.393719881945 8.567547147840001 8.687427403155 5.351880535167 5.659649084409 6.083601049794 6.834716985021
29203200.0 258.6315804905 259.430172728 260.7807032582 263.1399277584 266.8342384002 269.6017864446 271.7566053791 5.402778759365 8.601238393115 8.69753595402 5.339552890829999 5.617268565006 5.99394080178 6.679537306628999
29289600.0 260.0126205416 260.5011875743 261.4344495257 263.2915433292 266.5676261771 269.2228598816 271.4906738207 5.41910722352 8.676632643735 8.748645586555 5.34843980133 5.591517097302001 5.925221166297 6.543902790573
29376000.0 259.4506059615 260.1851556141 261.322250147 263.2282764417 266.3415187984 268.891219261 271.2191240745 5.412182543735 8.65363559115 8.73964192699 5.344712319513 5.570604028631999 5.8710751635000005 6.429095927925
29462400.0 260.3145872702 260.8050297041 261.6788468706 263.319623961 266.1783028976 268.6059919072 270.9525899698 5.42300280605 8.699381095555001 8.7686088718 5.350103105394 5.556000073266 5.828259156804 6.333219406902001
29548800.0 262.2199274422 262.3241953282 262.7086832338 263.7890573744 266.1566311992 268.3864298666 270.7005491989 5.45095745762 8.8237873664 8.858506593045 5.378752227948 5.5540906888679995 5.797358966799 6.254151995988
29635200.0 262.8452815415 263.0005929943 263.3512322715 264.2261927712 266.2203911612 268.2324615067 270.4702200344 5.461673450935 8.885870282775 8.919969929035 5.406966192249 5.559727913373 5.7766539582180005 6.189692449734
29721600.0 263.4423768959 263.5742418525 263.8724480327 264.6103719711 266.3243254334 268.1319917976 270.2649805418 5.472794538845 8.942401011805 8.973358831745 5.433114851339999 5.569046681553 5.763542259663001 6.137416516038
29808000.0 262.9276455497 263.2854223247 263.8197556239 264.7219140895 266.3872826206 268.0574510451 270.0847353849 5.46315299824 8.913463271685 8.96780561372 5.440962406665 5.574771466191001 5.7540085211009995 6.0949248649620005
29894400.0 264.1173940271 264.1746710833 264.3979417567 265.0282757956 266.4769485012 268.0074275037 269.9273824477 5.48658522271 9.005931049399999 9.03081983984 5.463149613624 5.583032003415 5.747700325773 6.06011983917
29980800.0 262.0368814194 262.7161284768 263.5955143359 264.7721110499 266.4482062177 267.9467913068 269.7867368154 5.447982674425 8.859193450494999 8.944572207110001 5.444533285914 5.5803702142619995 5.740148047173 6.030629044007999
30067200.0 257.6969054376 259.2234018188 261.182421395 263.5548894754 266.0972434575 267.8012680769 269.6474390287 5.39292242565 8.58747170683 8.72855885133 5.364258382326001 5.54889314934 5.722429717821 6.002789660586
30153600.0 257.5046108428 258.5859511684 260.2268040554 262.6384960767 265.6164196427 267.5681888272 269.4954180944 5.39099876615 8.546484302675001 8.656628776635 5.311235558181 5.508588700545 5.695178725689 5.973827912268
30240000.0 258.0971705061 258.8584787455 260.1139427469 262.2036527599 265.1895303464 267.2936683739 269.3257112206 5.397037303625 8.563746578955001 8.648543481465 5.287917447168001 5.475220027851 5.664718513455 5.943093805602
30326400.0 258.3500696666 259.0198519744 260.1160412773 261.9864262464 264.8549342892 267.0175080289 269.1411670967 5.399717819445 8.574150032595 8.648693074959999 5.276667570795 5.4504795192360005 5.635695018849 5.91140834361
30412800.0 257.1011416239 258.0463069503 259.4303016278 261.5277037335 264.5084513701 266.7373461001 268.9448727605 5.387069225209999 8.513387888345001 8.601247050375 5.253723259139999 5.42604713583 5.607752898345 5.879500147233
30499200.0 258.8793880508 259.2604546758 260.036318614 261.5969668205 264.2870816563 266.4846862445 268.7435510595 5.4055434375 8.58992109087 8.643029645315 5.257119648365999 5.411022740511 5.583736144593001 5.848510846382999
30585600.0 262.4749324011 262.1261018519 261.971730181 262.4846611713 264.3626955653 266.3253346477 268.5522864414 5.45522050057 8.80645285546 8.793192772055 5.302860558393 5.416105396155 5.569123050012 5.820545755242001
30672000.0 262.2506853053 262.3333240184 262.5023636272 263.0236536281 264.5303438669 266.2494477184 268.3828760534 5.451464200609999 8.824595032485 8.839695261175 5.332842448626 5.427557122095 5.562301777511999 5.796873940668
30758400.0 259.0136822261 259.9482324009 261.1152740701 262.5659710605 264.4855294349 266.1705639218 268.2316646991 5.407070184595001 8.6368184514 8.72328992913 5.307269618787 5.424470878725 5.555302326072 5.7765502854660005
30844800.0 258.6243503245 259.3647340709 260.4684565688 262.0963073294 264.3040217166 266.053015683 268.0884033666 5.40269909739 8.596855540805 8.674220033965 5.282326134816 5.412157056561 5.5450398486329995 5.757949165998
30931200.0 260.3515943633 260.5688326396 261.0826299073 262.2004132928 264.2006081294 265.9325347021 267.9495089758 5.4234891081 8.681641846335001 8.720740718465 5.287747784052001 5.405271228822 5.534723033709 5.740485870213
31017600.0 259.7549301049 260.2352184795 260.9610600206 262.1573032169 264.1139890463 265.8174578039 267.8145740347 5.415881329255 8.657234865275 8.71131716977 5.2854954707249995 5.3995741131960004 5.525053004007001 5.724028077612
31104000.0 260.8471885434 261.0347872042 261.447781513 262.3508415287 264.0955697333 265.7241933241 267.6861554848 5.430198590995 8.717019070225 8.74972208589 5.295688271403 5.39837078013 5.517343600194 5.708804971419
31190400.0 260.6360065179 260.9703397108 261.499414383 262.4303486879 264.0905896001 265.648956613 267.5660834665 5.42729381162 8.712032634775 8.753904681589999 5.299937084373 5.398045914411 5.511205455453 5.694940085844
31276800.0 256.7353714503 257.9835924122 259.5762400909 261.5441354599 263.8363303951 265.5206698956 267.4451865298 5.383625824045 8.5096312826 8.611109876875 5.254526877717001 5.381729098896 5.500901504133 5.681323168392
31363200.0 255.6237530689 256.7378100541 258.3523216838 260.6281588799 263.414192403 265.3140308957 267.3110629365 5.373795248845 8.438562277639999 8.531983060935 5.211636513198 5.355745407321 5.484718128063 5.6666007438240005
31449600.0 256.9698097308 257.5380781139 258.5539156597 260.3571155919 263.0679475643 265.0784681929 267.1610400061 5.385820176089999 8.483456537665 8.544479889685 5.199640152879 5.335388181108001 5.466860465604 5.650588514817
31536000.0 257.0091460342 257.6035682137 258.5664423588 260.2152217405 262.807741986 264.8489912129 266.9996024351 5.386192779175 8.487249106145 8.545263054845 5.1934771533870006 5.320615186578 5.450034044619 5.633866969704
