0.0 260.3261719806 261.8234756267 262.9126019262 263.9717271956 266.0118884326 267.8743532559 269.0976014403 6.471781982029955 6.4780216067563945 6.483400457232471 7.735627321279046 7.764761795410363 7.804983250516066 7.845223601732233
86400.0 262.8581726201 263.2169687712 263.6779573075 264.2827456254 265.9076106114 267.6908925891 268.9313257438 6.483111456199296 6.485060229492844 6.487725317858098 7.739380815344858 7.762958952482627 7.8001358211616525 7.838751621556809
172800.0 263.7403519592 263.9802859473 264.2772802374 264.6884209465 265.9614247621 267.5728891468 268.7855309482 6.488101052870077 6.489581567351541 6.491496929974312 7.744624528257104 7.763854249371335 7.797143964154269 7.833380952531248
259200.0 264.3445478405 264.5209200829 264.7362112163 265.0418115777 266.0681284356 267.5037027807 268.6635758718 6.4919441886152045 6.493141670883029 6.494654242263528 7.749514427471858 7.76568560190087 7.79543316707528 7.829089112691588
345600.0 264.7395132736 264.904584764 265.0850594518 265.3347194264 266.1934057142 267.4716469479 268.5661006047 6.494677893779528 6.495878331165862 6.4972328208774055 7.753817190062781 7.767896323200222 7.7946510321075975 7.825781463702611
432000.0 264.9680919582 265.1613889598 265.3392099218 265.5661857438 266.3172881947 267.4646790409 268.4906042862 6.4963498386209215 6.4978194772148345 6.499219445690833 7.757392253648555 7.770144852531982 7.794481888753949 7.823290595734923
518400.0 265.235192103 265.405092805 265.5646572689 265.76759191 266.4353427016 267.4739989249 268.4334686547 6.498394782872901 6.499750359264282 6.501064795139643 7.760637783983451 7.772346433145143 7.794708195115342 7.821445017095568
604800.0 265.383069695 265.5757420867 265.7381754088 265.9326334185 266.5434203737 267.4931792029 268.3909841833 6.499572134420487 6.501157650592886 6.502542166542663 7.763397649432597 7.7744140655837475 7.795175674709797 7.82009408839546
691200.0 265.5252966803 265.7230778741 265.8849633892 266.0728144244 266.6409679907 267.5178566975 268.3598466049 6.500736719326824 6.502411566217636 6.503833127949845 7.765816667277263 7.77632450502676 7.795780613835068 7.819115294830277
777600.0 265.6620904724 265.8576708974 266.015836739 266.1964486995 266.7293502366 267.5453692857 268.337370012 6.501888031593486 6.50359014613048 6.505017616907789 7.768010016631386 7.778092910519123 7.796459712372591 7.818414609325025
864000.0 265.8570056679 266.0173403115 266.1557705163 266.3192601932 266.8129528833 267.5747669948 268.3216319865 6.503584240737625 6.505031414629345 6.506320764427782 7.770246549907167 7.779799417881152 7.797190837654085 7.817926879047079
950400.0 265.9156392939 266.1074353501 266.2551939722 266.4190208844 266.8889519038 267.6048211088 268.3111024838 6.50410787406799 6.505866243116649 6.507270700233252 7.772108325420163 7.781380287500516 7.79794423350576 7.817601880454028
1036800.0 266.0578526841 266.2255933927 266.3618256921 266.5158717536 266.9598137861 267.6349828825 268.3046243816 6.50540483434127 6.5069857422923265 6.50831264591127 7.773955127662297 7.7828802923744 7.798706433644374 7.817402451989957
1123200.0 266.1558357196 266.3236001516 266.4562973815 266.6043579344 267.0260090274 267.6649247674 268.3013285394 6.506321380752043 6.507936317189628 6.509256523662607 7.775677907814243 7.784304843199441 7.799469233589877 7.817301141401993
1209600.0 266.3346422779 266.4596548493 266.569770045 266.7002359647 267.0914115959 267.6951130927 268.3007173263 6.5080447007253035 6.5092904364246085 6.510417039866366 7.777583715960346 7.785734938870977 7.80024460583736 7.817282364625642
1296000.0 266.450927322 266.5699703341 266.6714342766 266.7912896792 267.155640093 267.7257840387 268.3024843653 6.509202335397228 6.510419114813025 6.511482612189425 7.779433242501004 7.7871619304605755 7.80103893303018 7.817336658573463
1382400.0 266.5161098661 266.6475351668 266.7516909868 266.869527029 267.2161636316 267.7564857607 268.3062736796 6.5098645268603965 6.511229870628885 6.512341705534004 7.781054440147913 7.788527710172766 7.801840770421724 7.817453188046601
1468800.0 266.4838559612 266.6643200608 266.7913408949 266.9221427909 267.2681306057 267.7858062403 268.3114604267 6.509535642951786 6.511407230642807 6.512772128098071 7.782162250966298 7.789717282902309 7.802612891257165 7.8176129112929065
1555200.0 266.5574457025 266.7216896632 266.8448136809 266.974439112 267.3144758297 267.8132273863 268.3174600196 6.510289544765192 6.512018677065994 6.513359031016195 7.783276762793444 7.7907914486825 7.803340691918546 7.817797983283009
1641600.0 266.5664972352 266.750645545 266.882380827 267.0167781481 267.355151447 267.8384480303 268.3237908223 6.5103831477558005 6.5123304108875955 6.513775847388026 7.784189591223771 7.791744767132292 7.804015010496599 7.817993642731498
1728000.0 266.5710086873 266.769966985 266.9101632164 267.0503613403 267.3900829604 267.8612084233 268.33004835 6.510429873433564 6.512539602910238 6.514086520567173 7.784920446055336 7.792571497255273 7.8046276466529445 7.818187412599728
1814400.0 266.412124758 266.6976512042 266.8809793356 267.0499687194 267.4130360971 267.8800294698 268.3355811843 6.508812715717324 6.51176148097796 6.513760230185724 7.784913234538239 7.793119144427692 7.8051372149774405 7.8183590532631015
1900800.0 266.3630061069 266.660819782 266.8589377567 267.0429781471 267.4262766661 267.8941703648 268.3397394919 6.5083243176885945 6.511370187588403 6.513515302446559 7.7847616431555835 7.793436780166554 7.805521853444152 7.818488246092533
1987200.0 266.2529431725 266.5949473264 266.8182633664 267.0221676397 267.4300058286 267.9032123042 268.3419713913 6.507248967790186 6.510678616480913 6.513066691525418 7.784310275523218 7.793526858397421 7.8057686049938315 7.818557656542938
2073600.0 266.3600266126 266.6372540679 266.8353444428 267.0272309997 267.4337413655 267.9087554632 268.3422771492 6.508294862723896 6.5111215730962435 6.513254555637306 7.784419693644296 7.7936168160194415 7.805920188593409 7.818567169123638
2160000.0 266.4332469035 266.6848999073 266.866368996 267.0457307899 267.4410701518 267.9127926222 268.3411317492 6.509024385638209 6.511625633626583 6.513597734775862 7.784821729935691 7.793793079095088 7.806030739008005 7.818531538669421
2246400.0 266.5458814681 266.7578618764 266.9165921041 267.0785989487 267.4540614107 267.9170955136 268.3392540834 6.510170238073123 6.512408430546807 6.5141587069095905 7.785540801115226 7.79410620734955 7.806148705512465 7.8184731565757755
2332800.0 266.6121318162 266.8136122469 266.9620599019 267.1135121187 267.4710736184 267.9225172412 268.3372926457 6.510858020910512 6.513015668545152 6.514672449795586 7.786311379674623 7.794517924707483 7.806297550993505 7.818412205907697
2419200.0 266.6504239888 266.8522318048 266.9978472843 267.1446121428 267.4895277886 267.9290443756 268.3356367114 6.511260346775223 6.513441040915275 6.515080816823596 7.7870036499891 7.794966721937496 7.806477048342066 7.818360777320674
2505600.0 266.642794832 266.8626048979 267.0155433837 267.1653947534 267.5062615105 267.9359764488 268.334346789 6.511179905658655 6.51355596256811 6.515284066197937 7.787469535385049 7.795375683624077 7.806668047025702 7.818320734226895
2592000.0 266.506449074 266.7968253283 266.9846486823 267.1572194674 267.5147307982 267.941476211 268.3330027297 6.509765766970385 6.512831982161403 6.514929794350872 7.787287143068245 7.7955836119691995 7.806819850004172 7.81827902750263
2678400.0 266.6417233486 266.8572674699 267.0162305248 267.1741669877 267.5237152506 267.9459414787 268.3314106187 6.511168619381177 6.513496794623243 6.515291976144098 7.787667386130728 7.795804464562464 7.806943274423248 7.818229645994962
2764800.0 266.6509866345 266.8764840765 267.0349166449 267.1899373737 267.5333540333 267.9499318721 268.329601515 6.511266284872559 6.513710173628925 6.515507590661354 7.788023026128882 7.796041925022059 7.8070537060521055 7.818173563569929
2851200.0 266.6657476446 266.8917463823 267.0498172651 267.2036820319 267.5427971422 267.9536374232 268.3276491066 6.511422347226255 6.513880345126557 6.5156802355126375 7.788334216849126 7.796275158847071 7.80715636765828 7.818113073758189
2937600.0 266.6437327071 266.8861043896 267.051688382 267.2099030853 267.5501833523 267.9567640627 268.3255239792 6.511189786892738 6.51381736555762 6.515701959816234 7.7884756551441825 7.796458052022732 7.807243075272869 7.818047274078674
3024000.0 266.5819974712 266.8538838221 267.0350000604 267.2039329688 267.5531544436 267.9585849637 268.3230197534 6.510543887283691 6.513459324281704 6.515508555389363 7.788340673152726 7.796531838208019 7.807293608041099 7.817969791729917
3110400.0 266.6184776827 266.8669678586 267.040109025 267.2058906498 267.5550783877 267.9592326337 268.3200222237 6.510924450308207 6.513604384136698 6.515567679985336 7.788385004236564 7.796579609787474 7.807311588216064 7.817877124726134
3196800.0 266.6539641728 266.8886750195 267.0538888138 267.2140640099 267.5580317598 267.9593096991 268.3166065416 6.511297722330495 6.513846050019791 6.515727520385397 7.788570425315506 7.796652869619272 7.807313727874599 7.817771634861065
3283200.0 266.6856455928 266.9112506192 267.0703621735 267.2253942213 267.5624415802 267.9593481814 268.3129538563 6.511633566786487 6.514098722544619 6.515919318659581 7.7888282040578485 7.796762342217083 7.8073147963257155 7.817658947866529
3369600.0 266.8136900166 266.9864533767 267.1186750044 267.254950404 267.5721684281 267.9604718893 268.3094502809 6.513016521219998 6.5149504155554645 6.516486351282273 7.789503949329873 7.797004239613106 7.807346000883162 7.81755097969726
3456000.0 266.8690788998 267.0357547264 267.1591592462 267.2856662427 267.5857915262 267.9632398718 268.3064859479 6.5136278312990905 6.515517284254195 6.51696678036165 7.790211987914767 7.797344200427743 7.807422908602183 7.817459719756583
3542400.0 266.9449310757 267.0922982153 267.2037375164 267.3197861784 267.6026363027 267.9678439828 268.3043552269 6.5144782467764095 6.516175933428812 6.517501464880938 7.79100507621765 7.797766361709289 7.807550967868173 7.817394174628931
3628800.0 266.7648889528 267.0137462117 267.1707131456 267.3136185024 267.6117924635 267.9722117817 268.3027450262 6.51248453129243 6.515263384543278 6.517104786329871 7.790862184675723 7.797996882126313 7.807672610669535 7.817344670116886
3715200.0 266.6536668745 266.9402999253 267.1241635843 267.289195432 267.6110201749 267.97423787 268.3009173807 6.511294582419877 6.514425877966281 6.516551200500923 7.79029552284762 7.797977741762855 7.807729088819341 7.817288510010194
3801600.0 266.7068981011 266.9509982832 267.1208730124 267.2814789496 267.6079927945 267.9740419112 268.2984152975 6.511860246273039 6.514546943325716 6.516512310761967 7.7901167684751345 7.797901667559522 7.807723624939944 7.817211676672961
3888000.0 266.7006537438 266.9474388322 267.116606123 267.2765297986 267.6046659683 267.9723259714 268.2951369343 6.511793527519406 6.514506628860763 6.516461929818274 7.7900023212447005 7.797818018858082 7.8076757928853 7.817111094572426
3974400.0 266.7142774379 266.9528565124 267.1179853277 267.2753040699 267.6019877845 267.9697694558 268.2911912929 6.51193921717946 6.514568003507176 6.516478208809866 7.789973873662199 7.797750668927032 7.807604573335894 7.816990173706854
4060800.0 266.8290301473 267.014861325 267.1538379928 267.2936657551 267.6044089198 267.9677037608 268.2869675159 6.513185019817463 6.515276216070828 6.516903354798182 7.790398118668025 7.797811316492814 7.807547065222244 7.816860890467689
4147200.0 266.866517647 267.0494200597 267.1814661614 267.313249304 267.610574182 267.9668401588 268.2828913026 6.513599385208033 6.515675625111421 6.517233586334096 7.790853234160239 7.797966239874596 7.8075230329875085 7.816736282000994
4233600.0 266.76490161 267.0053536804 267.1628995519 267.3091551273 267.6132163622 267.9661389923 268.2789781302 6.512484668477881 6.515166924534855 6.517011412799662 7.790758390506654 7.79803280197345 7.807503525366678 7.8166168034147905
4320000.0 266.8216850309 267.027764323 267.1735796702 267.3145628322 267.6155001239 267.9653499576 268.2751524888 6.513104263282079 6.5154249450613575 6.517139087644816 7.790884273238289 7.798090336784308 7.807481577794232 7.816500135125793
4406400.0 266.7388426228 266.98826625 267.152806728 267.3050270449 267.61422746 267.963781844 268.2712017203 6.512203087480166 6.514971139341603 6.516891072630699 7.7906625910160665 7.798058303511862 7.807437974307916 7.816379793589631
4492800.0 266.8395009982 267.0335324542 267.1751553235 267.3145282679 267.6150945152 267.9620449544 268.2671327878 6.513300386483247 6.515491584912483 6.5171579526997325 7.790883425330161 7.798080074300691 7.807389700633355 7.8162560039864255
4579200.0 266.8356039464 267.0410128523 267.1836895781 267.3213887596 267.6170596226 267.9604963943 268.2630522539 6.513257415638105 6.515578147452498 6.51726026197882 7.791043475504219 7.798129541143216 7.807346681479166 7.816132015241291
4665600.0 266.8312758768 267.0415768954 267.1863795734 267.3248328683 267.6187545374 267.9590572645 268.2590117532 6.513209738827862 6.515584680961328 6.517292555400536 7.791124007770851 7.798172249032013 7.807306719405401 7.816009394374497
4752000.0 266.8453662367 267.050057655 267.192421111 267.3292200999 267.6204236997 267.957678217 268.2550269474 6.513365134713826 6.515683025961441 6.517365163918219 7.7912266027686945 7.798214328261697 7.807268441150984 7.8158886110404335
4838400.0 266.9301935555 267.0980034167 267.2220718547 267.3465062725 267.6252526298 267.9569774425 268.2512558525 6.514311799045008 6.516242903435209 6.51772312237168 7.791631725449716 7.7983361962047 7.807248995525399 7.815774439945713
4924800.0 267.012785486 267.1543482711 267.2618715801 267.3729265855 267.6345367157 267.957717621 268.2479936376 6.5152523323536515 6.516909433293413 6.51820785256515 7.792254634662737 7.798571029197265 7.807269534678232 7.815675780635803
5011200.0 267.0907709375 267.2119570176 267.3056951069 267.4046563539 267.6480435094 267.9603904969 268.2455573227 6.5161580216798765 6.51760070948055 6.518747312671649 7.793008548295932 7.798913819882249 7.807343740336781 7.815602162657356
5097600.0 267.1501842258 267.261267287 267.3465693404 267.4369863473 267.6644407682 267.9650472114 268.2441657051 6.516859853408724 6.51820045597927 6.519255970453851 7.793783287949469 7.799331748006435 7.807473158004805 7.815560136605624
5184000.0 267.1175298058 267.2601622908 267.358106638 267.4543213381 267.679076264 267.9707611659 268.2437355089 6.516472831590235 6.5181869337058025 6.519400520371349 7.794201717495319 7.79970646902809 7.807632194247775 7.815547148515078
5270400.0 267.1739456258 267.2950219489 267.384606082 267.4758508383 267.6934622351 267.9771105119 268.2441025508 6.517143468509147 6.518615369633595 6.519734172728401 7.794723702123516 7.80007626820544 7.807809221368644 7.815558229804462
5356800.0 267.2211552417 267.331790841 267.4145381832 267.5000659746 267.7086091178 267.9840862915 268.2451666332 6.517712016316224 6.519071440847748 6.520113825623736 7.795314303073231 7.800467190367481 7.80800408674597 7.815590362270264
5443200.0 267.2085048675 267.3374847465 267.4272609629 267.5158412624 267.722338959 267.9912832276 268.2467759902 6.517559002127229 6.519142453551211 6.5202761010958055 7.79570128944151 7.8008229954024815 7.808205540200462 7.815638980266651
5529600.0 267.2647677173 267.3730084066 267.4538884381 267.5368559324 267.736360007 267.9987101396 268.2488339883 6.518243317288942 6.519587864570587 6.52061748666352 7.79621904627584 7.801187712037578 7.808413869301939 7.815701186069077
5616000.0 267.3311761116 267.4200745312 267.4897300335 267.5640639397 267.7522588091 268.0067378636 268.2513728933 6.519063780363285 6.520184373695385 6.521080806251257 7.796893635558769 7.801602942012072 7.808639553974355 7.815777981428932
5702400.0 267.3482328457 267.4441396405 267.5144740884 267.5871806283 267.7684980163 268.0153418509 268.2544133457 6.519276785750072 6.520492221738964 6.521403247574721 7.797470789596357 7.802028974821668 7.808882021016636 7.815870025151523
5788800.0 267.333053703 267.4462383991 267.5245010506 267.6015498645 267.7827695107 268.0239905023 268.2578363341 6.519087181882179 6.52051916209813 6.521534515406427 7.797831505469677 7.802405026095435 7.809126355834053 7.81597375108157
5875200.0 267.2329954001 267.3971128755 267.5011876151 267.59552269 267.790755216 268.0313994298 268.2612454981 6.517855675232616 6.519892445703592 6.521229847084845 7.797680638591515 7.802616234368103 7.809336154561498 7.816077165318108
5961600.0 267.2174162286 267.3798066359 267.4884320445 267.5890330834 267.7943896365 268.0369906529 268.2642307404 6.517666739617148 6.519673572727552 6.521063950504577 7.797518165893587 7.802712604106237 7.809494780263946 7.816167808250236
6048000.0 267.3042050657 267.4222332676 267.5110992423 267.6004374073 267.7997313112 268.041654997 268.266742526 6.51872887085644 6.520211909580775 6.521359144667573 7.797804048247756 7.802854208972628 7.809627307271575 7.816244139059434
6134400.0 267.3168352324 267.4389520657 267.5259985297 267.6121960378 267.8065514761 268.0460953543 268.2689342429 6.518885414860264 6.520425696101754 6.521554149784699 7.798099950799966 7.803035267775931 7.809753637337775 7.8163107909523015
6220800.0 267.3690095695 267.4728109374 267.5503477326 267.6295417797 267.8155221319 268.0508732976 268.2710379112 6.519537520244951 6.520861548094067 6.521874512662234 7.7985381220169785 7.803273909671148 7.809889754379057 7.816374807046687
6307200.0 267.4015176498 267.5003150873 267.5732645393 267.64788168 267.8261087122 268.0562525923 268.2732612236 6.519948311018548 6.521218481235598 6.522177945836726 7.799003723547049 7.803556314740468 7.810043230041015 7.816442508577557
6393600.0 267.4450865529 267.5330255495 267.5994457177 267.6685799122 267.8382574151 268.0623782598 268.2757656474 6.520504374777608 6.521646390335061 6.522526900608281 7.799531984198134 7.803881428150754 7.8102182938347955 7.816518825100141
6480000.0 269.8220092462 268.7393378049 268.2610083629 267.9951516756 267.9046899052 268.0760126477 268.2796493933 6.56581334890007 6.5406150036811965 6.532255227348472 7.8082903178474465 7.805678174884146 7.810609073929209 7.8166372885622994
6566400.0 268.8605242893 268.6889236329 268.471583649 268.2615922158 268.0422170015 268.1142536827 268.2902130289 6.542952175338922 6.539670911524611 6.535777187104016 7.816066613167379 7.809510478342353 7.811713488501996 7.8169602157165965
6652800.0 268.3733013389 268.3759540559 268.3307561024 268.2608217043 268.1344253664 268.1655417974 268.3101151204 6.534104378701154 6.534148849267602 6.5333961713768485 7.8160328785083415 7.812167172845893 7.813214423155447 7.817571458846316
6739200.0 268.2581809687 268.271029107 268.2608839614 268.236527941 268.1790496164 268.2105521577 268.3347474125 6.532209492053664 6.532417640898337 6.53225321422227 7.8152966555273125 7.8134788814285265 7.814550670373149 7.818333169083953
6825600.0 268.8326582186 268.562194418 268.4236162873 268.327228753 268.2309363807 268.2519060526 268.3605032691 6.542406051294478 6.537366837171243 6.534954239024532 7.818068544908171 7.8150264791212125 7.815794410202697 7.819135839096468
6912000.0 268.774544749 268.6025430367 268.4874525068 268.3935959673 268.2845531327 268.2919904126 268.3868314238 6.541283973780641 6.538089952728954 6.53605223323526 7.820145181136419 7.816651399907798 7.81701494803738 7.819962999462991
6998400.0 268.3676419868 268.4070821742 268.3992738005 268.3740689336 268.3177443694 268.3276104303 268.4126721872 6.534009628210955 6.534673472114072 6.534541387747534 7.819527628451159 7.817670553946052 7.818112172643248 7.820781478667208
7084800.0 268.1725140547 268.2669722827 268.3086098197 268.3285694828 268.3300723657 268.355763456 268.4365423336 6.530842307470986 6.532351828704501 6.533031227090744 7.818107829483769 7.818051704848287 7.818987941693403 7.821543455549822
7171200.0 268.0986078287 268.1946306194 268.2498158971 268.2890527384 268.3304822625 268.3761830565 268.45736739 6.529690888486115 6.531191872830291 6.532074412553271 7.816891357181657 7.818064470827686 7.81962793831233 7.822212925193404
7257600.0 268.069381002 268.1583954852 268.2151920497 268.2611845617 268.3263167897 268.3903692614 268.4748059002 6.529242502729365 6.530620371950726 6.5315189655327766 7.816042284078936 7.817935621035726 7.820074965301007 7.822776930952389
7344000.0 268.0869604227 268.1558335964 268.2044289509 268.2479107187 268.3226576918 268.4004476073 268.489141856 6.529511733237762 6.530580201561408 6.531347490789306 7.815640290911949 7.817822572979493 7.820393752353346 7.8232429380395025
7430400.0 268.1149083087 268.1676490545 268.2073759402 268.2455948794 268.3217420698 268.4083160736 268.5009950727 6.529942659008485 6.53076572596758 6.531394385687741 7.815570236500842 7.817794346598992 7.820643338323922 7.82362985182505
7516800.0 268.3297431416 268.2858659657 268.2761449521 268.2817686419 268.33154535 268.4168119303 268.511419092 6.533379424082076 6.532659034418309 6.532500750346157 7.81666840500934 7.818097671739792 7.8209135167263 7.823971326659983
7603200.0 268.2972371172 268.2962993164 268.2975380762 268.3039410689 268.3450818267 268.4266192375 268.5212504469 6.532844790777075 6.532829446377692 6.532849716042578 7.817347764039455 7.8185180672535886 7.821226298046941 7.824294432930897
7689600.0 268.2494420026 268.2779354108 268.2949425146 268.3109860667 268.3567038827 268.4368595631 268.5307847279 6.53206838297135 6.532529868182537 6.5328072541214794 7.8175646517029245 7.818880463237511 7.821553920759048 7.824608751106366
7776000.0 268.2756014502 268.2914789245 268.3053054765 268.3209092346 268.3674591062 268.4470290503 268.5400622507 6.532491914673883 6.5327506447875505 6.532976990243499 7.817870867362431 7.819217001527838 7.821880325304023 7.82491553124105
7862400.0 268.4123077384 268.3709196961 268.3558496231 268.3527218943 268.3830562849 268.4580113041 268.5493210653 6.5347620488064875 6.534064484034003 6.533812736725376 7.818858797837715 7.819706989350532 7.822233996390321 7.825222608489199
7948800.0 268.3795880755 268.3742184315 268.3709806638 268.3717638884 268.3990588517 268.4697054964 268.5587159007 6.534209830790984 6.534119748793728 6.534065504928818 7.8194548635423 7.8202122204562805 7.822611949087326 7.8255351367780355
8035200.0 268.3821781091 268.381487139 268.3823247401 268.385993854 268.4138261126 268.481598088 268.5682243099 6.5342533360366515 6.534241726220009 6.534255800084409 7.819902612740955 7.820680717190299 7.822997755487128 7.825852411969904
8121600.0 268.3828186504 268.3871407628 268.3912699156 268.3974708321 268.4270998549 268.4932631492 268.5777284337 6.534264100788883 6.534336793767117 6.534406333927584 7.820265192767249 7.821103697292043 7.82337760161264 7.826170523116287
8208000.0 268.6593109215 268.5419475314 268.4861001554 268.4538936944 268.450231733 268.5066846576 268.5876326786 6.53912379359794 6.537007564706428 6.536028738937878 7.822066934899363 7.821844970393852 7.82381639500447 7.826503073507602
8294400.0 269.8990368654 269.2596186182 268.9267531252 268.7077218094 268.5277913866 268.5323585094 268.6007572806 6.568072757390693 6.551406850915924 6.5442717716703225 7.830599896122952 7.824370973320391 7.824661029987429 7.826945408151755
8380800.0 269.5393285482 269.2415599775 269.020100179 268.8343220495 268.6127341453 268.5691489786 268.6187904986 6.558150877883857 6.550996505397485 6.546185347739915 7.8351253659357045 7.8272112937922484 7.82588362263644 7.827556277607149
8467200.0 269.0412055368 268.9992016896 268.9232760635 268.832340203 268.668599512 268.6076890258 268.6404937207 6.546627017426591 6.545751332189297 6.544201720998709 7.835044529465214 7.8291222305152495 7.827180098032856 7.828296273302888
8553600.0 269.5399120785 269.2364318909 269.0567721536 268.9158326449 268.724864289 268.6466751137 268.6646312507 6.558165761737094 6.550880498473445 6.546954966060985 7.838139730146732 7.831083231064013 7.828508310290555 7.829125508292588
8640000.0 269.772893753 269.4256962806 269.2031939496 269.0256872796 268.7905330249 268.6880581271 268.6909522848 6.564413220031252 6.555319541965906 6.55013408648333 7.842353566652448 7.833419756696605 7.829937000731714 7.830037345414703
8726400.0 269.2451297177 269.1943538108 269.1132851221 269.0184838952 268.834976979 268.7273707997 268.7183118179 6.5510773945354845 6.549937153000123 6.548161458818041 7.842064660991027 7.8350302372280956 7.831312565682465 7.830993672861082
8812800.0 269.0523944584 269.0518017746 269.0247954127 268.979916974 268.8562862305 268.7603349256 268.7448904003 6.546862550330356 6.54685004981218 6.546283311064522 7.8405685711303725 7.835810551321142 7.832480069008899 7.831931138422335
8899200.0 268.9687232098 268.9754148703 268.9661921199 268.9441763608 268.8635682672 268.7858510827 268.769217019 6.545124206864457 6.545261305603621 6.545072435696687 7.839202630595165 7.83607817997182 7.833392764083063 7.832796568245223
8985600.0 268.8880344215 268.9114118891 268.9169129718 268.9108788669 268.862848202 268.8046304735 268.7905246237 6.543496571776013 6.543963348751954 6.544073750563943 7.83794609028669 7.836051246832924 7.834069569012961 7.833560480920725
9072000.0 268.9187996783 268.9110053168 268.9051298109 268.8964868379 268.8614018577 268.8186716299 268.8088016646 6.54411166467552 6.5439551977448955 6.5438375357612335 7.8374076493793865 7.835997761531501 7.834578454321868 7.834220175432202
9158400.0 268.7340607616 268.8060137641 268.8401208243 268.8580832749 268.8537413659 268.8283231899 268.824118675 6.54051542454107 6.541888793387475 6.542551785042797 7.835984041254398 7.835715697604393 7.834929673406728 7.83477621571127
9244800.0 268.6874636768 268.7547502206 268.7953485427 268.8235510059 268.8421183657 268.8340151685 268.836577901 6.539643810065123 6.540906866493488 6.541683078167935 7.834720187512836 7.8352893114392135 7.835137350470997 7.835230673721005
9331200.0 268.8442106093 268.8249492348 268.8235775597 268.8278813985 268.8370294605 268.8381254036 268.8467799846 6.542631813289994 6.542255902594209 6.542229228421856 7.834877687285803 7.835103184226341 7.835287569299695 7.83560425554635
9417600.0 268.7721712961 268.7972615649 268.8108342588 268.8209685092 268.8338302211 268.8416026577 268.8553443863 6.541238621939657 6.5417199216491575 6.541982021994319 7.834626092280595 7.8349863432040046 7.835414820443613 7.835918885651032
9504000.0 270.2065506881 269.5877083939 269.2665766578 269.0616793564 268.8901496728 268.8562809402 268.8654774585 6.577960378198481 6.55939727599072 6.551565721762934 7.843768930290054 7.837062798069222 7.835953662290063 7.836292349772958
9590400.0 269.5700793644 269.4170070106 269.2686793628 269.1320285952 268.9481062443 268.8802653319 268.8789489212 6.558940177520599 6.555108373065431 6.551613816273966 7.846585188212615 7.83924288109017 7.83684004655889 7.836790889894625
9676800.0 270.5550707057 269.9594560551 269.6030807212 269.3404269148 269.0356432602 268.9160945321 268.8974036703 6.591228389407429 6.569901985761285 6.559798640250633 7.855411920868176 7.842622815737051 7.8381780421406475 7.837477651228261
9763200.0 270.1968514281 269.897233479 269.6530361296 269.4359028505 269.1185133809 268.9596198919 268.9209582007 6.577625102013916 6.568018943591939 6.5611211837012995 7.859684494482676 7.845922155395697 7.839826243969888 7.838360650098735
9849600.0 269.7214081285 269.6469505265 269.54161673 269.4186867092 269.1698983172 269.0019873166 268.947539496 6.562977955484857 6.5609585580981555 6.558209262227832 7.8588850690708085 7.848017378277694 7.841455205058979 7.83936592975206
9936000.0 269.8853704381 269.6980568012 269.5617512035 269.4368898301 269.2084302429 269.0403314473 268.9750674177 6.567666058017132 6.562337603858595 6.558725411745494 7.859712135559367 7.849614911808285 7.84295092669539 7.84041701402116
10022400.0 269.7672747391 269.6463133097 269.541982524 269.4389790857 269.2367662874 269.0739296768 269.0020922771 6.564254986924806 6.560941554266655 6.558218600832686 7.859804743704225 7.8508043576996345 7.844278662121718 7.841458952028921
10108800.0 269.5549964899 269.5212582603 269.471264906 269.4082350082 269.2507731333 269.1015573419 269.0274362555 6.558551770449674 6.557691746063149 6.556439189774557 7.858404277334619 7.851396355023951 7.845382691994959 7.8424452874687045
10195200.0 269.4570305925 269.4407502897 269.412866276 269.3730303395 269.2539225528 269.1228605482 269.0502467582 6.556087218707801 6.5556871439324755 6.5550080031601485 7.856824191636671 7.851529181025875 7.8462416601267035 7.843340757576595
10281600.0 269.4025777051 269.3902099995 269.3710457931 269.3430441465 269.2512373599 269.1385991264 269.0701375862 6.554759332807128 6.5544617631935855 6.5540035582717895 7.855496301982257 7.8514144397557635 7.846880603422932 7.8441276717822
10368000.0 270.5784346907 270.0400517867 269.7363998463 269.5290368216 269.2956361187 269.1596941239 269.0894413065 6.592213177067084 6.572424590519064 6.563392525745319 7.8640093433224045 7.853317268608929 7.847742866163282 7.844896826731031
10454400.0 269.9207307881 269.8141222024 269.6862869713 269.5565970591 269.3364745911 269.1849749389 269.1095132085 6.568723642759928 6.565586430991414 6.562017303872333 7.865314395252124 7.855095679574982 7.848785187052296 7.845702370661881
10540800.0 269.9751542997 269.8177926846 269.6931118122 269.5769054554 269.3691745238 269.2111967988 269.1303436938 6.570385787965907 6.5656919340724444 6.562202833358501 7.8662898031928705 7.856539681292893 7.849876787412731 7.84654466788821
10627200.0 269.7595103447 269.7023928304 269.6349411202 269.558354356 269.3878022423 269.2349425868 269.1510401737 6.564036987115701 6.562456016388103 6.560638871051611 7.865391682518854 7.857369870594727 7.850874664647086 7.847387991850667
10713600.0 269.6622321667 269.6263388483 269.5833272663 269.5307722555 269.3949735231 269.2543952959 269.1705694069 6.561367736797712 6.560410886617391 6.559283362382917 7.864073531500738 7.857690505016876 7.851698854951653 7.84818971978366
10800000.0 269.7073767066 269.6346196792 269.5781349578 269.522929339 269.3995616737 269.270200647 269.1884284079 6.562592397305024 6.560630336909423 6.559148628851444 7.863701959191055 7.857896156792483 7.852373024814233 7.848928012587178
10886400.0 271.2338113692 270.5050985001 270.0789114766 269.7869278435 269.4666853654 269.2957164094 269.2074909728 6.626798805335308 6.589166052267469 6.573676220361289 7.876948207806447 7.860959489796398 7.853470039844616 7.849721534847159
10972800.0 270.4067944411 270.2310835706 270.0342096296 269.8414145443 269.5295423328 269.3286743416 269.2292734828 6.585274828193993 6.578815859511294 6.572238448800677 7.879847898284084 7.863902947873619 7.8549030895694045 7.850635286418826
11059200.0 270.469576208 270.239195655 270.051831187 269.8791554463 269.5805198464 269.3640352848 269.2534370782 6.587735268113853 6.579101111563086 6.572801503759204 7.881905490629215 7.866345349619747 7.856461180794407 7.851657784183739
11145600.0 270.2214826528 270.1093928055 269.9922212908 269.868306608 269.6129787793 269.3969917507 269.2785400555 6.578479787398714 6.574674742812985 6.57091586241542 7.881298072877454 7.86792624845211 7.8579329094770545 7.852730054548763
11232000.0 271.3272094299 270.7243634938 270.341011932 270.0567108753 269.6797831481 269.4345531957 269.3052894554 6.6331960292264736 6.59868267148714 6.582785820320479 7.8921445301401985 7.871254925099909 7.8596338642046994 7.853884075246537
11318400.0 270.6107567094 270.4533488999 270.2680102271 270.0784924851 269.7341677071 269.4739380181 269.3336547784 6.593597891837924 6.587091085741823 6.5801240633250515 7.893430421204928 7.874033531406839 7.861445037671413 7.8551209095619035
11404800.0 270.2942825453 270.2365038652 270.1458471288 270.0325006367 269.7609872528 269.5089402652 269.362089381 6.5810702271967285 6.579006325799725 6.575888835751035 7.890655276279972 7.875425088129332 7.86307902879344 7.856374544531113
11491200.0 270.1063593617 270.0860553242 270.0399799789 269.9715683947 269.7658674903 269.5360529501 269.3886807671 6.57457469993339 6.573908904240111 6.572422299407961 7.8870899335948925 7.87567718760113 7.864360835829967 7.857559627983272
11577600.0 269.9649106739 269.968852545 269.9496295265 269.9099426291 269.7568036149 269.554703682 269.4120479719 6.570069685313898 6.57019114465684 6.569600956917481 7.883591251812388 7.8752004482172655 7.865250908488808 7.858611339651184
11664000.0 269.9890344131 269.9515789308 269.9168855451 269.8754635496 269.7451480399 269.566910841 269.4317915261 6.570816556932317 6.569660565203229 6.568607795820779 7.881678325252693 7.874592153022087 7.865837194943667 7.85950759794242
11750400.0 270.0285649707 269.9642552066 269.9127297749 269.8621706633 269.7369758144 269.575434197 269.4483233808 6.572059096471336 6.570049510524513 6.568482825752838 7.880949413087944 7.8741678644300634 7.866248317074126 7.860263515790317
11836800.0 271.1392709785 270.6074401748 270.2789813223 270.0501414533 269.7776667875 269.590941355 269.4644206025 6.620782810305373 6.593454592562465 6.580517593373484 7.891725532857782 7.876295175253654 7.867000047958046 7.8610043935617995
11923200.0 270.504757498 270.3806845704 270.2301411596 270.0790259252 269.8161376696 269.6119689781 269.481648696 6.589152180334596 6.584276298329451 6.578782797830663 7.893447958624741 7.878340227011163 7.868027196434269 7.8618026627488655
12009600.0 270.4639962348 270.3302476419 270.2059105281 270.0829613122 269.8432127834 269.6342037474 269.4998903128 6.5875130989519155 6.582386848497556 6.577938198600833 7.893679251774403 7.87979940822264 7.869123219487809 7.862653985382362
12096000.0 272.0590749905 271.2567037976 270.7379096711 270.3691555666 269.9281050687 269.667859151 269.521386697 6.709062394444238 6.6283229102049965 6.599312828181454 7.912456041199154 7.88450130734565 7.870801931367079 7.863665352215514
12182400.0 271.3733951691 271.0653793196 270.7533065619 270.4656703571 270.0123875911 269.7107035469 269.5472673465 6.636544330750747 6.616368585039439 6.60003555681794 7.9193864961115015 7.88935282440815 7.872974177247121 7.864894860706441
12268800.0 270.8206602486 270.7367510995 270.5959112834 270.4273266073 270.0608434485 269.7527935698 269.5758673162 6.603280936556831 6.599258724963023 6.592958631416968 7.9165173571054535 7.892224718426537 7.875147666721582 7.866268904209779
12355200.0 271.1822922615 270.8924542594 270.6651002386 270.4650954713 270.1017839648 269.7919253931 269.6054611029 6.623466645413212 6.60689899059279 6.595986660228896 7.919288308851516 7.894704786748355 7.877204578975792 7.86770799117378
12441600.0 270.7623445244 270.6798434178 270.5634797711 270.4299844713 270.1240248356 269.8254915367 269.6343836533 6.600463050900025 6.596648281833535 6.591581292351115 7.916692114992527 7.896069817846789 7.878997509105227 7.869131783697105
12528000.0 270.6103681662 270.5520785196 270.4746118637 270.3798779037 270.1294477016 269.8518046327 269.6611785619 6.593581089326056 6.591103230028285 6.587936361510146 7.913094684842075 7.8964012991520285 7.880421924043885 7.87046644812635
12614400.0 270.4494142001 270.4279957868 270.384424778 270.3213180594 270.1219093643 269.8704476446 269.6848031747 6.586935763722986 6.586096189191498 6.58441846811796 7.909018743200023 7.895930350897605 7.881441387264667 7.87165588980868
12700800.0 271.8235877289 271.2114281978 270.8100432535 270.5274497292 270.166302987 269.8935378063 269.7074048118 6.677860323812704 6.625334787361145 6.602760076280896 7.92401122487269 7.898710612479516 7.882716030487919 7.872805153944322
12787200.0 271.7884650343 271.3551654322 270.9849590479 270.6787808919 270.2366263319 269.9260844986 269.7317167465 6.673914536790511 6.635207306360183 6.6118235694297685 7.936164898434239 7.903242136483005 7.884535670384802 7.874053960485401
12873600.0 273.1928225874 272.2596066158 271.5368252616 270.9985440272 270.3437021997 269.9682727955 269.75849422 10.245592256960041 6.744887306552595 6.649525875903039 7.966175407486228 7.910471996125755 7.88693536776809 7.875444767045219
12960000.0 273.1857414825 272.4884393032 271.8386718861 271.2875169821 270.4982618129 270.0299598631 269.7914971125 9.81904767211775 6.804290103291467 6.67960338696671 7.9995809482396085 7.921671316660584 7.890530516173136 7.877181520895709
13046400.0 273.192469221 272.5766314341 271.9840585154 271.4651382543 270.6495272915 270.1102407534 269.834781138 10.221818747344253 6.836205573241402 6.698101799373434 8.024101737008328 7.933605605999348 7.8953705680644575 7.879498112305334
13132800.0 273.223779198 272.6638208649 272.0991635283 271.6010290161 270.7826496898 270.1967228571 269.8859983563 14.808465349246383 6.875949911610638 6.715395201949181 8.04562781930212 7.945027396833919 7.90080150696006 7.8822980005968635
13219200.0 273.2280808651 272.7391415693 272.1976109804 271.7151974278 270.9002099096 270.2835462579 269.9424797757 16.456163268289817 6.920032588930928 6.732610132656633 8.066031664972595 7.95593566908564 7.906496769810521 7.885462312936524
13305600.0 273.2260594916 272.7699605731 272.2629755342 271.8037797715 271.0030306825 270.3675707924 270.0018405037 15.608773539258491 6.941744624101373 6.745591105878878 8.083556265921333 7.966191851181569 7.912257777806039 7.888878370271597
13392000.0 273.2242894012 272.7905325921 272.3104807052 271.8723952458 271.0910840176 270.4465199415 270.0619576256 14.975288089072604 6.957766897984857 6.755962145265369 8.098327207405731 7.975569277685273 7.917911251536473 7.89243685351562
13478400.0 273.226519581 272.8285919342 272.3628694858 271.9377463537 271.1725974334 270.5225034913 270.1218652894 15.788941141757233 6.991368488125822 6.768471131313719 8.113579796408922 7.984797009794455 7.923588808543817 7.896086775124253
13564800.0 273.2238476792 272.8420617223 272.3993506458 271.9915746675 271.2445891183 270.5932043096 270.1806789309 14.830478078127344 7.004728336742333 6.777944932757453 8.127053533148432 7.993428354071985 7.9290950431810385 7.899775879887956
13651200.0 273.220624526 272.8520842562 272.4275441142 272.0349209023 271.3068900261 270.6579894892 270.2372742478 13.904965765926136 7.015251611841541 6.785752972074664 8.13858146896388 8.001295721581474 7.934342846177664 7.90342975355881
13737600.0 273.2167591671 272.8608245141 272.4519505357 272.0727453899 271.362924647 270.7184366615 270.2918016363 13.03077945247251 7.02487165886414 6.7928907844294635 8.149194408761817 8.008715487227224 7.939425276428432 7.907051240697841
13824000.0 273.2118723948 272.8681653877 272.4732733518 272.1061736209 271.4136348392 270.7748490982 270.3441466027 12.178589313657758 7.033294879365747 6.799440274723676 8.159041603373485 8.015733335275922 7.94434065609321 7.910625624404346
13910400.0 273.2054084174 272.8738536437 272.4918190597 272.1358785248 271.4597701848 270.8275494193 270.3942765614 11.337780378603165 7.0400515003442194 6.805393673358047 8.168188443371347 8.022386846030386 7.949091812920998 7.914142823398996
13996800.0 273.1974910508 272.8779452193 272.5078783172 272.162349763 271.5019209528 270.8768485962 270.4422136799 10.589667594214323 7.045042035731122 6.810755916057647 8.176675490775558 8.028705028816043 7.953683570539238 7.917596194329381
14083200.0 273.1867880986 272.879828293 272.5213480701 272.1858056691 271.5405267345 270.9230266522 270.4880127171 9.876052854015107 7.0473768420090614 6.815411073290333 8.184473976049722 8.034705153844921 7.958120788306338 7.920981413229148
14169600.0 273.1721041895 272.8786034559 272.5318432896 272.2062225224 271.5758813646 270.9663195915 270.5317433779 9.215969462656933 7.045855414419581 6.819143211933082 8.19148042370765 8.04038941233244 7.962406665649345 7.9242954558578464
14256000.0 273.146016941 272.8703232121 272.5373344772 272.2227159162 271.6080151143 271.0068889156 270.5734716613 8.502999440995843 7.035833708873227 6.821134002306873 8.197273363227985 8.045720927661254 7.966539015085644 7.927535299509514
14342400.0 273.1042340074 272.850888285 272.535203596 272.233808614 271.636649151 271.0447881566 270.613239222 7.892721808202351 7.013968154388586 6.820358300359582 8.201190820143276 8.050609481904354 7.970505715678855 7.930696255495459
14428800.0 273.0786197732 272.8341557328 272.5318044749 272.2422562483 271.6626790219 271.080668461 270.6515220428 7.665724084781087 6.996783206576846 6.819129234429304 8.204194062783404 8.055171627114465 7.974360061102175 7.933809491949479
14515200.0 273.050418098 272.8170417225 272.5271289099 272.2485072662 271.6860319541 271.1143506187 270.6881729246 7.483186248606177 6.980564254899154 6.817455093275821 8.206417097657525 8.059364243496136 7.9780696725058435 7.936857111443522
14601600.0 273.0243380982 272.7995380451 272.520909368 272.2525319521 271.706658318 271.1456423654 270.7230103486 7.361391614755305 6.965220686884053 6.815257105884593 8.207822687254966 8.063148375407422 7.981598614029206 7.939817050909653
14688000.0 273.014232353 272.7891153862 272.5166203215 272.2557079358 271.7247677328 271.1745150143 270.7559400909 7.323929797995733 6.956619359283707 6.813760254434541 8.208938154750756 8.066535594707318 7.984928079115301 7.942673493204732
14774400.0 273.011417016 272.7866844548 272.5170424947 272.2604459643 271.7412759561 271.2013520197 270.7871725807 7.314230356393581 6.95466664670962 6.813906914935173 8.210694959142264 8.069679625009902 7.98808824865442 7.945437141133511
14860800.0 273.0060326204 272.7851410647 272.5193675916 272.2666676731 271.7569537322 271.2263539653 270.8167084071 7.296478716535748 6.953437017447685 6.814717277417666 8.213054524359304 8.072718412081512 7.991091031328114 7.9481010250988895
14947200.0 272.9989443327 272.7822965289 272.521333835 272.273045769 271.7721189125 271.249897309 270.8447057092 7.274572824550878 6.951191073106934 6.815406074801467 8.215498140381026 8.075707827573932 7.993972090834638 7.95067278598603
15033600.0 272.9961497678 272.781104591 272.5237229193 272.2793399128 271.7867078868 271.2722421051 270.8713424816 7.2663554123405 6.950257693870026 6.816247359443949 8.217938381947846 8.07863050717589 7.996755935047138 7.953162993719744
15120000.0 272.9887873291 272.779540659 272.5265528595 272.2858995452 271.800759858 271.2935078147 270.8967350395 7.245738630004638 6.949039854009365 6.817250135760018 8.220516435924845 8.081490368233615 7.999451406056769 7.955577458800583
15206400.0 272.9889172337 272.7792808083 272.5292603649 272.2921284107 271.8142860653 271.3138017054 270.9209913813 7.24609010181018 6.948838254225839 6.818215939695485 8.222989258571571 8.084285505162956 8.002066794197953 7.957921918487352
15292800.0 272.9903538466 272.7819476472 272.533837588 272.2990603123 271.8274116586 271.3333126174 270.9443317252 7.250005580370598 6.950917402520675 6.8198631522369 8.225789739613267 8.087038800703466 8.004622062016754 7.960213886052117
15379200.0 272.9896421339 272.7840730019 272.5386915879 272.306425228 271.8403190612 271.3521025245 270.9667968109 7.248059235915385 6.952590643016592 6.821630142310378 8.228806057035307 8.089787072618371 8.007121715208136 7.962454175307546
15465600.0 272.9876387026 272.7851613444 272.5430242244 272.3136331853 271.8530151268 271.3702563833 270.9884439318 7.242649268684151 6.953453123802195 6.823225212245001 8.231792527027201 8.09253033447755 8.009573871594457 7.96464551580021
15552000.0 272.9854880225 272.7858107422 272.5469195229 272.3204926829 271.8653963761 271.3878388641 271.0093513396 7.236952018275027 6.953969594009887 6.824673924840797 8.234667314570736 8.095244262022105 8.01198451176875 7.966793131663769
15638400.0 272.9821859473 272.7858900223 272.5504163456 272.3269999496 271.8773875605 271.4048618437 271.029565474 7.228418776164569 6.954032740581377 6.825986446430024 8.237425139718251 8.09790984793207 8.014352712637775 7.968899355185531
15724800.0 272.9833656322 272.787301885 272.5540612151 272.3332399869 271.8889701936 271.4213546154 271.0491525595 7.231438189261136 6.955160754114657 6.827366814959558 8.240101139472976 8.100520088861227 8.016680095376246 7.97096887881104
15811200.0 272.9855711125 272.7905728909 272.5588960458 272.3398968852 271.9002260843 271.4373393469 271.0681548644 7.237170049628563 6.957799627897618 6.829217503996493 8.243000493652383 8.10309127203522 8.018967464238747 7.973004179564949
15897600.0 272.9874740153 272.7940150879 272.5641012391 272.3468717447 271.9113107922 271.452847951 271.0865889347 7.242209009866613 6.960615793423656 6.831235513772417 8.246079997934293 8.10565780476247 8.021217201833217 7.975005150528553
15984000.0 272.9885061768 272.7970174032 272.5692003064 272.3538895317 271.9222690222 271.4679441431 271.104493133 7.244979393734095 6.963105637928909 6.833238626380027 8.249218292392303 8.108229241045237 8.023436627437265 7.976974178634253
16070400.0 272.988667597 272.7994403063 272.5739720582 272.360741893 271.9330644465 271.4826735544 271.1219092438 7.2454150576007486 6.965138250252368 6.835137197823724 8.25232044665741 8.110796183596273 8.025630826556295 7.978914237854788
16156800.0 272.9913885101 272.8024999967 272.5787337787 272.3674053462 271.9436422112 271.4970579385 271.1388747803 7.252858441407769 6.967735384908116 6.837055442182293 8.255375587716934 8.11334435720214 8.027801612315539 7.980828038957284
16243200.0 272.9931500348 272.8063840923 272.5841683059 272.3743105031 271.9540164713 271.5110952941 271.1554132681 7.257780248496968 6.971082131360137 6.839274245392402 8.258589067462276 8.115876136418319 8.029947191634315 7.982716881778278
16329600.0 272.9913215361 272.8078588646 272.5885532691 272.3809312417 271.9642485602 271.5248175283 271.1715473615 7.252672930883953 6.9723677776613435 6.841087968352524 8.261703373382387 8.118405623970238 8.032071137565893 7.984582082461252
16416000.0 272.9935463576 272.8100496266 272.5925854496 272.3870390305 271.9742270523 271.5382438638 271.1873057073 7.258899037581942 6.974293017037346 6.842774625774089 8.26460836689235 8.120903493081027 8.03417521377111 7.986425775277195
16502400.0 273.001223203 272.815901297 272.5983166424 272.3935723787 271.9839384575 271.5513601724 271.2027026216 7.281444523680554 6.979527982132364 6.8452037251001725 8.267768765570477 8.123364913788068 8.036255986128003 7.988248534066955
16588800.0 273.0037012401 272.8214547342 272.604930828 272.400894136 271.993610271 271.5641787213 271.2177476048 7.289098266743402 6.984624943795971 6.848054554373858 8.271367472843192 8.12584768119759 8.038314158644347 7.9900504193874955
16675200.0 273.002282864 272.8232453384 272.6096680069 272.4077268134 272.0033154777 271.5767625439 271.2324601892 7.284693851444974 6.986296004724036 6.8501284531310285 8.274758731060224 8.12837070729888 8.04035881148785 7.991832754693966
16761600.0 273.0024419857 272.8250694491 272.6137422744 272.4138656002 272.0128187613 271.5891419692 271.2468705914 7.285184799734834 6.988012518857214 6.851934072359308 8.277839541956395 8.130871589158295 8.042394085611898 7.993598276046091
16848000.0 273.0008576641 272.8262154109 272.6174195849 272.4196308098 272.0220214959 271.6012859146 271.2609972867 7.280331682438607 6.989098296366787 6.8535815280713805 8.28076618781098 8.133322678103665 8.044414066820135 7.995348411686761
16934400.0 273.0004584714 272.8272471724 272.620657933 272.4249498758 272.030909517 271.613165532 271.2748426722 7.279121050177693 6.990080814102183 6.855046519314579 8.283493630535549 8.135717900385545 8.046412965132788 7.9970826555427434
17020800.0 272.9998520466 272.8285486756 272.6239550793 272.4300844816 272.0394818599 271.6247631371 271.2884040471 7.277291191441139 6.991326940177368 6.856551987283101 8.28615661048056 8.138054678650688 8.0483866658367 7.998799855401038
17107200.0 272.9994625991 272.8296232132 272.6270202362 272.4350057571 272.0477823223 271.636073354 271.301678299 7.276121886457887 6.992361475157689 6.857964280134548 8.288734416183146 8.140342893559728 8.050333037277687 8.000498781929783
17193600.0 273.0023430394 272.8322257842 272.6305774968 272.4399102409 272.0558325266 271.6471027228 271.3146662287 7.284879421099461 6.9948888685564246 6.859618960694141 8.291334326793724 8.142586610255599 8.052251981878657 8.00217868889152
17280000.0 273.0035518103 272.8351180637 272.6346726561 272.4451141119 272.0637207011 271.6578641621 271.327372431 7.288631236258336 6.997734281461986 6.861545023316695 8.294128795730066 8.144809400429368 8.054144570957666 8.003839324933237
17366400.0 273.0032016001 272.8367113906 272.6381847618 272.450188581 272.0715181662 271.6683880051 271.339805263 7.287539478092898 6.99931859552322 6.863215241118014 8.296878779705636 8.147030636185875 8.056015076674054 8.005480955478092
17452800.0 273.0028503879 272.8380069806 272.6413278228 272.4549690746 272.0791673182 271.6787012379 271.3519803226 7.2864485126430285 7.000615793377248 6.864724599695975 8.299493437983644 8.149232791876132 8.057867385463014 8.007104854690013
17539200.0 273.0033213371 272.8395276758 272.6443946543 272.4595528611 272.0866227957 271.68880576 271.3639107932 7.287912310794129 7.002148722465313 6.866210897204163 8.302025452770213 8.151401582574687 8.059701000362036 8.008712046760468
17625600.0 273.0021064508 272.8405814761 272.6473205037 272.4640257145 272.0938914456 271.6986956769 271.3756043753 7.284150479032282 7.003217622933006 6.867641529397629 8.304520358668924 8.15353779756164 8.061513994082857 8.010302870137902
17712000.0 273.0010981916 272.8410459581 272.6497344404 272.4681775154 272.1009716012 271.7083740912 271.3870647159 7.281063480204204 7.003690496193732 6.868831292158676 8.306853393441976 8.155639552995423 8.06330606247453 8.011877138576821
17798400.0 273.0017469629 272.8422525951 272.6522787837 272.4721667872 272.1078334372 271.7178423433 271.3982989417 7.283046218959158 7.004923931196627 6.870094686658697 8.309116466214745 8.157696433415015 8.06507658634463 8.013435164319104
17884800.0 273.0018175512 272.8437402759 272.655083791 272.4762158907 272.1145123746 271.7270965775 271.4093095026 7.283262732151696 7.006454674164471 6.871498789469323 8.31143761641551 8.159717907348318 8.066823964370585 8.014976633910674
17971200.0 273.0006705471 272.8444632267 272.6575585355 272.4801528239 272.1210560327 271.7361461149 271.4200989997 7.279763608435386 7.007202584830572 6.872747520958993 8.313712058134064 8.161717409349775 8.068549085997528 8.016501263341343
18057600.0 273.0017067916 272.8456150314 272.6599353085 272.4838932717 272.1274468641 271.7450055187 271.4306750366 7.282923071801121 7.008399655331709 6.873955710741428 8.315890093594627 8.163688401662851 8.070253916991375 8.018009494202168
18144000.0 273.0030751618 272.8477084061 272.662864383 272.4877756499 272.1336894281 271.7536782567 271.4410440305 7.287146274075824 7.010592790725414 6.875456799241504 8.318176455717449 8.165631424590924 8.071938358129906 8.019501631899585
18230400.0 273.0033382514 272.8493361534 272.6657359796 272.4917285459 272.1398497272 271.7621739392 271.4512119224 7.287965014928762 7.012313915043098 6.876941632760469 8.320525143390498 8.167566581395986 8.073603540042278 8.02097794152484
18316800.0 273.0031591854 272.8505146562 272.6683330849 272.4955583471 272.1459332091 271.7705115918 271.4611867493 7.287407518259617 7.013568771213278 6.878295952875283 8.322818230631345 8.169494980454706 8.075252527885416 8.022439023356231
18403200.0 273.0029417057 272.8515151432 272.6707361658 272.4992273563 272.1519083324 271.7787018333 271.4709786945 7.286731795899095 7.014639905707425 6.879558887530288 8.325032139408941 8.171405907480128 8.076886831985304 8.023885833687743
18489600.0 273.0025760362 272.8524026713 272.6730128259 272.5027606031 272.1577556938 271.7867452081 271.4805958328 7.285599011718378 7.01559462269639 6.8807641756393645 8.327180928747062 8.1732923704543 8.078505996079443 8.025319061648862
18576000.0 273.0026592015 272.8533440405 272.6752121147 272.5061735767 272.1634700612 271.7946395795 271.4900428502 7.285856273757154 7.016611935271434 6.881936725262785 8.329272746296791 8.175151834744325 8.080109016439408 8.026738922433514
18662400.0 273.0028779103 272.854514688 272.677500466 272.5095507962 272.1690571258 271.8023843019 271.4993230108 7.286533864237653 7.017883798313464 6.88316543885662 8.331360374068513 8.176985351537121 8.081695177161537 8.02814543521078
18748800.0 273.0033413148 272.8557254715 272.6797899434 272.5128985624 272.1745369598 271.8099823174 271.5084392621 7.28797456139287 7.01920724370285 6.88440372257448 8.333446476530145 8.178798839892261 8.083264498324054 8.029538583885364
18835200.0 273.0033811094 272.8569222085 272.6821043363 272.516232578 272.1799225404 271.8174401535 271.5173951988 7.288098598538563 7.020523386457641 6.885664708282082 8.335541032318671 8.180595988132415 8.084817767129001 8.030918464331513
18921600.0 273.0038397717 272.8580522813 272.684314277 272.5194922164 272.185221126 271.8247653793 271.5261957934 7.289531876435937 7.021773635126728 6.886877546868482 8.337603860818424 8.182378655287582 8.086356032285993 8.032285402462005
19008000.0 273.0039869884 272.8592791008 272.6865866948 272.5227331387 272.1904301135 271.8319637378 271.5348462305 7.289993346279651 7.023139163171039 6.888133709790145 8.339671719408836 8.184145410560598 8.087880003329847 8.033639779719806
19094400.0 273.0041958781 272.8603234251 272.6887321463 272.5259039714 272.1955571646 271.8390396669 271.5433514383 7.290649336957943 7.024308391074719 6.88932819655443 8.341709285100936 8.18589836613833 8.089390146398621 8.034981960062419
19180800.0 273.0039627862 272.8612901362 272.6908324688 272.5290119639 272.2005974388 271.8459975253 271.5517160388 7.289917433347363 7.025396372666163 6.890505657917938 8.343721386746163 8.187635311246654 8.090886937837842 8.036312280519246
19267200.0 273.0067240984 272.8630542255 272.6930727026 272.5320745355 272.2055488111 271.8528394438 271.5599438642 7.2987022932105585 7.027395913066134 6.8917704921035 8.345719770105756 8.189354970672998 8.092370395796804 8.037630971455917
19353600.0 273.0068523004 272.8651099189 272.6958364178 272.5353998907 272.2104404601 271.8595606922 271.5680287614 7.299116320006812 7.029749368687092 6.893343759437539 8.347913265736528 8.191067318869376 8.093839045136926 8.038936661035214
19440000.0 273.0051867795 272.8653043183 272.6977424509 272.5385208113 272.2153116611 271.8661871516 271.5759936614 7.293780445564233 7.029973244709337 6.894437176722774 8.349979861818388 8.192785915674698 8.095298142576892 8.040232695610221
19526400.0 273.007578234 272.8666429663 272.6996657034 272.5413912378 272.2200919336 271.8727216558 271.5838367755 7.301471248610564 7.031521120809616 6.895547500841498 8.35189291398965 8.1944851047789 8.096747983291616 8.041518463685003
19612800.0 273.0085753621 272.8688342416 272.7023116197 272.5445200373 272.2247774985 271.8791570364 271.591563584 7.304735442578893 7.034078705785551 6.897086707354212 8.35400315614348 8.19616326604149 8.09818663431667 8.042794547797444
19699200.0 273.0104782448 272.8705387592 272.7047097334 272.5476634848 272.2294398749 271.8854942347 271.5991747013 7.311061542025755 7.036088928988521 6.898493595361547 8.356137018933259 8.197846026155462 8.099613945291459 8.044060742576264
19785600.0 273.0127353279 272.8730762332 272.7075430605 272.550934748 272.2340771386 271.8917465251 271.6066736632 7.318735070891618 7.039115810415589 6.900170525510583 8.358379724093576 8.199532467208282 8.101032578495209 8.045317334893786
19872000.0 273.0131330801 272.8748898372 272.7102459707 272.5542811744 272.238715296 271.8979233026 271.614066322 7.320106967042054 7.0413048220553405 6.901785348696713 8.36069205315208 8.201232257653862 8.10244439241435 8.04656501919008
19958400.0 273.013038572 272.8760291112 272.7125202667 272.5574558118 272.2433410643 271.9040353275 271.6213591624 7.319780455817719 7.042691022327314 6.903155679168727 8.36289886848639 8.202940394690415 8.103851621297311 8.047804623968492
20044800.0 273.0145456819 272.8774254701 272.7146746437 272.5604577628 272.2479036956 271.9100842346 271.6285587492 7.325027945868444 7.044401867845276 6.904463646867734 8.36500023723397 8.204637731349933 8.105254445001497 8.04903702084235
20131200.0 273.0174880282 272.8798754198 272.7173053105 272.5635528366 272.2523903916 271.9160616742 271.6356683344 7.3355294843751775 7.0474355870902805 6.906074008043413 8.367189151017794 8.206319215654856 8.106650711428914 8.050262538009324
20217600.0 273.0202014017 272.8828685044 272.7204031153 272.5668979406 272.2568520193 271.9219642247 271.6426881745 7.345528599411299 7.051198349422405 6.907989260200123 8.369579797831195 8.208004024878134 8.108039373611284 8.051480995664923
20304000.0 273.0212827549 272.8849916485 272.7232884347 272.5703188953 272.2613382334 271.9278025936 271.6496196705 7.349601353610025 7.053906024337624 6.909791868206825 8.372043707968675 8.209711171212575 8.109422719133724 8.052692414142319
20390400.0 273.0252544675 272.887853809 272.72624187 272.5736923446 272.2658316215 271.9335914136 271.6564679741 7.365011960839329 7.057608109990882 6.911656066769429 8.374494103272486 8.211434010266741 8.11080404499075 8.053897481041325
20476800.0 273.0265150631 272.890894646 272.7296332205 272.5772943715 272.2703261621 271.9393351885 271.663239433 7.370057954070509 7.0616083198507225 6.913820861496382 8.377139919606698 8.213170536411694 8.112184302170578 8.055097119431126
20563200.0 273.0263039252 272.8919622836 272.7320991566 272.5806894761 272.2748449746 271.9450391496 271.6699389766 7.3692074229324 7.063029536856925 6.915411457622464 8.37964682504405 8.214929984856175 8.113564646917249 8.056292027321042
20649600.0 273.0254173415 272.8928329566 272.7342325923 272.5837808848 272.2793115347 271.9507069385 271.6765720057 7.365659612206436 7.064195104574025 6.916798984016202 8.381944765736247 8.21668203249795 8.114945880647262 8.057483009538087
20736000.0 273.0265419146 272.8936653656 272.7360343113 272.5865883287 272.2836708667 271.956324739 271.6831406929 7.370166277175237 7.065314996598656 6.917979115897211 8.384043964020078 8.218404502683288 8.116324529106265 8.05867030983017
20822400.0 273.0274001176 272.8956820847 272.7384177502 272.5894572525 272.2879082297 271.9618739934 271.6896421684 7.373647113974857 7.068050976193586 6.919552166531399 8.386213119258182 8.220090880971215 8.117695845963649 8.059853260266825
20908800.0 273.0207847679 272.8939589881 272.7394893724 272.592046347 272.2920669403 271.9673422332 271.6960683913 7.347719410339282 7.065711327606452 6.920263889074303 8.388172937149504 8.221758005762057 8.119056476366515 8.061030227469592
20995200.0 273.0210039503 272.892879572 272.7397935217 272.5939170408 272.2960539863 271.9727261737 271.7024156404 7.348546380101085 7.064257675467616 6.92046639913361 8.38958289485268 8.223366772943718 8.120405287242074 8.062200336938965
21081600.0 273.0201066725 272.8931424848 272.7408425619 272.5958209906 272.299835946 271.9780142453 271.7086873078 7.345174241420975 7.0646108963796745 6.921166607391886 8.391036720190598 8.224902470988612 8.121739025182004 8.063364018981012
21168000.0 273.0148843924 272.8917796214 272.7414051905 272.5976243237 272.3034645721 271.9831793854 271.7148672268 7.326219343146034 7.062785755839735 6.921543258416155 8.392417009387833 8.226385386455501 8.123050411425918 8.064518054677325
21254400.0 273.0099575026 272.887930895 272.7403171731 272.5986612142 272.3069085022 271.9882176243 271.7209448389 7.309317536739217 7.057708655369631 6.9208155872154 8.393189063542788 8.227800921051442 8.124337908666817 8.06566020425724
21340800.0 273.012380903 272.8883130923 272.7405166303 272.5996375971 272.3101080126 271.9931294986 271.7269252711 7.317517630935817 7.058207822166151 6.920948767988348 8.393929985280481 8.22912275200786 8.125601119299102 8.06679115274706
21427200.0 273.0103371277 272.8880426884 272.7411256959 272.6009468124 272.3131435681 271.9978767414 271.7327797013 7.310587967208978 7.057854549523518 6.921356053920056 8.39494219828043 8.230383913453876 8.126829580778455 8.067905129143668
21513600.0 272.9697152988 272.8688653384 272.733148409 272.5989124558 272.3156251198 272.0024033513 271.738479925 7.1983351104503095 7.034115215988288 6.916092530591585 8.39325931190069 8.231416664894732 8.128007967863798 8.068996347464653
21600000.0 272.9751243248 272.8646636756 272.7290935035 272.5969795724 272.3175972766 272.0066989708 271.7440388758 7.210988070298459 7.029236327580234 6.91347459512749 8.39170226183312 8.23223799451412 8.129132621700407 8.070066841181012
21686400.0 272.9315239954 272.8414761325 272.7172892003 272.5918762116 272.3187314107 272.0106825848 271.7494269013 7.122818329292873 7.004129394189993 6.906064101511321 8.387661703241537 8.232705180939563 8.130181209049418 8.07111043388171
21772800.0 272.9948262529 272.8635019086 272.7215095929 272.5904706984 272.3195431612 272.0144615282 271.7547015831 7.262541311545556 7.027906283827587 6.908678381212322 8.386614690652578 8.233037494163467 8.131180965281356 8.072137863342437
21859200.0 272.9856167697 272.871403376 272.7286533238 272.5938448103 272.3208023418 272.0179498921 271.7597741689 7.237289927842751 7.037115660186361 6.913192681641656 8.389272529234892 8.233566461848007 8.132108240229798 8.07313138156254
21945600.0 272.9438685816 272.8490632468 272.7207050231 272.5928935679 272.3226018845 272.021349034 271.764643075 7.144917267357582 7.012024378889149 6.908177025905369 8.388463524614755 8.23432741318264 8.133015888122282 8.074090082486892
22032000.0 272.9845336839 272.8619816652 272.7240709838 272.5937614666 272.3243523534 272.0247145821 271.7693616963 7.234459586571894 7.026178009893525 6.910283921909414 8.389142098997098 8.235068867060624 8.133918572960553 8.075023977284586
22118400.0 273.000887357 272.8743829831 272.7303594005 272.5964193426 272.3262332585 272.0280619422 271.7740185858 7.280421927773427 7.040690876585312 6.914287810656857 8.391240978463356 8.235869684998846 8.134820364144671 8.075950312193077
22204800.0 273.0078938506 272.8823264477 272.7366202063 272.6006141702 272.3286506204 272.0314205843 271.7785888252 7.302500733243969 7.050512224614875 6.918364540524717 8.394556292066744 8.236906861225293 8.135729218419034 8.076863947624673
22291200.0 273.0106557093 272.8869516106 272.741453439 272.6048767864 272.3316616878 272.0348878387 271.7831016778 7.311658117611208 7.0564346347943205 6.921575594536625 8.397942131068088 8.238206642019833 8.13667172336446 8.077770557380601
22377600.0 273.0098847398 272.8888903735 272.7447681546 272.6086301604 272.3350359187 272.0385291019 271.7876009556 7.309074623190694 7.058963854143311 6.923810923688707 8.400940263463399 8.239671218587873 8.137666224465116 8.07867887479095
22464000.0 273.0018131635 272.8883702122 272.7466635511 272.6116376604 272.3385163698 272.0423369891 271.7921241495 7.283249270538636 7.058282517275608 6.9251014785366785 8.403351194146605 8.241190184121741 8.138711421331276 8.079596520691524
22550400.0 273.0011854189 272.8848222083 272.745889206 272.6131866186 272.3418314093 272.0462476421 271.7966851981 7.281329306087542 7.053688741464791 6.924573138476346 8.40456972019997 8.242644056706501 8.13979039261848 8.080526453349403
22636800.0 273.0045129966 272.8867886667 272.7472375814 272.614854509 272.3449104209 272.0501718274 271.8012650212 7.291647906436273 7.056223339652382 6.925494125736222 8.405914385417663 8.24400106624164 8.140878817757335 8.081464907640543
22723200.0 273.0040757911 272.8879821736 272.7489460661 272.61686763 272.3478495767 272.0540613202 271.8058480415 7.290272048390701 7.057775564148345 6.926667744530376 8.407556268970273 8.245303642320417 8.141963324818793 8.08240876519639
22809600.0 273.0046520581 272.8885796577 272.7502353833 272.6187773806 272.3507471604 272.0579016588 271.8104113053 7.292086825032979 7.058556616360043 6.927558399094907 8.409117135786111 8.246594971928653 8.143039747253823 8.08335331310355
22896000.0 273.0002678976 272.8884307913 272.7513807895 272.6206119944 272.3535973325 272.0617009234 271.814944104 7.278544806772337 7.058361762591172 6.92835326255995 8.410623612553803 8.247871890971009 8.144110201092733 8.08429629630901
22982400.0 273.0010850222 272.88705956 272.7513175996 272.6218624574 272.3563498514 272.0654562909 271.8194406726 7.281023368218932 7.056574724702773 6.928309322161756 8.411638982982002 8.24911099090763 8.14517375305405 8.085236450721633
23068800.0 273.0011370954 272.8880895966 272.7524332586 272.6233004128 272.3589808378 272.0691587471 271.8238989934 7.281182011670686 7.057915794104127 6.929086657867095 8.412828201528589 8.25030093674388 8.14622768614611 8.086173276916028
23155200.0 273.005658432 272.8903224893 272.7541247794 272.6250245274 272.361563906 272.0727951813 271.8283075815 7.295282114815834 7.060850286462588 6.930271487446256 8.414268522399048 8.251475244553605 8.147268056075337 8.087104262367468
23241600.0 272.9961419444 272.8902646315 272.755680137 272.6269461766 272.3641653082 272.0763863033 271.8326728787 7.266332724379711 7.06077377184689 6.931367662450316 8.415882962015807 8.252664159266725 8.14830059220201 8.08803065978591
23328000.0 273.0046194764 272.8906106734 272.7561022204 272.6283190157 272.3667589703 272.0799404139 271.836990874 7.291983931299131 7.061231779458236 6.931666255183166 8.417025377345983 8.253855256560762 8.149327547592483 8.088951513762463
23414400.0 272.9915078889 272.8895702825 272.7571866151 272.6299376141 272.3692897985 272.0834572865 271.8412641133 7.253189400792071 7.05985751357464 6.932435589425888 8.418393035805622 8.255022917193877 8.150348740041919 8.089867260697867
23500800.0 272.914145147 272.8511722944 272.7423738451 272.6265083605 272.3714652912 272.0869135289 271.8454888145 7.094698887505335 7.0142722414997225 6.922193549304485 8.415337714162336 8.256027908450013 8.151357209780672 8.090776981000785
23587200.0 272.8375300373 272.7962065615 272.7122497867 272.6136078397 272.3717868223 272.0901113276 271.8496351923 7.000129002546524 6.962430077382587 6.902992147655924 8.404415013512926 8.25616060080716 8.15229461521308 8.091674099615553
23673600.0 272.9734556357 272.8433361814 272.7185604565 272.6075569941 272.3704523552 272.0928300762 271.8536462332 7.207022655992143 7.006037781184735 6.906847529912939 8.399591717635795 8.25551974949276 8.153094900174018 8.092545987959593
23760000.0 272.9733314485 272.8660876862 272.7337121989 272.6119826687 272.3695090755 272.0950215622 271.8574481702 7.206729789978982 7.030877722911701 6.916459551411449 8.403310665635056 8.255074391401859 8.153742208730026 8.093376129528744
23846400.0 272.8861093739 272.8263024256 272.7217467147 272.6109994683 272.3699988241 272.0969840578 271.860981018 7.055335613741928 6.989180976583435 6.908826409551895 8.402428294682908 8.255301267765473 8.154323576039165 8.09415077363033
23932800.0 272.9339898618 272.8278316153 272.7145759912 272.6059411848 272.3699816743 272.0989215139 271.8643307457 7.127080797143545 6.990639455657619 6.9044035407995175 8.398308695299079 8.255285787454508 8.154899105799393 8.094888183838592
24019200.0 272.8351321132 272.7827884701 272.6932353447 272.5960184709 272.3685946322 272.1005709631 271.8674893693 6.997739910291319 6.951577625251855 6.891862681828383 8.390400375254227 8.254629473733107 8.15539032447881 8.095586144867337
24105600.0 272.7444349523 272.7191817438 272.6563113591 272.5769872642 272.3648567482 272.1016524036 271.8704175772 6.92357760069256 6.9072316672676015 6.872117034498213 8.375868977222536 8.252883019425731 8.15571300839028 8.096235479909774
24192000.0 272.6566563286 272.6495947512 272.6103036137 272.5499224468 272.3578772079 272.1017855219 271.8729857219 6.872284444293332 6.868762208630779 6.85040879242291 8.356503332196068 8.249665647771065 8.155752762827113 8.096806804306599
24278400.0 272.5855137529 272.586625619 272.5631015833 272.5182203093 272.3474577632 272.1006240506 271.8750303235 6.839822174028162 6.840288039198586 6.830845873664163 8.335501110968972 8.244951597791564 8.155406153383156 8.097262853508397
24364800.0 272.6228172021 272.5876040524 272.5456431044 272.4962489817 272.335624776 272.0981629964 271.8764312237 6.856024301905159 6.84069355193681 6.824197665490313 8.321914741302782 8.23972004668407 8.154673597405512 8.09757595220352
24451200.0 272.5483587001 272.5399200041 272.5123501372 272.471041588 272.3225889813 272.0944995703 271.8771212036 6.825206585602218 6.822080660200416 6.81228501427884 8.307113978445676 8.234093293255658 8.153587844729305 8.097730349477139
24537600.0 272.935326783 272.748172001 272.5941421956 272.4858895526 272.3118504382 272.0902663543 271.8773533111 7.129422425744472 6.926135084374475 6.843430716592724 8.315991075811745 8.229570082478851 8.152340166575774 8.097782316260627
24624000.0 272.9555532811 272.8155232181 272.6549073119 272.5207314027 272.3090501792 272.0859826759 271.8770209399 7.1677450918580705 6.97918560269517 6.871410097689768 8.337716655785128 8.228432598098891 8.151085125053353 8.097707905692593
24710400.0 272.8364729285 272.7674425387 272.6506879906 272.5337759806 272.3135281491 272.0837873017 271.8765205461 6.9990724093849765 6.939872768579074 6.869303646303491 8.346122521848647 8.230325677752322 8.150444822922163 8.097595932932542
24796800.0 272.7390902799 272.6991337045 272.6176201493 272.5246315806 272.3157896993 272.0832739162 271.8764825774 6.919991164515029 6.895239658738393 6.853671872622328 8.339949102031074 8.231277419628578 8.150295371414508 8.097587439381858
24883200.0 272.6511004127 272.6302250774 272.5757296906 272.5045265304 272.314003434 272.0829559977 271.8767598118 6.869501655955974 6.859454273032366 6.835842476066902 8.327116616304052 8.230516866630714 8.150202875773127 8.097649465086363
24969600.0 272.827317355 272.7089609805 272.6007601862 272.5070073915 272.3122083879 272.0825843702 271.8772174063 6.990139620971989 6.9010157946819195 6.846250935237155 8.32874603491594 8.229762370450016 8.150094805798506 8.097751886691855
25056000.0 272.7015396354 272.6570667241 272.5807318138 272.4989144552 272.3097431381 272.0820609471 271.877747203 6.896629164910088 6.8724986092837455 6.837867503697943 8.32372944351502 8.22873063079966 8.149942688110464 8.09787053735195
25142400.0 272.6072300313 272.5897122832 272.5418401073 272.4790657289 272.3048165403 272.0810809758 271.8782241742 6.84905128673486 6.841570917799439 6.822787584618 8.311842962535325 8.226680469071523 8.149658185342922 8.097977420224405
25228800.0 272.5391192803 272.531200429 272.5003861997 272.453052149 272.2967073616 272.0792520342 271.8784859718 6.82178074286279 6.818911881826004 6.808229530327885 8.297098476569563 8.223347324648413 8.149128246115724 8.098036110875238
25315200.0 272.4752689368 272.4760635684 272.4582668936 272.4235595752 272.2854666654 272.0762516888 271.87835276 6.800063255961823 6.800320237593617 6.794799307953142 8.281381928544727 8.218809677772613 8.14826179473741 8.098006244766669
25401600.0 272.5151979676 272.4828422246 272.4461913416 272.405058196 272.2734456621 272.0721511925 271.8777062885 6.8132612239884915 6.802481002466913 6.791173051810569 8.272034512429961 8.214061051007935 8.147083433704694 8.097861371729124
25488000.0 272.8656933264 272.6825372599 272.53834779 272.4354467855 272.2686975466 272.0681717095 271.8766941882 7.030413248437023 6.885901623729374 6.821504298635703 8.287814221906622 8.212227708959187 8.145946194756254 8.09763478130944
25574400.0 272.6991485457 272.6346648813 272.5369953728 272.444149898 272.2675691538 272.0650319973 271.875583621 6.895241207067059 6.861541344875265 6.821010288011962 8.292463656961344 8.211803576072013 8.145053315715797 8.0973864534556
25660800.0 272.6083724683 272.5737872129 272.5086836838 272.4352545224 272.2656710544 272.0625528969 271.8745401098 6.849552119005954 6.83506321326389 6.8110301225741665 8.287637084817309 8.211074364706125 8.14435100893963 8.097153412235308
25747200.0 272.4995863381 272.4951406 272.462072107 272.4118182731 272.2602511274 272.0600390104 271.8735374896 6.807956472649475 6.8064865478802 6.7959617412730475 8.275461916766195 8.208989377230523 8.143641270685425 8.096929769442305
25833600.0 272.4211174024 272.4277507673 272.4137838555 272.381308338 272.2506362704 272.0567695829 271.872402577 6.783927720807333 6.78581188602599 6.781886106204228 8.26051321107748 8.205337339745515 8.142721850161324 8.096676932228048
25920000.0 272.3804341258 272.384188182 272.3752211359 272.3513697309 272.2378147264 272.0523230997 271.8709194425 6.772942921201845 6.773925226973196 6.771603710531712 8.246711304342725 8.20056188643836 8.141477951817704 8.0963469921021
26006400.0 272.2804494771 272.309357853 272.322014927 272.3142778394 272.2215553666 272.0464001215 271.8688782118 6.749301814985412 6.7557069110573815 6.758613962750145 8.230650336540428 8.194651887507717 8.139832577501762 8.095893847253455
26092800.0 272.2060287217 272.2429768666 272.2687188954 272.2738834781 272.2019944121 272.038792303 271.8660886286 6.734200912421149 6.741470838870357 6.746800240897936 8.214336666053748 8.187747302127132 8.137738297339057 8.095276308142882
26179200.0 272.1610776361 272.1956388549 272.2243121087 272.2356158922 272.1801941892 272.0294873721 271.8624115512 6.725917499808415 6.7322393371621985 6.73774648766741 8.199887261116604 8.180302789507078 8.135205593899217 8.094465342966394
26265600.0 272.1270410443 272.1587864234 272.1871493922 272.2008953492 272.1573560333 272.0186729356 271.8577832147 6.720012042571252 6.7255152776534315 6.730656192565015 8.187534647308352 8.172770281485718 8.132300970157607 8.093449459340897
26352000.0 272.0974899427 272.1271976202 272.1546510536 272.1693483878 272.1343372577 272.0066463841 271.8522159873 6.715118911109998 6.720043295262574 6.724784135915119 8.176879180147655 8.16543735993742 8.129118815843121 8.092234633376215
26438400.0 272.0696314003 272.0981577655 272.1249628166 272.1401928099 272.1115990651 271.9937186785 271.8457790567 6.710691117697636 6.715231906410904 6.719665780001205 8.167474259709762 8.158434193342268 8.125753176444611 8.090839640497004
26524800.0 272.0448032358 272.0718986726 272.0977816383 272.1131163372 272.0893899975 271.9801658458 271.8385742236 6.706886901597803 6.711049689167304 6.71517089858881 8.15909401031937 8.151811703646441 8.122284254005898 8.089290305768536
26611200.0 272.0168535036 272.0445372226 272.070922879 272.0870231089 272.0676958884 271.9661940689 271.8307122591 6.702754899563747 6.706851423418709 6.710897225504799 8.15131998653256 8.14553940788675 8.118770011532185 8.08761401678834
26697600.0 271.9949853942 272.0210290359 272.0464735869 272.0625309075 272.0465956407 271.9519642608 271.8223009517 6.699627120332252 6.7033669716872 6.707143390367779 8.144276312437285 8.139615929386805 8.115253602707538 8.085836943713167
26784000.0 271.9413990287 271.9784637733 272.0125306292 272.0341926166 272.0252132463 271.9374711672 271.8134149422 6.6923248553596135 6.697326810225754 6.702133977586091 8.136416048131194 8.133782481808348 8.111735304952022 8.083977645657757
26870400.0 271.8831741558 271.9292922225 271.9728089092 272.0018803318 272.0027454485 271.9225639513 271.8040750213 6.68492179717187 6.6907463704020245 6.696549114114615 8.127808569266929 8.127827801704486 8.108181022732506 8.082043051778953
26956800.0 271.8141566155 271.8714678514 271.9265830932 271.9649623692 271.9785134963 271.907004075 271.7942457334 6.676781359179999 6.683499049875138 6.690395393211121 8.118405477582954 8.12159688077226 8.104538847657823 8.080028503534265
27043200.0 271.7950312556 271.8431367538 271.8943093227 271.9329195932 271.9537639668 271.8907795428 271.7838950742 6.6746363811248575 6.680125108585996 6.686301975644454 8.110587011180511 8.115428000711441 8.10081248856661 8.077930406185558
27129600.0 271.781198478 271.8234503346 271.86965168 271.9058576765 271.9296890498 271.8741084031 271.7730448626 6.673113083356631 6.677844583874584 6.683279408429845 8.104216518982769 8.109606900832079 8.09705708446711 8.075756237461977
27216000.0 271.7626590789 271.8030127487 271.8467801645 271.8813476347 271.9066651141 271.8572546363 271.7617662292 6.671107322699519 6.6755301384019265 6.680552827851594 8.098621773082037 8.104197465613726 8.093333875150947 8.073523020234344
27302400.0 271.7474224186 271.7850771213 271.8262023225 271.8590016898 271.8847905422 271.8404405647 271.7501597935 6.669488744164482 6.673542003987649 6.678160319587544 8.093658980441433 8.099194191400557 8.089690561375416 8.071252846432436
27388800.0 271.728858189 271.7658084492 271.805798127 271.837663769 271.8639093674 271.8238082878 271.7383306817 6.667551969724936 6.671449310562539 6.675842457602504 8.0890379455492 8.094536555334011 8.086154331110274 8.06896769379414
27475200.0 271.7112172874 271.7471536004 271.7860853595 271.8172001876 271.8438711339 271.807432261 271.7263659142 6.665746370332234 6.669464501443762 6.673652724131324 8.084709956098054 8.090171335419294 8.082736330747613 8.066685074869977
27561600.0 271.6848751407 271.7232087619 271.7638363651 271.7959468255 271.8242674418 271.791301044 271.7143254869 6.663111126408837 6.666974132583251 6.6712375954761995 8.080318744108988 8.085995955712187 8.079429410654939 8.06441659553744
27648000.0 271.6620760111 271.7006457017 271.7419006292 271.7747226371 271.8049387068 271.77537183 271.7022433786 6.6608870522320105 6.664684180962974 6.668912733967379 8.076034501476897 8.081967947376945 8.07622060978045 8.062168480103793
27734400.0 271.6415368858 271.6797400577 271.7209539167 271.754043621 271.7859074273 271.7596164366 271.6901387849 6.6589267730291395 6.662609666314967 6.666742848948277 8.07195355448841 8.07808504018404 8.073100672115634 8.059943941575588
27820800.0 271.6233417324 271.6606863385 271.7013051169 271.7342216814 271.7672684834 271.7440353128 271.6780272465 6.657223356342618 6.660757099214771 6.664750345894809 8.06812497963439 8.07435937197808 8.070066441165444 8.057745368068561
27907200.0 271.5988908765 271.6380514767 271.6800696786 271.7139530269 271.7488409146 271.7286066725 271.6659169927 6.654981662156631 6.658602019159146 6.662642031525919 8.06429187151272 8.07074855353872 8.067110701232625 8.05557371904669
27993600.0 271.5807105318 271.6188685211 271.6604736202 271.6944215432 271.7306932851 271.7133232746 271.6538151058 6.653348932008362 6.656813137358842 6.660736617777058 8.060673197162636 8.067260849888553 8.064229378270358 8.053429695415094
28080000.0 271.5553838059 271.5957168594 271.6390732542 271.6742643482 271.7126399998 271.6981570618 271.6417249715 6.651121119379838 6.654698422121981 6.658698258292812 8.05701373226911 8.063856375995696 8.06141478471426 8.05131331097455
28166400.0 271.5096649531 271.5587798023 271.6096799053 271.6500017926 271.6938316223 271.6829472991 271.6296166765 6.647230987633473 6.651420577930516 6.655968127127192 8.052707347083562 8.060376451815655 8.05863561168574 8.049218842416144
28252800.0 271.5251787229 271.5585970846 271.598746028 271.6335750093 271.6759551713 271.667819138 271.6174925138 6.648532605149762 6.651404647565759 6.654972417381958 8.049847486126852 8.057130185821162 8.055913462497951 8.047146297296871
28339200.0 271.5573220661 271.5756338722 271.601415184 271.626247282 271.6607377558 271.6531966739 271.6054447089 6.651289734332846 6.652901917889397 6.655214514727089 8.048584554713688 8.054412339487282 8.053321230052422 8.045110780031012
28425600.0 271.4738940248 271.5223489223 271.5689006784 271.6046102459 271.6447084586 271.6388894063 271.5935097182 6.644298957576321 6.648297580201209 6.652307282353382 8.044917317406755 8.051593891946327 8.05082101062529 8.043117434117038
28512000.0 271.4312150624 271.4830013718 271.5366965636 271.5790737757 271.6269506687 271.6244938203 271.5816246955 6.640921174450822 6.645040233541556 6.649514883283882 8.040685655435194 8.048523232651371 8.048340580534662 8.041154857951987
28598400.0 271.4086675044 271.4577824982 271.5113771965 271.555389601 271.608321667 271.6098239353 271.5697005453 6.639187021403496 6.643012530102678 6.647377509928831 8.036850050869655 8.045358575941783 8.045848385330922 8.039207886381822
28684800.0 271.3794040166 271.4304912251 271.4860334345 271.5319648375 271.5892479306 271.5948536467 271.5576704287 6.636985929400307 6.640868655426992 6.645287123881017 8.033138675251966 8.042176669675626 8.043341228752215 8.037265591859404
28771200.0 271.3400768484 271.3964497428 271.4569258093 271.5066474285 271.5695065414 271.5795483023 271.5454842767 6.634112391074597 6.638264992463516 6.642944445498761 8.0292166213565 8.038943670875351 8.040814734135264 8.035320192110193
28857600.0 271.3028714492 271.3624976189 271.4269429762 271.4802354884 271.5490298224 271.5638610207 271.5330991963 6.631478810356667 6.635742611729202 6.64059366980318 8.025219484007918 8.035653046873726 8.03826284974259 8.033365384226494
28944000.0 271.2742277324 271.3338825862 271.3995324147 271.4546427618 271.5281805117 271.5478113799 271.5204885568 6.629504882466769 6.633671902382357 6.638497638678962 8.021434357858944 8.032366139056077 8.035690510483294 8.031397685733134
29030400.0 271.2530811194 271.3109867742 271.3757686597 271.4310173437 271.5074852738 271.5315080216 271.5076554175 6.628076384573719 6.632049988946353 6.63671992441038 8.018014149896958 8.029164927052891 8.033116382963248 8.029418345487008
29116800.0 271.2440875152 271.297105297 271.3579291318 271.4109507254 271.4876472476 271.5151598545 271.4946465809 6.627476066693107 6.63108131437842 6.635408691591863 8.015162656557079 8.02615190443187 8.030573550025558 8.027435206295566
29203200.0 271.2430993384 271.290288928 271.3456007988 271.3948287939 271.4692532276 271.4990330913 271.4815517498 6.627410365570852 6.630609631551875 6.634513926110413 8.012906175685673 8.023405351110029 8.02810187638336 8.025462190334146
29289600.0 271.2293228576 271.2768610325 271.3311970209 271.3790669217 271.4519652824 271.483272069 271.4684655059 6.626499693747876 6.629687984599723 6.6334800756168395 8.010730290629875 8.020864279355864 8.02572059382482 8.02351330414607
29376000.0 271.2282087822 271.2708764752 271.3209284189 271.3657650753 271.4359088311 271.4680001763 271.4554788447 6.626426477912252 6.629280410586857 6.632750502074639 8.008915819870403 8.01853831196385 8.023444920297102 8.021601384109589
29462400.0 271.2219082794 271.2629850539 271.3107224794 271.3534237857 271.420930961 271.4532767822 271.4426674237 6.626013610726 6.6287459381144735 6.632031443625382 8.007250417645938 8.016397530210266 8.021279843083938 8.019736461669245
29548800.0 271.2271359191 271.2625424825 271.3050302964 271.3438730671 271.4072842427 271.4391856713 271.4301015254 6.626356030662953 6.628716062829314 6.631632996074856 8.005972724644314 8.014470768108877 8.019233710132806 8.017927353772707
29635200.0 271.215504373 271.2526714898 271.295291437 271.333314682 271.3944034893 271.4257041937 271.4178273545 6.625596036446466 6.628052451662782 6.630955544003595 8.004572627812166 8.012672615779524 8.017299388296145 8.016179092925412
29721600.0 271.1997777679 271.2387399925 271.2826684881 271.3212157423 271.3817108617 271.4127048603 271.4058507061 6.6245793072808645 6.627124622709637 6.6300853691813195 8.002983442854397 8.010919856168917 8.015455391367738 8.01449084906066
29808000.0 271.1789773225 271.2207015125 271.2670959483 271.3072455311 271.3687520283 271.4000066943 271.3941382835 6.623253291437834 6.625938235833733 6.629023942653159 8.001168056183477 8.00914958594153 8.013673789243558 8.012856415342224
29894400.0 271.1731726986 271.2115379897 271.2557580216 271.2948523716 271.3559455795 271.3875466177 271.382653133 6.622886990862297 6.625341906580394 6.628259396745448 7.999574159178163 8.007418810245245 8.011944151757469 8.011269340223894
29980800.0 271.1448309412 271.1891710517 271.2378202056 271.279546738 271.3427129678 271.3751968245 271.3713453258 6.621121390203411 6.623903942948679 6.6270637225937055 7.997628111446834 8.005649674899324 8.010247645862142 8.009721661020544
30067200.0 271.09880821 271.1530209681 271.2106892446 271.2587209507 271.3279942804 271.3626710253 271.3601230606 6.618332674279278 6.621631151020877 6.625286887279558 7.995018606408171 8.00370447470092 8.008544772249843 8.008200066186918
30153600.0 271.0686172331 271.1243340212 271.1853887729 271.2370203282 271.3119986887 271.3497699783 271.3488760218 6.6165537357566 6.619871043701333 6.623663212148585 7.992344048956865 8.001616865367106 8.006809308047657 8.006689258078675
30240000.0 271.0384700339 271.0964611782 271.1604385583 271.2149443841 271.2950862595 271.3364215588 271.3375142558 6.61481558912948 6.618196339279934 6.622092446047636 7.9896688626780845 7.999438750238226 8.005032993312685 8.005177194845707
30326400.0 271.0246943745 271.079285542 271.1413962229 271.1955718341 271.2781373088 271.3227357292 271.3259999003 6.614033689310186 6.617181245510471 6.620913363240455 7.987357630350493 7.997285236124486 8.003231819951356 8.003659115053036
30412800.0 271.001571722 271.0578860624 271.1212060761 271.1763181121 271.2612427334 271.3088283373 271.3143331531 6.612738205761181 6.615934053030825 6.619681387204148 7.985094224829501 7.995167214288872 8.001421890637056 8.002135387290496
30499200.0 270.9967042582 271.0478748192 271.1073580347 271.1603674409 271.2450583656 271.2948903781 271.3025552253 6.612468160719353 6.615357133794478 6.618846980598912 7.983243128392012 7.993164338198094 7.999628235166131 8.000611654515613
30585600.0 270.9721000081 271.0270606424 271.0888864062 271.1430796383 271.2291122909 271.2809899017 271.2907096976 6.61111701081668 6.614170763025419 6.617747100172704 7.981262289581108 7.991215515967869 7.9978592214728925 7.999093654901151
30672000.0 270.947581406 271.0046701054 271.0687417384 271.1246651325 271.2130257876 271.2670911815 271.2788166512 6.609793154017545 6.612913870814866 6.6165643332576956 7.97918022037488 7.989273761681487 7.996109855053338 7.997583943369893
30758400.0 270.9286468188 270.9855134797 271.0499890571 271.1066279992 271.1968905349 271.2531717296 271.2668821315 6.608785836954238 6.611854033637792 6.615478627511863 7.97716769833281 7.987350030328894 7.994376990033574 7.99608322143787
30844800.0 270.9112621431 270.967856284 271.0323172143 271.0892209341 271.1808678888 271.2392482284 271.2549127007 6.607872252246214 6.610889540048686 6.614468726469497 7.9752502117409145 7.9854629142977265 7.992662407468511 7.994592226597409
30931200.0 270.871200517 270.9356805908 271.0066773795 271.0679239802 271.1641001585 271.2251906917 271.2428855098 6.605806920711772 6.609161759977144 6.613025744723677 7.972937597618765 7.983512413501009 7.990950036524187 7.993108054365478
31017600.0 270.8277183923 270.8986762407 270.9765053537 271.043135954 271.145995229 271.2107789958 271.2307355447 6.603626020121099 6.607220672427825 6.611360511669095 7.970289989579626 7.981433764298488 7.989213694272487 7.991622775955188
31104000.0 270.7984446327 270.8696866775 270.9495029234 271.0187476529 271.1270179558 271.1959216465 271.2183952184 6.602191958106548 6.605733133162814 6.609899351292771 7.96772927759888 7.9792846903055965 7.987443602584482 7.990128449264718
31190400.0 270.7765566504 270.8466103157 270.9262057266 270.9961476327 271.1078654006 271.1806931492 271.2058358988 6.6011370927881865 6.604569149863402 6.608660137603781 7.965394381991965 7.977145832372043 7.98564991088713 7.98862208822341
31276800.0 270.7481367175 270.8203259624 270.9018529682 270.9734330159 271.0885984224 271.1651762108 271.1930566488 6.599789006608904 6.603264482493328 6.607385426811587 7.963084168025755 7.975024007843885 7.983843305076955 7.987104106878498
31363200.0 270.7318610918 270.801563884 270.8816242441 270.952801183 271.0696710226 271.1495062611 271.1800867884 6.599027706616141 6.602346625870046 6.606342229905129 7.96101613848663 7.972967976361827 7.982040042151632 7.985578459249998
31449600.0 270.736103642 270.7975870729 270.8707377093 270.9375883205 271.0521587004 271.1339764327 271.1670098564 6.599225411628073 6.602153488898392 6.60578656830729 7.959508650231488 7.971090041894844 7.980273477823782 7.984055242183394
31536000.0 270.7470980416 270.8009201145 270.8663250626 270.9274229033 271.0367657164 271.1189459864 271.153963049 6.599740191075929 6.602315327420495 6.605562474246674 7.958509160009564 7.969458266304338 7.978582855353269 7.982550324888598
31622400.0 270.7485074895 270.7998553754 270.8613991172 270.9187869614 271.0231774003 271.1046298918 271.1410893055 6.599806439767185 6.602263590729152 6.605313078664939 7.957665605109045 7.96803228946839 7.976989766753836 7.981079617987461
