0.0 270.15 270.15 270.15 270.15 270.15 270.15 270.15 5.9324831412100005 13.44569981786 13.44569981786 8.067419890716 8.067419890716 8.067419259035999 8.067417142473
86400.0 260.5991117039 262.5805594841 265.3890749454 268.3281986243 269.8847338603 270.1165226213 270.1481144018 5.52652574016 11.8836780485 12.244343229995 7.696952946327 7.9996749628620005 8.058505919676 8.066912140605
172800.0 260.3983115412 261.7352824729 263.8523392936 266.7166317327 269.2033695199 269.9324375171 270.1238713098 5.5232101517 11.796038213475 12.031663051299999 7.482224446551 7.8506764478280004 8.011389112401 8.060450896806001
259200.0 261.0676924005 261.947521573 263.4589689059 265.8275819996 268.5206052615 269.6531117424 270.0687404959 5.53456202412 11.817336995915 11.983565212105 7.388310084414 7.727900384136 7.945389903051 8.04597137931
345600.0 261.1901576167 261.9477304784 263.225744313 265.2842447879 267.9389688153 269.3290550309 269.9807163683 5.536734991365 11.81735818422 11.956077089875 7.337028510786 7.638385827957 7.87586890227 8.023445480895
432000.0 259.9686273929 260.9415606465 262.4357385904 264.6305946055 267.3967008913 268.9838646103 269.862261944 5.516356285955 11.720179035274999 11.868112285615 7.2803789662980005 7.564512460995 7.808749372449 7.994217072713999
518400.0 259.7600786298 260.6002696026 261.9674382938 264.0873481464 266.8958394339 268.6318832187 269.7178590608 5.51314219977 11.68925909396 11.819359067485 7.236903579570001 7.5029242268520004 7.746455857167001 7.960145653788
604800.0 258.7805450146 259.7414245855 261.2388302083 263.4743527154 266.4018041127 268.2747535076 269.5517298656 5.498939725875 11.615485774285 11.747918768235 7.191242724063001 7.447383749853 7.688590951998001 7.92288563472
691200.0 257.4279931726 258.5382132575 260.2396501693 262.7133581111 265.871184518 267.9031331875 269.3660883476 5.48143256978 11.520687604479999 11.657606077295 7.138898868759 7.39260988779 7.6332295418700005 7.883469867423001
777600.0 257.1152983463 258.0852959801 259.6572924018 262.0860840317 265.347108744 267.5205430511 269.1627332502 5.477686050385 11.487279015550001 11.60854849218 7.098893812563 7.342754466054 7.580658856986 7.842712229318999
864000.0 253.7506350294 255.3590516121 257.6954805619 260.8705478245 264.6791447078 267.0948911979 268.9389703454 5.442997050915 11.307719891025 11.459427495495 7.028199310164 7.284415673513999 7.52669733294 7.8004793434829995
950400.0 252.8947289774 254.2929097409 256.5046677784 259.7829243191 263.9430533379 266.6208278417 268.690984156 5.4355150032449995 11.245900966325 11.37906415348 6.971355552489 7.225848385086 7.471406005884 7.756524484761
1036800.0 254.8200762488 255.5461094555 256.9437806327 259.4915753863 263.3733315001 266.1534269076 268.422708645 5.4530347497800005 11.319003846385002 11.407911968245001 6.957015826146 7.184031612165 7.421145276983999 7.711964566082999
1123200.0 255.7690110987 256.350729943 257.4483158839 259.5234686161 262.9980691325 265.7386769481 268.1449902458 5.462665052965001 11.369156241745 11.442179328849999 6.958568564969999 7.1579623231200005 7.379612673213 7.66873443327
1209600.0 255.5181664532 256.2304483952 257.4200820533 259.4425690422 262.7099546856 265.3790954843 267.8681640526 5.460047944675 11.361486468654999 11.44022876153 6.954637926111 7.1386745491529995 7.345668466923 7.628246302647001
1296000.0 255.0873341811 255.8726907738 257.1511685196 259.2266938739 262.4354412994 265.0565574229 267.5978966621 5.4556741547300005 11.339037281295 11.421848204755 6.9442768142219995 7.120848346077 7.316692675827 7.590955374
1382400.0 254.5361372132 255.3825017527 256.7450415187 258.9068263273 262.1422740591 264.7516361335 267.3352531462 5.45028989214 11.309127013934999 11.394746520755 6.929255181432 7.102371651621 7.290471121044 7.556621789844
1468800.0 256.1225061613 256.5219058881 257.3559632554 259.025780481 261.9551708767 264.4839385858 267.0832050716 5.466445501605 11.380180163665 11.435813819195 6.934796352045001 7.090867872441 7.268319759513 7.525274603343
1555200.0 254.5159557677 255.3918576384 256.7174161363 258.7263179074 261.7304853163 264.2318259939 266.8415224039 5.450097065025 11.30968900657 11.392930897985 6.920946303153 7.077337194837 7.2481519000470005 7.496562405714
1641600.0 255.734179773 256.1944769279 257.0835590592 258.7486552782 261.5629403568 264.0037005988 266.6108522577 5.46229845583 11.359204839910001 11.41728239725 6.921968077473 7.067441973378 7.230449078378999 7.470289582176
1728000.0 257.1685281676 257.3730260548 257.8868719617 259.0947274273 261.522504184 263.8240751996 266.3955050206 5.478316480955 11.436986692225 11.473000827975 6.938032384731 7.065078034569001 7.21685663724 7.4466862312019995
1814400.0 258.5159410336 258.5604789853 258.8090665155 259.6218602166 261.6107207888 263.7092494338 266.2018662035 5.495335778865 11.522360261340001 11.541234172985 6.963384919089 7.070247317754 7.208321406375 7.426174058361
1900800.0 258.5108361896 258.7291714029 259.1266436862 259.9489151932 261.7262879081 263.643534255 266.0330145925 5.49526715637 11.535127883114999 11.56589414508 6.979684779933001 7.0770872957129995 7.203489168066 7.408805785563
1987200.0 260.4131536984 260.2494842437 260.1965014279 260.5632897945 261.9333771445 263.6325790974 265.8917573015 5.523452699735 11.65845590664 11.653885951285 7.011579667566 7.089542057799 7.202687265885 7.394628390066
2073600.0 263.2795753457 262.6638997987 261.9908903244 261.6236727446 262.3195336527 263.7033487761 265.7842860537 5.579420199615 11.89274527782 11.82174529032 7.071010032339 7.113475860312 7.207885965141 7.384048373712
2160000.0 262.3975575399 262.3492671868 262.2283131918 262.1473757067 262.6819199773 263.822357575 265.7110960471 5.559981324555 11.85893096607 11.84622672822 7.102688407077 7.136829918138 7.216728091392 7.376942141589
2246400.0 264.8459165049 264.2591296282 263.5662871051 262.9882793518 263.1077006679 263.9886731804 265.6717238097 5.6207775762 12.08387716578 11.99646566149 7.157296855563 7.165464449538 7.229300448405 7.373151853608
2332800.0 262.0763079258 262.4318366879 262.7580533339 262.9778586472 263.3642752823 264.1453445352 265.6575456741 5.553449726875 11.86769619081 11.903087358945 7.156589295051 7.183389268632 7.241381384736 7.3717924497
2419200.0 259.1024902409 259.9727449484 261.0776953476 262.2456644959 263.3267359883 264.2236717213 265.650969957 5.503453118975 11.63481711905 11.732786489755 7.108823644437 7.180733797329 7.24751035995 7.371162950502
2505600.0 259.160366986 259.6896454675 260.5369044243 261.743536819 263.1667750967 264.2230313868 265.6373321334 5.50428000088 11.61121040572 11.683623236615 7.078114899959999 7.169545352652 7.247460009393 7.369859367861
2592000.0 259.2989043651 259.7039122827 260.3880337225 261.4843995598 263.0028172906 264.1741538283 265.6103246706 5.50627903385 11.612386543285 11.67050752198 7.062858892845 7.158285343527 7.243628654214 7.367285679849
2678400.0 259.7182963488 259.996141217 260.5075315155 261.4266089572 262.8892674644 264.1093850323 265.570851844 5.51250674394 11.636793734455 11.681021604005 7.05950887347 7.150606843029 7.2385877068890006 7.363542707433
2764800.0 261.7573261177 261.5828985002 261.5235269347 261.8546448006 262.9298901052 264.0739134494 265.5269567305 5.547222719865 11.781020311905 11.775229518225 7.0847765452289995 7.153342772376001 7.2358441799549995 7.359406078956
2851200.0 263.1910231042 262.8834301034 262.5649314849 262.4811016723 263.117009852 264.0942404693 265.4894298202 5.577360060165 11.91702450397 11.881986748575 7.123777412937001 7.166105733753 7.237414878588 7.355890787946
2937600.0 265.8755577997 265.1349737681 264.2435721824 263.4840297567 263.4877470948 264.1955642557 265.4704043437 5.65447112969 12.206060194075 12.08183112907 7.191937945857 7.19220521706 7.2453040475609995 7.3541159956049995
3024000.0 267.4866396217 266.7024737969 265.6470198085 264.5175746273 263.9803809997 264.3787084105 265.4793677345 5.723311166959999 12.46769468976 12.28467656166 7.271081437847999 7.228689430857 7.259822450172 7.354951528482
3110400.0 265.6661413389 265.6181604047 265.3654439012 264.8276196854 264.3651251831 264.5869495636 265.5149205308 5.647095392365 12.280087028105 12.24072384956 7.296924283149 7.258755267627 7.276751235867 7.358276483322
3196800.0 258.0596915926 259.7281210723 261.6570310887 263.3217309344 264.2211496494 264.6797674437 265.5541612438 5.489332889575 11.614385526489999 11.788298180655001 7.180380612699 7.247333583716999 7.284446863305 7.3619666330880005
3283200.0 256.8376623169 258.0191042295 259.7577476762 261.9006529441 263.7539664645 264.6171159386 265.5710047401 5.474445237955 11.482492320065 11.616837444565 7.087556749719 7.211653558089 7.279242011142 7.363557163293
3369600.0 256.2050806855 257.1844364028 258.7139558096 260.8664305375 263.1972326216 264.4346144616 265.5503565513 5.46734466325 11.424102938025001 11.533969330969999 7.027973504994001 7.1716600398059995 7.264322456223 7.361607905907
3456000.0 255.5478406257 256.470041968 257.9240609825 260.0631842081 262.6483145646 264.179411543 265.4888754705 5.460354776885 11.37682643183 11.475660728155 6.98548797405 7.1346260816189995 7.244039659554 7.355839005258
3542400.0 255.8527213838 256.5401236261 257.7087691767 259.6015376714 262.1873324233 263.8996719208 265.3922855806 5.463550376695 11.38136103281 11.460363715595 6.962386863303 7.105175027628 7.222540838163 7.346880219432
3628800.0 257.0684699009 257.4263547704 258.15546376 259.574773455 261.889388889 263.6439253474 265.2729589879 5.477133879575001 11.440661774635 11.492379441785 6.961075040178 7.086874892916 7.2035178147389995 7.335984432936
3715200.0 259.1689108297 259.1215416572 259.2863013652 260.0349302887 261.8159766175 263.4583744185 265.1478224588 5.504402475295 11.565492975485 11.57853234452 6.984047757747 7.082449765212 7.1900738563290005 7.324755992961
3801600.0 259.0304619966 259.2258785041 259.5756027882 260.3017709824 261.827848156 263.337216988 265.0294650388 5.5024307459549995 11.57373004381 11.60185940851 6.997792032729 7.083163155435 7.181451218529 7.314316312446
3888000.0 262.4102553439 261.8666421987 261.3408310232 261.1982313971 262.0505972745 263.3077367067 264.9308993498 5.560245120775 11.809167158405 11.757617933479999 7.046450625561 7.096707653073 7.179371301198 7.305752290188
3974400.0 263.3644255348 262.9533350928 262.4317176484 262.0312020674 262.3933289678 263.3665284725 264.861737618 5.58141872103 11.924878968695001 11.867683499255 7.095516147894 7.11815935233 7.183526227509001 7.299811842339
4060800.0 264.0114348738 263.6585036025 263.1771740586 262.7023179786 262.7664190698 263.4884711417 264.8252787725 5.59750276903 12.007681606685 11.95044423401 7.138171514505 7.142406832611 7.192234667964 7.296702746459999
4147200.0 266.3440672167 265.5875932935 264.622759456 263.6443792395 263.2298945318 263.6733610154 264.8233656754 5.67210611297 12.27524745282 12.132883234154999 7.203573457884 7.17393590796 7.2056777372730005 7.29654002727
4233600.0 268.1762090503 267.2819143469 266.0668449036 264.6927594224 263.7835531359 263.9225790748 264.8576728229 5.7618331629799995 12.583131765655 12.35378027382 7.285552352286 7.213853274893999 7.224273597921 7.299464447127
4320000.0 267.7188490959 267.2482801277 266.4569937121 265.3212827702 264.290292735 264.2028627595 264.9247605682 5.73551431779 12.576086902355 12.422262491369999 7.340395846770001 7.25279264604 7.245876196953 7.305222744309
4406400.0 264.3398240672 264.7698956209 265.091571629 265.0169943655 264.5338307867 264.4388714694 265.0104269798 5.60629184246 12.153385906045 12.199657966935 7.313248367750999 7.272410270028 7.264666444455 7.312653071991
4492800.0 263.0744789306 263.5104688186 264.0451522365 264.4808666127 264.552441629 264.5919970475 265.0969718926 5.5746875959599995 11.989735668489999 12.056083853355 7.268091146871 7.2739350542970005 7.277167306869 7.320249569676
4579200.0 262.1030639855 262.5705202678 263.2121678945 263.927646846 264.4324301172 264.660367289 265.1703599886 5.553983504780001 11.88259125613 11.954499460065 7.2246795651569995 7.264167196089 7.2828305479079996 7.326763613727
4665600.0 262.3604716005 262.6056149268 263.0212741148 263.6357383225 264.2945840114 264.6725101029 265.224567213 5.559213367325 11.88639551063 11.932570993490001 7.202940817368 7.253133036905999 7.283841733338001 7.331618602124999
4752000.0 261.9750225911 262.2768633763 262.7358342174 263.3877237042 264.1579196577 264.6506383554 265.2591556043 5.551445420179999 11.851306945200001 11.900637240804999 7.185053811204 7.242382924407 7.282021551897 7.334736041112
4838400.0 260.4078802068 261.0128252531 261.8452526554 262.8755161113 263.9499586057 264.5893066726 265.2734707149 5.523366475635 11.726758901950001 11.807017608105 7.1496834600809995 7.226372971941 7.276945501190999 7.336030761372
4924800.0 260.0858167499 260.5803007837 261.3485803616 262.4377805501 263.7091811926 264.4930403711 265.2673420799 5.518194008795 11.68747954603 11.758358681425001 7.120998063774 7.20833866836 7.26906018378 7.335476137152
5011200.0 261.3115197807 261.4238232169 261.7362195197 262.4268797146 263.5567864391 264.395311333 265.2453723446 5.538919510185 11.765579768539999 11.79613126215 7.120300698612 7.197190231215 7.261155475773 7.333491920408999
5097600.0 259.7797680378 260.3242040086 261.0831931374 262.0988108029 263.3796515129 264.2900871856 265.2106942299 5.513442620985 11.664937023975 11.73329901644 7.0996797754830006 7.184480278701 7.25275494171 7.330372537083
5184000.0 260.4210905867 260.6736068306 261.149309429 261.9840785168 263.2336898141 264.1858634031 265.166590493 5.52358256651 11.69582226042 11.739483425989999 7.092630966909 7.174200909807 7.24454438463 7.326427386474
5270400.0 259.8826610688 260.2752666764 260.8802725485 261.7963778117 263.0901108697 264.0818574201 265.1154076688 5.51502277349 11.660687431915 11.71455497589 7.08127387056 7.164254565738 7.236457549743 7.321879652649
5356800.0 260.2291830504 260.4807822391 260.935126057 261.7310073509 262.9769948667 263.9844535395 265.0597167085 5.5204740833449994 11.678658302475 11.71958706988 7.077368282226001 7.156530681516 7.228978299471001 7.316968272345
5443200.0 260.763658336 260.9010284084 261.1953077364 261.8074493241 262.9201316228 263.9047169695 265.0031532811 5.5292989253550004 11.716456055065 11.74380881708 7.081937860023 7.152684421179 7.222922043726 7.312018769151
5529600.0 260.9148002307 261.0655570633 261.3457547991 261.8901540776 262.9000247651 263.845060658 264.9490277984 5.53189230466 11.731655843455 11.758088526309999 7.086921188331 7.15133015409 7.218429333468 7.307318697129
5616000.0 260.3959806163 260.69258422 261.1395045384 261.8168061275 262.861298334 263.7929565494 264.8980094273 5.52317209626 11.69752771985 11.73856386119 7.082499585078 7.148730223062 7.214531868099001 7.302920312421
5702400.0 260.1297564602 260.4431173364 260.9354129404 261.6887589705 262.7955834267 263.738209989 264.8487886442 5.51888905668 11.675340168925 11.71961345488 7.0748575556699995 7.144343574597 7.210463020251 7.298705833542
5788800.0 260.7997788449 260.9173818792 261.1853808252 261.747788812 262.7627551094 263.6898976473 264.8015117665 5.52991463467 11.71795647889 11.742873761324999 7.078368482448 7.1421639511890005 7.206894479559 7.294684217496
5875200.0 261.5346798934 261.5325189882 261.6213905867 261.9614148067 262.7931859622 263.662119706 264.7586554942 5.543019840465 11.776104404865 11.784792617245001 7.091248257537 7.144184131974 7.204851983667 7.2910607463209995
5961600.0 262.1923419738 262.1218697967 262.093285771 262.2529261333 262.8834630746 263.6628828605 264.7236622016 5.555777820585 11.83517738432 11.832230737325 7.1092793959469995 7.150216916604 7.204908007845 7.2881175110820005
6048000.0 262.3884800699 262.3651161036 262.3647302735 262.4886224653 262.9961820527 263.6875856064 264.6986358916 5.55979300893 11.8606075371 11.860566689179999 7.124261222037 7.157833991142 7.206724218648 7.286021016585
6134400.0 262.7736338751 262.7133776183 262.6661253822 262.7230671374 263.1221303672 263.7308280292 264.6842366246 5.56798528364 11.898166924525 11.892988530395 7.139539244319 7.16645875833 7.209916424253 7.284817933809
6220800.0 262.7929344281 262.791122169 262.801624086 262.8849170176 263.2392360709 263.7839902236 264.6795585853 5.56840703214 11.906744855714999 11.907909152655 7.1503145660100005 7.174588377603 7.2138636417 7.284427571868
6307200.0 263.0455831246 263.0128285137 262.99242663 263.0461652704 263.3516711915 263.8427842292 264.6831378303 5.57403170115 11.93161162198 11.92929780247 7.161242246901001 7.182496395228 7.218258539619 7.284726222393
6393600.0 262.8244428052 262.8855895695 262.9706093505 263.1106531087 263.4382768701 263.8994355405 264.6927010081 5.5690979205449995 11.917266235125 11.92682925641 7.165667762439 7.188657843845999 7.222522982934 7.285524867639
6480000.0 262.9771194004 262.9988933604 263.0532920796 263.1852168049 263.5117240089 263.9520381095 264.7061719733 5.57248813642 11.930030639449999 11.936216265679999 7.1708249022990005 7.193931913707 7.226509102113 7.2866515896660005
6566400.0 262.9911933011 263.030080933 263.1011447913 263.2460600057 263.5749754448 264.000246559 264.7219732824 5.572804248644999 11.93357235921 11.94168872595 7.175065441257 7.198510312365 7.230184878516 7.287975807006
6652800.0 263.6280209583 263.5281093964 263.4365075198 263.4308175003 263.6639384697 264.0526869243 264.7402502026 5.587785903005 11.99185782662 11.980885577315 7.188124721796 7.205007876078 7.234208202051 7.289510983955999
6739200.0 262.9570607074 263.0873342575 263.2412179457 263.4218867361 263.7209235883 264.1005041925 264.7600224981 5.572038661145 11.940106332420001 11.95787815493 7.187487045771 7.2092060922000005 7.237899686802 7.291176003516
6825600.0 263.8390761129 263.7186323834 263.6122330817 263.5965379754 263.8022718358 264.1514300504 264.7815011388 5.593065177034999 12.015061237874999 12.00203861012 7.20007889826 7.215249027633 7.241855409711 7.292989730094
6912000.0 263.8749695581 263.8289079971 263.7699578244 263.7438085047 263.8947964016 264.2077069194 264.805325419 5.59397974143 12.028734308575 12.021402526614999 7.210900132253999 7.222194686898 7.246256234226 7.295007674232
6998400.0 264.3121429657 264.1933553014 264.0507539766 263.9374298999 264.0050497303 264.2720348878 264.8324153885 5.60553333779 12.07525424056 12.05680203633 7.225421505251999 7.2305741575499995 7.251325045191 7.297310125887
7084800.0 263.3352320884 263.5086391194 263.6965800678 263.8637568286 264.0590744834 264.3277376505 264.8610332131 5.580728374005 11.989515806795 12.01234860259 7.219855906602 7.234721823006001 7.255747774731001 7.299751627059
7171200.0 262.5645291642 262.8439246195 263.2128994752 263.6282419455 264.0342786016 264.3580320782 264.8870056709 5.5634855847899995 11.91261235245 11.954584410425 7.202392498479 7.232814717993 7.258166346024001 7.301975674149
7257600.0 262.4753689252 262.6804259066 263.0000172739 263.4478669695 263.9744624395 264.3633441135 264.9068849098 5.56160477492 11.89455294614 11.930158059770001 7.189343928441001 7.228238094462 7.2585914027789995 7.3036832792699995
7344000.0 264.1356480373 263.9100102172 263.7174825016 263.7035794176 264.0056084373 264.3757727988 264.9228616936 5.60077432487 12.038907090575 12.01491961528 7.207925287542 7.230616909929 7.259587049817 7.305059033019
7430400.0 264.7291450371 264.5140629622 264.248694406 264.0393162916 264.1172815565 264.413731737 264.9400543692 5.61732715375 12.117991255085 12.082504332985 7.233201703934999 7.23922178883 7.262637762074999 7.306542852003
7516800.0 264.2205809014 264.2310321029 264.2068139604 264.1541985261 264.2201507934 264.4657048746 264.9609982002 5.603047970375 12.080184850830001 12.077012832425 7.242092797854 7.247255070393 7.2668390915100005 7.308355151052
7603200.0 263.9028723441 263.9764590401 264.0612629377 264.144327047 264.282312288 264.5156567133 264.9848628014 5.5946941446450005 12.047317190240001 12.05815070551 7.2413238002850004 7.25216011809 7.270903812519 7.310426562288
7689600.0 263.0438683803 263.2936879003 263.6096885494 263.9481177792 264.2724451356 264.5460652426 265.0079911576 5.573992861685 11.96400914228 12.001729183605 7.226233082655 7.251378936786 7.273391235447 7.312440585063
7776000.0 263.4694634322 263.5270456294 263.6585296129 263.9015944369 264.2553232454 264.5620712621 265.0279986003 5.58392672026 11.99172973136 12.007684787545001 7.222708088106 7.250025718149 7.274704512813 7.3141880425290005
7862400.0 264.2583931669 264.1450591441 264.0499882098 264.0621117252 264.2892547859 264.582141205 265.0459822431 5.60406999321 12.06896799786 12.05670383017 7.234955826903 7.2527103421709995 7.2763551331950005 7.315762882656
7948800.0 265.2164710974 264.9562663516 264.6471545591 264.3937560953 264.3993578755 264.6242811448 265.0658911656 5.632193855845 12.17994564671 12.136254879945001 7.2610517232089995 7.261502025858 7.279835085579 7.317510917628
8035200.0 264.8644349827 264.8123234395 264.704254417 264.5532621674 264.5132013946 264.6816536988 265.0900921696 5.621331027605 12.159373411005001 12.14418943984 7.274002366497 7.270724436585 7.284604238244 7.319642344101
8121600.0 265.2357947189 265.1023212073 264.9240954167 264.7255065888 264.629307225 264.7487600273 265.1193367307 5.632809662445 12.20124000777 12.175312661615 7.2882948434129995 7.280272279782 7.29022892298 7.32222760302
8208000.0 266.3083613993 265.9669107658 265.5325386364 265.0784870128 264.7936172136 264.8339479613 265.1552153193 5.67070284442 12.33692057462 12.266586149475 7.318641286173 7.29403759674 7.297442508297 7.32541383915
8294400.0 266.9685163627 266.5994793256 266.0852409773 265.4775940072 265.0023613395 264.9422329579 265.1998311577 5.69844825104 12.44840000617 12.356913005275 7.354807277265 7.311971810898 7.306733000943 7.329398531181
8380800.0 267.3832296339 267.0306435044 266.5121512295 265.8431181289 265.2306062261 265.0704994771 265.2544371203 5.71810007468 12.531566051225 12.43230564738 7.389838846533 7.332183438717 7.317918104625 7.334309860527
8467200.0 267.6133657397 267.2976355244 266.8136111597 266.144949479 265.4552990219 265.2109600609 265.318771879 5.72988204423 12.586440234455 12.488907585665 7.4202867442019995 7.352731636023 7.33039827378 7.340145519048
8553600.0 267.1645478875 267.0283492384 266.7540383348 266.2657919102 265.6339405948 265.3483545868 265.3902570041 5.707499529530001 12.531106255329998 12.47748530288 7.432893339102 7.369556463866999 7.342848929031001 7.3466934160049995
8640000.0 266.5043080971 266.5184026154 266.4559330528 266.2095947986 265.7399845278 265.4664282243 265.4643017483 5.678533204080001 12.433449827735 12.422070278449999 7.426999997196 7.379758218159 7.353747598809 7.353547763019
8726400.0 266.4325947296 266.4033734385 266.33356982 266.1558671414 265.80108381 265.5615835698 265.5366496561 5.6756302884 12.412588090195 12.400122622105 7.421415611814 7.385711054397 7.362668926215 7.360317219111001
8812800.0 265.6478451664 265.7902674854 265.9288581948 265.9720544181 265.8037588625 265.6285298166 265.603350981 5.646464756065 12.30775530539 12.330570066229999 7.402669134591 7.385972953392 7.369021299957 7.366622804532
8899200.0 266.2394564238 266.1519748797 266.0619747621 265.9680510524 265.8120596609 265.6789323909 265.6630795825 5.66802363431 12.36835488556 12.35295245294 7.402266874995 7.386786320547 7.373846024136 7.372322697717
8985600.0 267.0017449712 266.7640415948 266.4658602061 266.1503528309 265.871756544 265.7316612744 265.7178444697 5.699953966775 12.47939491305 12.42387062103 7.420845193935 7.392666489834 7.378932801822 7.377594065448
9072000.0 267.1200735919 266.9418575599 266.6731964942 266.3193736677 265.9608360501 265.7933163381 265.7705168654 5.705409926985 12.513912340825001 12.4621748936 7.438563035406 7.401542545785 7.384932555222 7.382705430390001
9158400.0 266.9440660015 266.8516096361 266.681363528 266.399384703 266.044149154 265.8589636693 265.8226239362 5.6973475382 12.496256547669999 12.46371183859 7.44712313061 7.409956755921 7.391383329087001 7.387802499636
9244800.0 267.6049075138 267.3507255873 267.0079549778 266.5861819385 266.1480112725 265.9315514563 265.8755169277 5.72943693503 12.597687154085 12.527027520865 7.467560283207 7.42060312857 7.398592637688 7.3930183391819995
9331200.0 268.0916267335 267.7932438976 267.3693705711 266.8312347372 266.2807930808 266.0155568613 265.9308378709 5.756715911345 12.69618834546 12.601664511040001 7.495385898827999 7.434475654434 7.407038464236 7.398519464445
9417600.0 266.9106935123 266.987081108 266.9776199205 266.7733203567 266.3590366673 266.0938959918 265.9874524304 5.695854939635 12.522868607685 12.520988772965 7.488701536419 7.442792256522 7.415016062727 7.404198563046
9504000.0 266.8570462285 266.8537729195 266.8239257779 266.6978268729 266.3944516722 266.157683287 266.0428389688 5.69347884994 12.496676429065 12.490897537365 7.4800900212179995 7.446592069038 7.421585753355 7.409803571526
9590400.0 267.2613866814 267.1329053393 266.9629877157 266.7400116383 266.432888638 266.2127751185 266.0957269796 5.712125666915 12.55225966053 12.5180878849 7.484887963986 7.450741561398 7.427314368807 7.415201800131
9676800.0 267.9494360099 267.6851743026 267.3362493319 266.9275752027 266.5104940158 266.2720633769 266.1471671827 5.7483780295699995 12.671310191089999 12.594608973640002 7.506659421981 7.459201520208 7.433536805397 7.420496117979
9763200.0 269.7413166782 269.1056214016 268.2997054267 267.4277926743 266.6887152131 266.3585159568 266.2015441682 5.88605943392 13.052823508534999 12.82081359012 7.568532700866001 7.479058327038 7.442719186341 7.426140483021
9849600.0 269.8997819402 269.4470637443 268.7568407998 267.8390603139 266.9114721219 266.4737009542 266.2629006163 5.903086442085001 13.167328750660001 12.946559743149999 7.624143797085001 7.504761472140001 7.455159737643 7.432569303744001
9936000.0 269.7887685701 269.4630810314 268.9203435964 268.0977697336 267.1230240438 266.6044931823 266.3324131038 5.89103996259 13.172988602685 12.995147585879998 7.661666705270999 7.5301457361479995 7.469582055912 7.439931013290001
10022400.0 269.6799006145 269.4198930377 268.9741238832 268.2532795136 267.3020007325 266.7372758414 266.4086723703 5.8797555536449995 13.157790337729999 13.01159214269 7.685276126289001 7.552416390276 7.484559308054999 7.4481050056889995
10108800.0 269.2788587851 269.1394142789 268.8491202506 268.2910771297 267.4336636044 266.8602436986 266.4886242188 5.8421158454599995 13.06366287049 12.97372735026 7.691141939196001 7.569294581943 7.498743910017 7.456787252319
10195200.0 269.6355111418 269.3746758791 268.9806863051 268.38479295 267.5484544542 266.9731436267 266.5697108558 5.87529578928 13.142088337515002 13.013615028095 7.7059096777919995 7.584370465428 7.5120445206 7.465713289044
10281600.0 269.5619961358 269.360490875 269.0183397497 268.4592979964 267.650332073 267.0771214048 266.6502385723 5.8680806930800005 13.13720597483 13.025291377 7.717884973647 7.598044221036001 7.524538121007 7.474701095475
10368000.0 270.2255072545 269.8574344512 269.339215607 268.641425074 267.7684709776 267.179492684 266.7300499135 5.942036789885 13.321760166395 13.12992155223 7.748081606177999 7.614261580041 7.537075927167 7.483733385789
10454400.0 272.4258872704 271.5144476352 270.4006507256 269.1712073371 267.9775985041 267.3023911806 266.8122937747 6.646393864055 14.289329116485 13.563200275175 7.844372910345 7.643974991964001 7.5524509750019995 7.493174057109
10540800.0 272.6333757427 271.9443051012 270.9414121188 269.6333758919 268.2331662344 267.4502352312 266.9004570942 6.884445712205 14.737679379075 13.863758104339999 7.940956945551 7.6821754501770005 7.571435487504 7.503448459977
10627200.0 272.366641241 271.90451564 271.1173261218 269.9288046187 268.4779230285 267.6117769867 266.9956874911 6.59541121366 14.689138121340001 13.979791848845 8.010492356193 7.720912008651 7.592822361825 7.514731188857999
10713600.0 270.577996279 270.6905752662 270.5350868048 269.8620662574 268.6342576694 267.7616917878 267.0950512234 5.99168371386 13.715119744654999 13.631288844795 7.9941747510539996 7.746867524303999 7.613306840355 7.526714864745
10800000.0 270.4455696191 270.3900135636 270.2215800842 269.7319046058 268.71526909 267.8863031932 267.1938530634 5.97197208215 13.55797314065 13.47809665611 7.9633942212269995 7.760717704248 7.630827510663 7.538852066148001
10886400.0 270.3332670645 270.2433646015 270.0557402299 269.6282212453 268.7546038885 267.9850028289 267.2881742238 5.95628610632 13.48813303068 13.404338144195 7.939802607690001 7.767545498445 7.645039083855 7.5506519343630005
10972800.0 269.5570523396 269.6425957468 269.6568751194 269.4353662352 268.7488114705 268.0569333597 267.3750035053 5.867602923685 13.238377330345 13.243739298580001 7.8979276059990005 7.766535741186 7.65558987372 7.561704812052
11059200.0 269.6429194788 269.6025565908 269.523153104 269.3033555246 268.7244733375 268.1070154362 267.4527746274 5.876034596455 13.223472230225001 13.19446433583 7.870647738171 7.7623092769260005 7.663035305793 7.571764428879001
11145600.0 270.1794276811 269.9706436413 269.6941770866 269.319559994 268.7209893364 268.1472977481 267.5220459861 5.936166050044999 13.368194776164998 13.2578633157 7.873939297518 7.761706396173 7.6690844119229995 7.580855469228
11232000.0 270.57287937 270.3048560892 269.9268795559 269.4234837175 268.7517643169 268.1888455853 267.5849820759 5.990895842875 13.516924984425 13.350027294460002 7.895427828648 7.7670503064 7.675381174718999 7.589224814235
11318400.0 271.7999237991 271.2392293198 270.5291409205 269.7134539645 268.8449601005 268.2450425802 267.645225521 6.283277130419999 14.067021651780001 13.628195067095 7.959137745774 7.783493121285 7.683993013977 7.597336359638999
11404800.0 272.3233868494 271.7668343833 270.9973117047 270.0323651755 268.9862625303 268.3216336636 267.706550122 6.5614803062 14.53369600303 13.899470467555 8.036579886375 7.809202037076 7.695910348185 7.605696617673
11491200.0 272.0016853571 271.6780462676 271.1073106532 270.2300711231 269.1317076005 268.4123320173 267.7710485826 6.369105469495 14.442399905914998 13.972887641644999 8.089199143536 7.836709127127 7.710300509481 7.614604567476
11577600.0 272.5641833832 272.0680035407 271.37882303 270.4385030046 269.2794076347 268.5122360047 267.8394398423 6.792048714225 14.900915735545 14.174929064345 8.149192132782 7.8658116929910005 7.7265139256160005 7.624182264294
11664000.0 272.682059209 272.239676738 271.5746412591 270.6260654777 269.4252922184 268.6176295642 267.911612012 6.960543449795 15.16596581615 14.343564953009999 8.207782045844999 7.8958077128460005 7.74404921667 7.634440970136
11750400.0 272.7436547016 272.3388966015 271.7109892425 270.7821297581 269.563912701 268.7250904732 267.986942929 7.07440585066 15.34616699498 14.475533748495002 8.260388367387 7.925558783513999 7.7624066124510005 7.645319503376999
11836800.0 272.7531784346 272.3877453965 271.8023199261 270.9073466766 269.6915563628 268.8316251666 268.0645177438 7.0941777802049995 15.44421757231 14.57204081875 8.305493370528 7.954119254718001 7.781107007189999 7.6567101167430005
11923200.0 273.1484777304 272.6297878196 271.9565644206 271.0329919116 269.8129650966 268.9367144765 268.1429147443 11.250318903375 16.063967472919998 14.752998420965 8.353688460606 7.98240517905 7.800068537205 7.668421586462999
12009600.0 273.897021555 272.8036491508 272.1213145163 271.1749422539 269.9309905054 269.0394356453 268.2224574488 37.6434811351 16.756508178045 14.977852449055002 8.412159747948 8.011033212932999 7.8191233917269996 7.680516728550001
12096000.0 273.2386858363 272.9072630664 272.2547886696 271.3090347402 270.048716107 269.1409082015 268.3025016465 37.42933539931 17.390583717385 15.191947225035 8.471900117736 8.040787640421 7.838479231977 7.692911664915
12182400.0 273.2340149044 272.9228157719 272.3307905679 271.4203375678 270.1621871921 269.241278892 268.3827305078 31.187098405675002 17.511776905125 15.33053883006 8.525323377627 8.070692389773 7.858174028414999 7.7055681598620005
12268800.0 273.2186830657 272.9040484022 272.3657937729 271.5033828187 270.266252909 269.3391678022 268.4629045084 20.898473823635 17.36662091817 15.399308186155 8.567762059728 8.09926160139 7.877936834841 7.718457382389
12355200.0 273.1251232086 272.8791298831 272.3824228899 271.5639072073 270.3577429454 269.4323691574 268.5424780819 10.296885016175 17.19202506854 15.433196489170001 8.600234782062001 8.125351565952 7.897290500735999 7.731497394465
12441600.0 272.9152872035 272.7658987654 272.3593689468 271.6040462635 270.437582277 269.5199515024 268.6207986277 7.583643946095001 16.577097002735 15.386430550245 8.622547161249 8.148915859005001 7.915980621230999 7.744581543006
12528000.0 272.72878243 272.6080372047 272.2822230805 271.6109046435 270.5021302974 269.6000358379 268.6969384107 7.0447936626 15.99612538576 15.24039712126 8.626424589189 8.168543616741001 7.9335194101590005 7.757547381153
12614400.0 272.9270427366 272.6670665454 272.2774931653 271.6183005407 270.5538977851 269.6716576472 268.7699243158 7.6372919297949995 16.18799757354 15.231922332569999 8.630627701659 8.184677336409 7.949585498069999 7.770212115609
12700800.0 273.236134196 272.8299183195 272.3338971061 271.6385120559 270.6017552998 269.7394789991 268.8412121973 33.75395646225 16.8948309017 15.33650753396 8.642231186517 8.199917117124 7.965145315512 7.782813193092
12787200.0 274.7084079066 273.0752804728 272.4538399922 271.6960678894 270.6500260839 269.8017461523 268.9093632149 37.51652424111 19.65638337779 15.58873881038 8.676252937671 8.215617554229 7.979739959901 7.795080719933999
12873600.0 274.4469908209 273.2354731935 272.5903692969 271.7829312981 270.7072271883 269.8619312814 268.9744120315 37.571274183295 33.963040523785 15.943229499235 8.730570855042 8.234669298078 7.994139239711999 7.806998202707999
12960000.0 273.3051619075 273.2339901394 272.6571417684 271.8627633451 270.7717289166 269.9229752801 269.0371945008 37.615486902555 33.23812235143 16.15395336218 8.784023575334999 8.256762865979999 8.009049573561 7.818699934647
13046400.0 275.3164690056 273.7629444509 272.7248690479 271.9290915923 270.8367301541 269.9849187953 269.098551623 37.65040717133 37.06337184088 16.4032839408 8.831346097101 8.279718825045 8.024506958787 7.830331517777999
13132800.0 273.7186843055 273.3847395694 272.7942645978 271.9969915242 270.9008371406 270.0469238891 269.1589072328 37.681918295055 37.05784363493 16.709926146705 8.882877618102 8.303079559332001 8.040323741562 7.841967930264
13219200.0 273.2398515725 273.2389438434 272.8222183575 272.0540160548 270.9633520191 270.1084852605 269.2184379312 36.873583159555004 36.067715931695 16.853002891245 8.928859724028 8.326591481499 8.056382414529 7.853640573453001
13305600.0 273.2353349465 273.2327447903 272.8254494007 272.0968943465 271.0223675135 270.1690599349 269.2772108627 32.735934546085 32.68893733988 16.870418968755 8.965240607739 8.34949033551 8.072544001023001 7.865361042297001
13392000.0 273.2302105217 273.2187438765 272.8193861255 272.1260338947 271.0754439987 270.2274776239 269.3350448669 27.52181450371 28.635190968945 16.837894247475 8.990926828637999 8.370702284205 8.088483253698 7.877090947506
13478400.0 273.217743667 273.1968659672 272.8132051346 272.1471282876 271.1220856978 270.2828210381 269.3916239541 20.53622253976 25.458500429945 16.80542004584 9.010038738003 8.38985176995 8.103916764695999 7.8887612316119995
13564800.0 273.192158121 273.1724808438 272.8062204262 272.1640480075 271.1640118782 270.3353090543 269.4468983153 14.79226389584 23.432232544615 16.769518781535 9.025697373986999 8.407492066374001 8.118866243499 7.900354537088999
13651200.0 273.1596303777 273.1494986939 272.7980597988 272.1775800632 271.2016966908 270.384739538 269.5006332217 11.85938934629 22.143473856385 16.728596323525 9.038439509202 8.423708350572 8.133233909742 7.911812799591001
13737600.0 273.1252855041 273.1165196303 272.7872279707 272.187964093 271.2355067249 270.4310064586 269.5525705332 10.302395615350001 20.82524472948 16.67589433027 9.048353102123999 8.438559822642 8.146945773564001 7.923069284438999
13824000.0 273.0872090058 273.0649676414 272.7670480436 272.1932861956 271.2652389037 270.4738789984 269.6023652957 9.284876395195 19.417190692195 16.582261872580002 9.053480758329 8.451865435061999 8.159887577195999 7.934034128616
13910400.0 273.0494499745 273.0036101448 272.736746888 272.192936042 271.2914606478 270.5140269162 269.6503609319 8.626441170140001 18.341526107215 16.451596570874997 9.053142414942 8.463797112273 8.172219752298 7.944767644815
13996800.0 273.0168587711 272.9439565533 272.699449723 272.1867037828 271.313952478 270.5514246295 269.6965352431 8.24126639878 17.692347019105 16.30479653578 9.047143500483 8.474183129772 8.183898372114 7.955251039014
14083200.0 272.9935063937 272.8974313089 272.6622491927 272.1762421831 271.3327826282 270.5860572065 269.7408658443 8.03839206133 17.31838366525 16.171375869805 9.037170886677 8.482988749509 8.194883037597 7.965465022395
14169600.0 272.977831804 272.8647764725 272.6303988532 272.1641192475 271.3484189264 270.6179955908 269.7833395888 7.924574201345 17.09945301412 16.065919080929998 9.025763940384001 8.490379019151 8.205161846367 7.975392076667999
14256000.0 273.0552330912 272.8765569019 272.6145406653 272.1540012164 271.3621483562 270.6479407123 269.8243522843 8.712305871549999 17.175031379705 16.016085289375003 9.016363377 8.496927651528 8.214932260479001 7.985112041720999
14342400.0 275.5066938727 272.9900966735 272.6271413813 272.1494375739 271.3746501655 270.6760646288 269.8639422497 37.542531898225 18.171222339055 16.0555444966 9.012158358581999 8.502940033908 8.224228761822001 7.994623368797999
14428800.0 275.8322924536 273.9372696767 272.7507586853 272.1708029844 271.3880640253 270.7022154346 269.9016854338 37.57765451878 37.09301458359 16.5106335461 9.032033328135 8.509444127379 8.232980129277001 8.003811608577
14515200.0 276.5017443982 274.7323815956 272.9059503071 272.2288717638 271.4089248054 270.7278324991 269.9377137449 37.608910605995 37.096601630735 17.380755344975 9.088610568381 8.519670327446999 8.241655260615 8.012694918666
14601600.0 277.084842362 275.3063396484 273.0560579389 272.3022405016 271.4402346928 270.755151603 269.9724939253 37.636621454745 37.10411879541 19.223530120525 9.166107782012999 8.535279825105 8.251021024239 8.021377269743999
14688000.0 275.7297442602 274.8266869998 273.207307924 272.38809847 271.4808898998 270.785793677 270.0066378061 37.658159826135 37.112028387 26.719837635144998 9.266971031618999 8.556034177217999 8.261669788398 8.030005219052999
14774400.0 276.3511816468 275.1226874241 273.234896565 272.4540252587 271.5269915616 270.8201382775 270.0408242961 37.67874362098 37.119912702225 33.67111834069 9.353499164148 8.580266777819999 8.273790994422 8.038750026141
14860800.0 277.772206904 276.1774736488 273.8169268724 272.5416369222 271.5773209541 270.8579556503 270.0756534509 37.699010338735 37.128570938610004 37.428552239065 9.483915742361999 8.607619964988 8.287372098017999 8.047770972672
14947200.0 278.0987461757 276.6120148225 274.2450271377 272.6133732726 271.6287881345 270.8973956084 270.1109142905 37.71638875834 37.137438220199996 37.42331976076 9.607489469159999 8.636627056476 8.301806566836 8.057021396343
15033600.0 277.0112014785 275.9932912696 274.1496211054 272.6610293388 271.6786986668 270.9383228032 270.1468386832 37.729266843895 37.145501778395 37.422533534770004 9.700317682131 8.665828785768 8.317088470328999 8.066570679006
15120000.0 277.7501470796 276.5417907025 274.7261698278 272.7666894335 271.730422225 270.9802144807 270.1833690325 37.744005062595 37.15425408352 37.421797563 9.948389045715 8.697288679497 8.333062880442 8.076413482464
15206400.0 278.1777096114 276.9458114989 275.0156715997 272.8414133509 271.7851216854 271.023509297 270.2205191417 37.757154070424995 37.16311800561 37.421326966239995 10.175654107482 8.731990245189 8.349940369898999 8.086563853991999
15292800.0 278.5889531338 277.2856985964 275.2308192113 272.8841714847 271.8374775488 271.0675117473 270.2581589704 37.76947194284 37.1720104702 37.42092235537 10.335512866554 8.766699415281 8.367493693416 8.096996521055999
15379200.0 276.6936848715 276.0695053822 274.7558918408 272.9072178644 271.883323067 271.1109260768 270.2962745653 37.77581075652 37.17897874918 37.420633851785 10.434146584854 8.798393726187001 8.385225334677 8.107717604448
15465600.0 278.1648099018 276.9666291658 275.2201653717 273.0202133489 271.9323535035 271.1541701475 270.334559853 37.787569445325 37.18776031221 37.42013038935 11.146019899686001 8.833747353342 8.403313885785 8.118649520316
15552000.0 280.2011288727 278.5552325945 276.2478863842 273.1564040522 271.9871022439 271.1982685342 270.373032174 37.80196301993 37.198487450685 37.420011293994996 13.493229637637999 8.875163412654 8.422218667743 8.129804294616001
15638400.0 280.1399954345 278.8036265813 276.6363763122 273.211720866 272.0407959736 271.2428017073 270.4116258572 37.80976070214 37.207296284585 37.41991018279 16.424400301584 8.917964267826001 8.441802857169 8.141169982331999
15724800.0 276.8912796325 276.6491414988 275.6604647457 273.228687125 272.0888409731 271.2870574579 270.4502816121 37.80962754545 37.211830537385 37.41901745148 18.711675194757 8.958282169719 8.461780375467 8.15273574639
15811200.0 277.9254474344 276.9636581857 275.5450420896 273.2357492727 272.1299787362 271.3298656236 270.4888488828 37.81806279351 37.219455481885 37.418594055335 20.464635522309 8.994467137377 8.481617971521 8.164461415485
15897600.0 277.286462675 276.6035490976 275.398201975 273.2399125358 272.164318525 271.3701164783 270.5271288287 37.822805824485 37.22617917358 37.418177428515 22.076728951253997 9.025950173169 8.500754211279 8.17628994879
15984000.0 278.7115758336 277.5769242791 275.9558204273 273.5671235261 272.2083099089 271.4099762459 270.5650201338 37.831355218065 37.234335092550005 37.4179018376 22.909172236761 9.068130136893 8.520189392298 8.188190846973
16070400.0 281.1142851456 279.4484220918 277.1805055881 274.1399597167 272.2637270248 271.4514025124 270.6027167413 37.844227198805 37.24515601431 37.418460958745 22.905123111147 9.124528444689 8.5409253198 8.200226563986
16156800.0 280.0529631304 279.0351920042 277.27718186 274.3313108636 272.3171743309 271.4939199835 270.640387429 37.84517875824 37.2512470462 37.41818914615 22.902605272515 9.182804321622001 8.562806323056 8.212455461616
16243200.0 274.6906965959 275.2593307139 275.2748775039 273.941470049 272.3619270318 271.5359280907 270.6780124763 37.84200358993 37.25298920085 37.41659257089 22.900768659258 9.234926243697 8.585053512531001 8.224877021442
16329600.0 278.4461802499 277.3060258299 275.9239708552 273.9902341663 272.3991134927 271.5762661588 270.7154241139 37.84960355847 37.260357185025 37.416295413625 22.89907124529 9.280829435012999 8.607036671019 8.237440405587
16416000.0 279.5751900027 278.3670975006 276.65032725 274.1903240128 272.4305298469 271.614381094 270.752399681 37.856133498240006 37.268126607145 37.41634286121 22.897708700814 9.321644605614 8.628397436856 8.250072167679
16502400.0 281.15650284 279.659862099 277.5290929915 274.4678954247 272.4572063019 271.6500737316 270.7887247808 37.86494414987 37.277078124890004 37.416917742849996 22.896754354956002 9.357904575486 8.648947363953 8.262696520557
16588800.0 283.099062987 281.2389924228 278.5961700025 274.8183008607 272.4803944456 271.6837671288 270.824385818 37.876266077715 37.28772862875 37.418283041595004 22.896100634571 9.390719912577 8.668856293287 8.275304002089
16675200.0 281.1381475135 280.2645801536 278.5157313885 275.3296396828 272.5309320755 271.7174640124 270.8592560035 37.87100598432 37.29091873496 37.417776745670004 22.895682097224 9.466885937583 8.689287685953001 8.287843550382
16761600.0 282.4047199136 280.9800767979 278.8985827659 275.7457190184 272.6067968698 271.7563313178 270.8938226897 37.87930567437 37.298659660755 37.4181476966 22.895331651111 9.595409507355 8.713534865946 8.300487283728
16848000.0 283.0004165247 281.5957216906 279.4371560428 276.0845558257 272.6686354572 271.7986568807 270.9286480443 37.88435206308 37.306176267305005 37.41894774219 22.895026539504002 9.7160706759 8.74081827705 8.313447498501
16934400.0 283.8364921156 282.310495443 279.9922758344 276.3991158822 272.7132359272 271.840788336 270.9640202096 37.890508141649995 37.314000561885 37.41993406208 22.89475959702 9.814448007261001 8.768946333783 8.326846849098
17020800.0 284.322754678 282.7999428931 280.4325602769 276.6746043937 272.7453069115 271.8803662523 270.9994349807 37.89490310432 37.320993314649996 37.42074543869 22.894512355817998 9.892434473979 8.796311014998 8.34050845116
17107200.0 283.2986831915 282.1890558792 280.229294761 276.7268423459 272.7680418463 271.9166266463 271.0344978228 37.892045946370004 37.32373770502 37.41984230576 22.89416233638 9.952045247925 8.82223591692 8.354285419902
17193600.0 283.9730858938 282.5885257966 280.4203284745 276.8268129484 272.7844248389 271.9494398187 271.0688334278 37.89715184821 37.329816833295 37.420004118365 22.893839693514 9.997525887534 8.846444556438 8.368027358793
17280000.0 283.6939460726 282.481490956 280.4755748866 277.0815049385 272.9198781284 271.9915907767 271.1032461102 37.89734684236 37.33386010389 37.41979913685 22.89360487989 10.49291129325 8.878655562579 8.38205793888
17366400.0 284.3340908036 282.9656457057 280.848578522 277.4895762545 273.0549501378 272.0426952817 271.1386439701 37.901802812535 37.33982944548 37.420495343999995 22.893499893192 11.520135791544 8.919520607535 8.396769250833
17452800.0 283.361378839 282.3976341383 280.6879656631 277.6545009889 273.1282176515 272.0945907801 271.1751507216 37.898378528655 37.34170805924 37.419666366855 22.893226804652997 12.74480576325 8.963244150897 8.412249053094
17539200.0 279.9985985827 279.9630602802 279.3123010218 277.2472866514 273.1684746037 272.1426837769 271.2123064996 37.886867023125 37.337676331265 37.415774314995 22.892485579032 13.905421978602 9.005974638738 8.428337486976
17625600.0 279.1050931926 278.9244835981 278.3662435465 276.7389219926 273.1904782874 272.1854406789 271.2494620622 37.885693589535 37.33830662631 37.41347682767 22.891738317192 14.897912347262999 9.045932998596 8.444775948255
17712000.0 282.0957508711 280.8055099214 279.1456651725 276.812788845 273.205342183 272.2230026043 271.2860388647 37.89669304344 37.34607777976 37.414634077845 22.891354967259 15.872929321137 9.082712718948 8.461314604388999
17798400.0 276.8192431405 277.5213384681 277.6689639992 276.4389962323 273.2154181801 272.2567278243 271.3218371475 37.8830497745 37.341715811685 37.411608723855 22.890741223080003 16.799089460862 9.117190050942 8.47785787557
17884800.0 278.2289536953 277.7182465296 277.0815064581 275.8952401693 273.2214071146 272.2862842073 271.3564470083 37.886035198655 37.34439427286 37.410482465675 22.890128169717 17.525176454030998 9.148629053762999 8.494201404375
17971200.0 279.9248173418 278.9460540242 277.6584413735 275.9026247059 273.2255422413 272.3122364622 271.3895913189 37.89073634375 37.34895917517 37.410819152550005 22.889697371229 18.146069473517997 9.177246675645 8.510188202505
18057600.0 281.3496532056 280.1573068643 278.508000651 276.2603827133 273.22951573 272.3350497483 271.4210391286 37.89564765619 37.354180606519996 37.41184318672 22.889376777467998 18.877863815415 9.203237181882 8.525672244875999
18144000.0 282.0409850386 280.8759634528 279.1538892217 276.6508229254 273.2333604174 272.3556166365 271.4510176813 37.898229144695 37.358445883505 37.41279226891 22.88912403546 19.772545688079 9.227378281593 8.540730089691001
18230400.0 279.4887777717 279.2368050771 278.4319851548 276.5603314539 273.2364487443 272.3742595705 271.4795777425 37.889474587215 37.35618073008 37.41099927705 22.888652935824 20.693799712310998 9.249875194776 8.555355498797999
18316800.0 277.6996498027 277.7306028915 277.4099863418 276.1490869784 273.2386078616 272.3912620783 271.5067874229 37.885831065475 37.3551016962 37.409056362655 22.888056558735 21.499432813475998 9.270928146219 8.569552894461
18403200.0 281.3581028655 280.0337336164 278.4220570657 276.338361915 273.240425922 272.406857554 271.5327233728 37.894217598320004 37.361506306289996 37.410258193785 22.887695633505 22.327354610013 9.290709840543 8.58333353346
18489600.0 279.9806344824 279.4077731907 278.3259944816 276.3998649136 273.2419788624 272.4212530655 271.5574659825 37.88607778581 37.36154923166 37.409740256860005 22.887292363086 23.185407597500998 9.309387514917 8.596713325323
18576000.0 282.1192987404 280.8489694327 279.1242461032 276.7146423924 273.2434114999 272.4346618174 271.5810984818 37.89083178452 37.36683154435 37.410964757955 22.887016679841 24.145858544952 9.327161264367 8.609712518235
18662400.0 282.7098530497 281.5225727756 279.7536103635 277.1628549995 273.7294298303 272.4673979295 271.6050101854 37.889806090564996 37.370313949454996 37.412083291795 22.886863100148 24.259093220106 9.37217331945 8.623090952973
18748800.0 278.8348910771 278.9537011767 278.529109935 276.9697285364 273.9621847392 272.5089110083 271.6301184006 37.87323039124 37.36465451163 37.40909528358 22.886298506976 24.255966210414 9.432870166686001 8.637391342775999
18835200.0 280.0847910168 279.4454350336 278.512813452 276.8972699026 274.0540582305 272.5494516134 271.6564536497 37.87386965769 37.366766900825 37.408712816755 22.885812601220998 24.252996159039 9.496561538661 8.652678387612
18921600.0 278.7324179638 278.5357603424 277.9922856337 276.6920625808 274.0750083659 272.5853766961 271.6835502435 37.867029795715 37.365761475170004 37.40746675517 22.885252956309 24.25012146798 9.557172777029999 8.668726502319
19008000.0 279.9120794053 279.2115695741 278.2276568021 276.6916321089 274.0896441603 272.616941498 271.7108816041 37.867279422 37.367961684575 37.407506444825 22.884808532622 24.247300791444 9.614113558871999 8.685254462748
19094400.0 278.8447670689 278.5499831686 277.9086248019 276.5814563054 274.090942625 272.6446227342 271.7380069872 37.861210518834994 37.367323498465 37.4066450017 22.884308083521 24.244532589587998 9.667254955116 8.702009990679
19180800.0 277.8120179641 277.7140236907 277.3480551864 276.3252633353 274.0629682641 272.6687995399 271.7645955586 37.856135289675 37.3665228085 37.405521979175 22.883749565705997 24.241819394396998 9.716413578978 8.718788349069
19267200.0 279.3370377453 278.6333070407 277.7028453139 276.3389135001 274.0525832502 272.6900639039 271.7904281389 37.856663123335 37.36860171538 37.405653288254996 22.883309743824 24.239133887994 9.761998749093 8.73543950112
19353600.0 281.0310478548 279.9594681583 278.5339651992 276.6564842903 274.0967597219 272.709119024 271.8153870508 37.858867575515 37.37207370574 37.406697929395 22.883011911485998 24.236457094724997 9.804904564899001 8.751868338651
19440000.0 280.3582354213 279.7233327509 278.6355203883 276.8445139316 274.1563399015 272.7264144821 271.8394249512 37.85313753306 37.3719042197 37.406570792435 22.882673145135 24.233811087393 9.845690168655 8.768020279323
19526400.0 282.6258150284 281.3252157025 279.5927078287 277.2856201001 274.2539998638 272.742284541 271.8625394158 37.85861001749 37.37672367378 37.40831704582 22.8825239652 24.231188794841998 9.884793797421 8.783868482205001
19612800.0 282.431616635 281.4775826613 279.9645146773 277.6349146555 274.3628803353 272.7568803254 271.8847496499 37.854098331155 37.377494522625 37.40892875236 22.88236262124 24.228606355461 9.922296338600999 8.79940053045
19699200.0 281.9903101558 281.2437616512 279.9719566511 277.8039929339 274.4510379699 272.7702239169 271.9060798803 37.848860282695 37.376960991875 37.40864424598 22.882071425861998 24.226075083033002 9.957975146297999 8.814608017887
19785600.0 283.2322967028 282.1116138762 280.4936918526 278.0806783573 274.5399126398 272.7823393669 271.9265535886 37.850818955015 37.37988600101 37.40973148336 22.881895569218997 24.223584645765 9.991610681685 8.8294827216
19872000.0 279.7494706626 279.8116837962 279.3580123897 277.7983186133 274.5557775173 272.7932405943 271.94619139 37.83419445093 37.37311747153 37.40656122986 22.881181612029 24.22115143065 10.022956156323 8.84401502577
19958400.0 281.295793371 280.5390971455 279.472448162 277.7099245434 274.5503848625 272.8030098131 271.9650140704 37.836379088365 37.374964533334996 37.406512996705 22.880657135244 24.218754213675002 10.051973980566 8.85819609453
20044800.0 278.9352196862 278.9511725578 278.5905611279 277.3510656007 274.5017470771 272.811765295 271.9830454232 37.825716177235 37.370954180355 37.404342537385 22.879915907835 24.216396074397 10.078770797918999 8.872020134208
20131200.0 278.8676404114 278.6292261541 278.1544822409 277.0219003213 274.4302218747 272.8196459523 272.0003139519 37.822592327645 37.370105013305 37.40325182597 22.879236893505002 24.214069159134002 10.103564543649 8.885485982756999
20217600.0 279.6893587428 279.1104217614 278.2776039901 276.9154935674 274.3786627889 272.8267854448 272.0168528093 37.821705090665 37.370834142165 37.40315504484 22.8787234293 24.211757307969 10.126606509276 8.898597410853
20304000.0 279.650352963 279.135658035 278.3013914266 276.8753262365 274.3511670115 272.8332978178 272.032698496 37.818375960265 37.370596765100004 37.4028984369 22.878253785437998 24.209456498706 10.148128314648 8.911362395409
20390400.0 277.1289195871 277.3559816529 277.2934636826 276.4826161565 274.2872428519 272.839290237 272.0478898285 37.81003535996 37.367202412105 37.401107602285 22.877602167426 24.207188139486 10.168375251744001 8.923792498647
20476800.0 278.7825961043 278.2156745047 277.4912433767 276.368563822 274.2352932425 272.8448530929 272.0624666893 37.81017431514 37.36806744963 37.40105549114 22.877106925701 24.20493225309 10.18756700631 8.935901973414
20563200.0 276.6516466982 276.808830128 276.723250557 276.0341473819 274.1640348169 272.850068103 272.0764691715 37.803532542250004 37.36577957849 37.399917019665004 22.876544938709998 24.202701050883 10.205918739861001 8.947707099681
20649600.0 275.6839298308 275.8818125744 275.9729714456 275.5961875866 274.0633377952 272.8550077276 272.0899369188 37.800164369705 37.364703465285 37.399128885755 22.876010972964 24.200499812526 10.22363471418 8.959225619778
20736000.0 277.3836707417 276.8825955291 276.3010960908 275.5105797931 273.9948232608 272.8597216366 272.1029080443 37.798774600825006 37.364861183995004 37.399003174865 22.875557127129 24.198297052626 10.240854437481 8.970475753425
20822400.0 276.8119943301 276.6058129158 276.2030519423 275.4343858956 273.95165246 272.8642447571 272.1154183195 37.795033017245 37.364085112905 37.398658243015 22.875108213428998 24.196093355196 10.257674872107 8.981475373244999
20908800.0 277.2851067656 276.8958732791 276.3301180634 275.4412677563 273.9327290334 272.868603413 272.1275007846 37.79270327807 37.363774980155 37.398451770665 22.874665722444 24.193887766272 10.274168862834 8.992241502177
20995200.0 277.4211343346 277.0342241527 276.436996074 275.4825475549 273.9317423986 272.8728210767 272.1391857769 37.78991655772 37.363316999195 37.398246238735 22.874226287297997 24.191683311399 10.290404607759 9.002790166347
21081600.0 276.365386619 276.3158145428 276.060911242 275.3619085815 273.9168231162 272.8769205575 272.1505011846 37.785785752945 37.36208489605 37.397748146190004 22.873778774253 24.189497975361 10.306453373045999 9.013136460936
21168000.0 276.2758273606 276.1338216186 275.8548772737 275.227820476 273.8888125454 272.8809203109 272.1614726094 37.782857136405 37.36132083899 37.39738604947 22.873337217303 24.187330825986 10.322374505577 9.023294551521
21254400.0 273.6799322693 274.2903947255 274.825891448 274.8443246639 273.8294358189 272.8848407015 272.1721844885 37.60527766956 37.360797379225005 37.397095145265006 22.872936856146 24.185190375147002 10.338239630328 9.033335178213001
21340800.0 273.3027072612 273.596364611 273.9859192446 274.2687476767 273.7112629041 272.8886794019 272.1826242935 32.661940665014995 37.36075542976 37.397323641919996 22.872670785657 24.183098089989 10.354031362917 9.043240296513
21427200.0 273.2177235449 273.3886987223 273.6352516841 273.8609062508 273.5625990752 272.892402167 272.1927684634 20.528660645915 37.360305380315 37.397399248405 22.872438603204 24.181042006595998 10.369596846645 9.052980537650999
21513600.0 273.0410291905 273.2927632437 273.4515257423 273.6093506504 273.4453791196 272.8959726731 272.202631294 8.511651963364999 37.35965690855 37.39734381169 22.872163741584 24.178976237313 10.384764763116 9.062562373968
21600000.0 273.061798353 273.2582110121 273.358277262 273.4649054533 273.3707085126 272.8993684876 272.2121953142 8.815531889199999 37.35194392377 37.397192625495 22.871832612372 24.17688655155 10.399414247093999 9.07196145453
21686400.0 273.0375740944 273.2401818972 273.3032162138 273.3733757733 273.3210175077 272.9026365067 272.2215153316 8.468084819255001 37.010682810975 37.396997573095 22.871467747524 24.174782388683997 10.413724327626001 9.081224831244
21772800.0 273.2279530674 273.2382879395 273.2727531765 273.3134869735 273.2867442785 272.9058121139 272.2306311981 25.795933527265003 35.615598204635 37.396772144425 22.871080217181 24.172669514514002 10.427834503506 9.090386824683
21859200.0 276.7029272008 275.2151533025 273.9557928263 273.3814540009 273.2699008461 272.9089006755 272.2395090242 37.477487241075 37.32475336691 37.39569369409 22.870585738311 24.170546622588 10.441756885869001 9.099408116562001
21945600.0 278.0809305985 277.0019158662 275.5943467875 274.1691373299 273.3718349684 272.911912741 272.2481321474 37.48995392376 37.32555688321 37.39485305424 22.869641318613002 24.168327284187 10.455528606924 9.108265620366
22032000.0 276.3308352974 276.1042618925 275.5283508004 274.5245804233 273.5072158078 272.9148473957 272.2565145306 37.496559101385 37.324917176759996 37.394611251545 22.869067568576998 24.166098180942 10.469135776047 9.116967435129
22118400.0 274.451452881 274.7051871595 274.78147396 274.4127479659 273.5641666157 272.9177105856 272.2647004551 37.504653224735 37.324942467295 37.39444717127 22.868671544022 24.163945054332 10.482596536527 9.125554199867999
22204800.0 275.272492935 275.0634880335 274.8039564634 274.3725723051 273.5807003392 272.9205041712 272.2726984573 37.51189081821 37.325015029785 37.394188202355 22.868250354084 24.161832076221003 10.495910770929 9.134030353857
22291200.0 275.4125541514 275.1989104972 274.8822321513 274.3892615817 273.5880348202 272.9232306005 272.2805164197 37.518963126965 37.325253596915 37.39391654266 22.867807510317 24.159734613102 10.509081511572 9.142399955394
22377600.0 274.8258735566 274.8068711917 274.680902425 274.3244253819 273.5821009165 272.9258927587 272.2881616714 37.52550915909 37.325637121650004 37.393742960350004 22.867396657659 24.157655297958 10.522114405503 9.150666757020002
22464000.0 273.8458331321 274.0500191045 274.1980592716 274.1151895896 273.5479739207 272.9284940701 272.2956410771 37.532139350445 37.32641399084 37.393781104545 22.867054665585 24.155604791175 10.535018368176 9.158834274174
22550400.0 273.4015690951 273.5966629277 273.8011989593 273.869790347 273.491841543 272.9310382965 272.3029611102 37.538063447195 37.327221807709996 37.393888709685 22.866753092739 24.153578633256 10.547804753556 9.166905842259
22636800.0 274.031579725 273.9389077574 273.8669534991 273.7787140298 273.4462888017 272.9335289921 272.3101279023 37.542254449255005 37.32723726053 37.393573238025 22.866373721682002 24.151551536454 10.560484676904 9.174884652177
22723200.0 274.5931177058 274.3698904504 274.1097197221 273.8252692607 273.4293423172 272.9359687616 272.3171472582 37.54663963385 37.32731776913 37.393110748345 22.865908999953 24.149508230436002 10.573065111078 9.182773750173
22809600.0 275.409799217 275.0174498757 274.5355461097 274.0027026674 273.448020815 272.9383584262 272.3240246292 37.551068103145 37.327507716265 37.39258988363 22.86537117135 24.147443112528 10.58554419948 9.190575990108
22896000.0 276.5062132956 275.9124061711 275.163396019 274.3167998178 273.5058307677 272.9406967893 272.3307650599 37.556053568635 37.32809313612 37.392169296345 22.864788218682 24.145355673642 10.59790943028 9.198293955528
22982400.0 275.538173336 275.4037951676 275.0658633709 274.4281975531 273.5567435813 272.942983449 272.3373732097 37.559469183785 37.328467100005 37.39196015915 22.86431268696 24.143284089690003 10.61015212632 9.205929963276
23068800.0 274.3126333217 274.4850176617 274.54321265 274.2866050719 273.5633982246 272.9452204633 272.3438534515 37.5634977815 37.329138469575 37.391910499725 22.863934929072002 24.141255056517 10.622276790126 9.213486159939
23155200.0 273.9159797157 274.05041858 274.1604151053 274.0799811605 273.5331591727 272.947411178 272.3502099657 37.567168305425 37.32986442565 37.391927042085 22.863597329595 24.139261413003002 10.634295455295 9.220964618655
23241600.0 273.3055539393 273.4934016675 273.7131012592 273.8233949126 273.481104341 272.9495642589 272.3564697193 34.95836020433 37.330855353859995 37.392115779 22.863308736198 24.137290051622998 10.646250639723 9.228394725351
23328000.0 274.3235617792 273.9706481918 273.7123214163 273.6313040773 273.4139667479 272.9516795334 272.3626243938 37.58186745161 37.33071390424 37.391878222325 22.863002234166 24.135337380059998 10.658137101663 9.235764529782
23414400.0 275.091500944 274.706055242 274.2406695579 273.7876277439 273.3954553957 272.9537542988 272.3686498609 37.58412936005 37.330631672565 37.39116695658 22.862463441033 24.133352444694 10.669934979675 9.243042526713001
23500800.0 276.3241938855 275.7070380096 274.946909971 274.1361075971 273.4494359461 272.9557865946 272.3745489762 37.586990166274994 37.33096838925 37.39061180891 22.861836030503998 24.131317005234 10.681627878051 9.250229196315
23587200.0 275.7005403566 275.4627396453 275.0210556805 274.3253057214 273.5107683618 272.9577784117 272.3803431184 37.58879732914 37.331300962164995 37.390388065775 22.861321315161 24.129285945222 10.693221906725999 9.257347970411999
23673600.0 273.3679306438 273.7573836781 274.1352616232 274.1531947141 273.5351146729 272.9597360534 272.3860548085 33.667263275055 37.33243074523 37.39061695064 22.86096716169 24.127290718917 10.704749151825 9.26442456501
23760000.0 273.1428064888 273.356143282 273.5987399286 273.7891867078 273.4888329712 272.9616585292 272.3916772524 10.98458404938 37.333165295095 37.3909246771 22.860738297669002 24.125356732389 10.716199620807 9.271448829969001
23846400.0 272.7448985731 273.2683525769 273.4120589814 273.5535164259 273.4057646974 272.9635455595 272.3971991325 7.076951202990001 37.33040265622 37.390932830189996 22.860468103728 24.123459938961002 10.727567271051 9.278404589679
23932800.0 273.0316604588 273.2387470011 273.3244910751 273.4191224832 273.3423389165 272.9654007456 272.4026202232 8.397703308815 35.92886714113 37.39082930941 22.860140228361 24.121554592328998 10.738869671904 9.285289324194
24019200.0 273.2229407788 273.2342971712 273.2811984927 273.3361519645 273.2977903438 272.9672289889 272.4079593742 22.80299310918 33.381433342455004 37.39067050939 22.859777519822998 24.11963819922 10.750133349333 9.29212500537
24105600.0 273.4905624073 273.2315256602 273.2592538634 273.2911957243 273.2716499805 272.969029359 272.4132073729 37.25034267189 32.19574857907 37.390484981455 22.859385734301 24.117710856492 10.761349569615 9.298898000271
24192000.0 273.4058008261 273.2323360344 273.2502833139 273.267668601 273.2569952036 272.970801249 272.4183654503 37.266063145605 32.51900811355 37.390281960695 22.858976723673003 24.115778271504002 10.772511319017 9.305607917964
24278400.0 273.219420106 273.2335944167 273.2453120806 273.2543381559 273.2482576658 272.9725453175 272.423445028 21.195932417405 33.05820011795 37.3900715703 22.858559422875 24.113844510684 10.783619444586 9.312267813636
24364800.0 271.3451079913 273.1856773356 273.2424894896 273.2471892076 273.2433812693 272.9742590967 272.4284433653 6.14258723772 24.410135962880002 37.389853597474996 22.858137147255 24.111911770182 10.794654665421001 9.318872407608
24451200.0 270.5835316633 272.089851801 273.2406151627 273.2434690558 273.2433569148 272.9759403556 272.4333612209 5.99253849441 14.931920510974999 37.372526941765 22.857712205214 24.105658863357 10.80559848321 9.325420968423
24537600.0 270.2291440145 271.5159604249 273.2350293154 273.2420063121 273.2433450824 272.9775870272 272.4382003428 5.942505641205 14.29066455655 33.737134488755 22.857285558702 24.096985971156002 10.816432781199001 9.331914112130999
24624000.0 270.7268741816 271.5844086231 273.1084033356 273.2415786917 273.2433314435 272.9791968802 272.442961754 6.01561459754 14.3525846977 20.562345371365 22.856856877938 24.087007168506002 10.827137693760001 9.338351526933
24710400.0 271.4761776702 271.9323833459 272.817273172 273.2414836638 273.2433165446 272.9807681042 272.4476471138 6.17756337236 14.722948925265001 16.82671693033 22.856387835864002 24.076128535412998 10.837695503304 9.344733797892
24796800.0 271.9979245267 272.2625835947 272.8570187095 273.2414161263 273.2433004327 272.9822977481 272.4522552431 6.36731613863 15.205541942744999 17.051571173755 22.855359450312 24.064390174041 10.848080143203 9.351057653739
24883200.0 271.4959056829 272.024345171 272.8042216139 273.2414075059 273.2432829608 272.9837807886 272.4567816492 6.1831604777199995 14.8410132895 16.759395427144998 22.850483649975 24.051691304856 10.858250402802 9.357315164253
24969600.0 272.2973761187 272.4338797216 272.8554996981 273.2413878845 273.2432643085 272.9852216638 272.4612379007 6.542249882665 15.543523893424998 17.042362295005002 22.839404975247 24.038169273327 10.868229522825 9.363520653141
25056000.0 272.1389059015 272.4092044521 272.8478249866 273.2413509352 273.2432444005 272.9866190217 272.4656249508 6.440598599085 15.489545016715 16.996636018985 22.818615668118 24.023776232136 10.878001245438 9.369673955523
25142400.0 271.8788256657 272.2499192605 272.7851528697 273.2412847238 273.2432231694 272.9879715714 272.4699436723 6.314560959984999 15.183522000675001 16.665999647855003 22.781599134522 24.008471381229 10.887549378555 9.375774818745
25228800.0 271.9332837565 272.2402263555 272.7437392414 273.2411679717 273.2432005521 272.9892780733 272.4741948637 6.33778517925 15.16690224598 16.480772292325 22.717057282494 23.992217738193002 10.896857769224999 9.381822907749001
25315200.0 272.3300257107 272.4586028068 272.7873261643 273.2409761199 273.2431764686 272.9905373305 272.4783792549 6.56652475633 15.59974294276 16.67636411889 22.612973916504 23.974967419635 10.905910285515 9.387817809915
25401600.0 272.4358748572 272.559096719 272.8309390812 273.2406837335 273.2431508319 272.9917481813 272.4824975129 6.6555654761000005 15.85404405109 16.90046060106 22.458887442279 23.956668822702 10.914690807447 9.393759040068
25488000.0 272.4264876598 272.5796482815 272.8521250136 273.24026347 273.2431235536 272.9929094932 272.4865502462 6.646940188795 15.912037692545 17.022092952375 22.246464868827 23.937271009154998 10.923183228408 9.39964604481
25574400.0 272.2964869106 272.5160711712 272.8410295937 273.2396775044 273.2430945558 272.994020159 272.4905380098 6.541607019485 15.739641056535 16.957223808815 21.966702227421003 23.916731861909998 10.931371467681 9.405478206654001
25660800.0 272.4903334132 272.6044626117 272.8544035971 273.2388956388 273.2430637377 272.9950790937 272.4944613085 6.708935332844999 15.985268692130001 17.035750327735 21.620072118894 23.894994791994 10.93923949485 9.411254847672
25747200.0 272.3480251336 272.5479876302 272.8425600409 273.2378783874 273.2430309927 272.9960852325 272.4983206012 6.580493958095 15.823630833454999 16.966014700275 21.208704163565997 23.872001254251 10.946771366871 9.416975232918
25833600.0 272.1791207745 272.4381569322 272.8004134121 273.2365460064 273.2429962085 272.9970375316 272.502116303 6.4641752368850005 15.553092739445 16.74028861555 20.726769172908 23.847690822603 10.953951278763 9.422638572846
25920000.0 271.9901901549 272.297388854 272.7304054949 273.2347342692 273.2429592667 272.9979349692 272.5058487898 6.363661847355 15.267924031069999 16.425612152025 20.154805967294998 23.822001283356 10.960763627502 9.428244027936001
26006400.0 271.793114774 272.139264926 272.6379012905 273.2321245265 273.2429200425 272.9987765492 272.5095184 6.280697636685 15.004770140644998 16.09009357864 19.459759749042 23.794868741565 10.967193091304999 9.433790709933
26092800.0 271.5234064003 271.9283503192 272.512430965 273.2280113771 273.2428784046 272.9995613053 272.5131254377 6.191120679065 14.718002355095 15.730364261150001 18.581876352588 23.766227723331 10.973224722321001 9.439277686014
26179200.0 271.4584745336 271.8322540544 272.4142801475 273.2211954816 273.2428342145 273.0002883078 272.5166701743 6.17261881555 14.605278855600002 15.500481957115001 17.49641472207 23.736011252460003 10.978844054289 9.444703979808
26265600.0 271.6090933825 271.8962249764 272.3943464528 273.2104090406 273.2427873267 273.0009566708 272.5201528526 6.21718253407 14.679243052179999 15.45800670659 16.302091905825 23.704150904475 10.98403722306 9.450068576765998
26352000.0 270.90505563 271.4452334805 272.1915772127 273.1908771764 273.242737587 273.0015655621 272.5235736891 6.0471145913 14.229669419215 15.08638455246 14.919965898822001 23.670576670092 10.988791100892 9.455370427173
26438400.0 270.5581464755 271.124352156 271.9686517347 273.1516493022 273.2426848319 273.0021142132 272.5269328772 5.98863954029 13.98465810938 14.768276456485 13.348650908919 23.635216347153 10.993093442289 9.460608450395998
26524800.0 270.389150865 270.9378464948 271.7954906872 273.0765052478 273.2426288853 273.002601932 272.5302305902 5.96398004161 13.861514665989999 14.564573885545002 11.811573286989 23.597994201234002 10.996933040073 9.465781539546
26611200.0 270.1594087802 270.7277841678 271.6147525533 272.9462283627 273.2425695532 273.0030281155 272.533466985 5.933655139945 13.73606466091 14.381014220650002 10.627788297464999 23.558828159895 11.000299889334 9.470888566911
26697600.0 270.2267898661 270.7153109991 271.5197641952 272.7939786841 273.2425066161 273.0033922641 272.5366422061 5.942202051010001 13.729003490024999 14.294028539180001 10.025117209419001 23.517625116984 11.003185356645 9.475928389902
26784000.0 269.9148683051 270.4746462505 271.3431440124 272.6730758978 273.2424398115 273.0036939971 272.5397563891 5.904768011570001 13.600202168580001 14.146463143240002 9.725396965242 23.474271351639 11.005582351140001 9.48089985792
26870400.0 269.9475792495 270.445870295 271.2634946107 272.6002493862 273.2423688039 273.0039330678 272.542809666 5.908452077875 13.585677607855 14.085130582315001 9.583544649399 23.428614398016002 11.007485493296999 9.485801819964
26956800.0 269.6212368811 270.2007957883 271.1044777279 272.5347350735 273.2422931154 273.0041093792 272.5458021692 5.873878399385 13.468598939635 13.970941645505 9.472897819737 23.380422224367 11.008891276169999 9.490633132809
27043200.0 269.4948027009 270.0662292384 270.9821717312 272.4661656687 273.2422119988 273.0042229991 272.548734037 5.86166482728 13.40887032676 13.88969613423 9.370435433346 23.329309156686 11.009798212503 9.495392670285
27129600.0 269.2703304486 269.8743197943 270.8324369758 272.3693866831 273.2421242719 273.0042741742 272.5516054188 5.841375268255 13.328571200254999 13.796967368374998 9.243936835065 23.274643765965 11.010206960826 9.50007933294
27216000.0 268.7117081911 269.4289301738 270.5224142225 272.1789057507 273.2420278718 273.004263341 272.5544164805 5.79732345967 13.16095418425 13.624704501390001 9.039698504301 23.21529513153 11.010120420366 9.504692058399
27302400.0 267.4483590415 268.4225545569 269.8370370041 271.8166709316 273.2419189827 273.0041911343 272.5571674104 5.72136667694 12.853254414804999 13.313584580205001 8.752722742187999 23.149148166348 11.009543781131999 9.509229832098
27388800.0 266.9015347749 267.8424892793 269.2893415483 271.4377906007 273.2417891668 273.0040583842 272.5598584242 5.695447267135 12.7077126541 13.11302276783 8.534049821943 23.071495259409 11.008484482587 9.513691698144001
27475200.0 267.0679283848 267.8425346096 269.1218207862 271.2157416183 273.2416182237 273.0038660924 272.5624897696 5.702987254725 12.707723317485002 13.05800685632 8.429842354850999 22.971187955424 11.006951978169 9.518076768858
27561600.0 267.6860916053 268.2660671344 269.3030839619 271.1868457323 273.2413590581 273.0036153631 272.5650617298 5.733748934015 12.812091542590002 13.11765451553 8.417276083341 22.823177791067998 11.004957140928001 9.522384231648001
27648000.0 267.5687235762 268.2247324221 269.3042723933 271.164731531 273.2408974463 273.0033072466 272.5675746213 5.727543464045 12.80146587827 13.118055937690002 8.407798497326999 22.570983782028 11.002510969671 9.526613349102
27734400.0 267.1488839471 267.9065010738 269.1026096844 271.0460832524 273.2399256537 273.0029423818 272.5700287846 5.70676109145 12.72287351166 13.051862414779999 8.358894021942 22.082954417523 10.999621713987 9.530763443870999
27820800.0 265.5982257401 266.6982753708 268.3056389313 270.6290424894 273.2375862466 273.002520063 272.5724245516 5.644765267715 12.466901410010001 12.82235913538 8.208751023246 21.097904950451998 10.996287525543 9.534833845458001
27907200.0 264.8056594853 265.9067333531 267.5914530538 270.1027059898 273.2325062355 273.0020361434 272.5747621633 5.61958039071 12.32689499019 12.650178758185 8.054860421004 19.553509229994 10.992480151896 9.538823749398
27993600.0 263.5126059265 264.7773276993 266.6823895467 269.4917179648 273.2213033729 273.0014757571 272.5770415264 5.584967940565 12.15443226667 12.463905078215 7.909906129485 17.511044902698 10.988088580313999 9.542731796409
28080000.0 262.143380453 263.5472888041 265.6721503261 268.8305378194 273.1928897905 273.0007878402 272.5792614158 5.5547912534 11.994170090645 12.288689301905 7.780922544 15.034128589620002 10.982722948848 9.546554683847999
28166400.0 260.939197293 262.4219046946 264.7009948286 268.1674172549 273.1077236652 272.9999117957 272.5814324612 5.532315153995 11.866637824925 12.143734865115 7.672138124037001 12.324710408745 10.975930007586001 9.550309633812
28252800.0 260.6347523189 261.9774945318 264.1403659155 267.6296270458 272.7344678064 272.9982643755 272.5835330888 5.52712204842 11.82038158733 12.068359152445 7.5952423145129995 9.865323976365 10.963275442116 9.553958142867
28339200.0 260.1086360036 261.4615338247 263.6172807387 267.0659430085 271.9031462187 272.9929497469 272.5855157041 5.518554556735 11.769218612074999 12.00265270341 7.523198994252001 8.812499160809999 10.923478857342 9.557415637878
28425600.0 259.262945876 260.6847675978 262.9139151057 266.4038759187 271.2660034302 272.973093066 272.5871909529 5.505757465955 11.69682489983 11.920442327364999 7.447607008728 8.452210673784 10.787133407157 9.560347756218
28512000.0 260.7127914048 261.6159684037 263.2462562226 266.1773698143 270.7374771814 272.8810939501 272.5866986888 5.528436124205 11.784260370870001 11.958465273889999 7.423644760569 8.244948126045 10.323071687121 9.559485151545001
28598400.0 259.5088466832 260.750169038 262.674131168 265.7195373772 270.1564663756 272.6546424731 272.5803905967 5.509362785855 11.702720811939999 11.893864031789999 7.377778402701 8.069154375846 9.68730085848 9.548505663435
28684800.0 259.906319238 260.9033354964 262.5726081423 265.3833884684 269.6044824975 272.275129635 272.5613743491 5.51538854235 11.716667591965 11.882817182425 7.346082686829 7.934510903943001 9.136624078050001 9.516215262438
28771200.0 258.6323677962 259.8929964188 261.8272271996 264.8162200374 269.0439205817 271.8059031844 272.5198798594 5.496910097874999 11.628109401395 11.805209699445001 7.295955016395 7.819975442463001 8.745571590666 9.449646866226
28857600.0 258.8706912619 259.8982970313 261.5952677402 264.3959502818 268.5142128833 271.3237534502 272.4453928711 5.5001890032150005 11.62855381951 11.78223097375 7.261228065603 7.726849159464 8.478730922139 9.341657183235
28944000.0 259.2091420769 260.0956021183 261.588952207 264.1392371134 268.0525761933 270.8611437356 272.3301818011 5.504980605565 11.645241323255 11.781612646460001 7.240927660791 7.6549583265750005 8.288499927375 9.197623297124998
29030400.0 258.5809928628 259.5958111734 261.199643696 263.7790489861 267.6176383463 270.4217568255 272.1721316438 5.49621321733 11.603509895444999 11.744217514275 7.213517894118 7.593625339383 8.144151008823 9.033285342459001
29116800.0 257.7333621853 258.8481603029 260.5805420037 263.2829350586 267.1678426841 269.9962617564 271.9749015191 5.4851944877 11.544236165240001 11.68750102356 7.177649822060999 7.535652197826 8.027340398775001 8.865746993733001
29203200.0 258.5972212531 259.36922953 260.719120062 263.0840524375 266.7814390812 269.5933301786 271.7471069575 5.496432973515001 11.585162146315001 11.699917381039999 7.163838399603 7.489634459475 7.932000489303 8.707712189127
29289600.0 259.9861514157 260.449271297 261.3743309824 263.2359417472 266.5286216549 269.2362676694 271.5011458522 5.516629624225001 11.67588154724 11.760824103094999 7.174358202921 7.461193689609 7.857144307251 8.566587668193
29376000.0 259.422243977 260.1372433544 261.2749971687 263.1864282209 266.3164147824 268.9215394353 271.2487101965 5.5080826563050005 11.648799760805 11.751347063785001 7.170909048054 7.4382486407820005 7.797265146006 8.444439740486999
29462400.0 260.2915736387 260.7626108452 261.6339266702 263.2821042475 266.1629459783 268.6488005902 270.9990246191 5.521477498915 11.70384642154 11.786024254940001 7.177591474911 7.422148611471 7.749290889548999 8.340348707349
29548800.0 262.2052334591 262.2889716892 262.6596612696 263.743120756 266.1415346022 268.4353412967 270.7606838561 5.556038613615 11.85257793345 11.89228217481 7.210849154427 7.419934058162999 7.713968136222 8.252932242288
29635200.0 262.831739349 262.9698144641 263.3069354964 264.1797629487 266.2037929384 268.2826639638 270.5405584021 5.5692583355 11.92673943066 11.965562915109999 7.2440887198590005 7.426394620545 7.689788298810001 8.180485696179002
29721600.0 263.43036569 263.5467540496 263.8321419473 264.5659920351 266.3069332304 268.1809636862 270.3423309545 5.582988732615 11.994105550225 12.029138034885 7.27504757898 7.437242214729 7.674150021767999 8.120888846442
29808000.0 262.9128899383 263.2593398579 263.7896754288 264.6895182032 266.3746242145 268.1060236349 270.1661957714 5.571053250645 11.959991507265 12.023849058249999 7.285281559296 7.4444619514140005 7.662855041034 8.071769435469
29894400.0 264.1079349347 264.1516900605 264.3647744463 264.9940830575 266.4655900209 268.0550753571 270.0114193208 5.600038945775 12.0698288265 12.09787864618 7.3112507726219995 7.454292949022999 7.655283264117 8.031221875467
29980800.0 262.0183501397 262.6923542784 263.5813263657 264.7611974298 266.4484256174 267.9973767733 269.8729978652 5.552299676820001 11.89585970525 11.99828650275 7.291297569903 7.452426454821 7.6468103610060005 7.996817031291
30067200.0 257.6629385295 259.1917479048 261.1948746887 263.5918746871 266.129737789 267.8664417795 269.7383165707 5.48431762219 11.57102784896 11.74376800825 7.199739324951 7.418717177754 7.6279720696530005 7.964873625069001
30153600.0 257.476441576 258.5543794472 260.2346876059 262.6884676294 265.6764624231 267.6545816389 269.5945323109 5.482022488805001 11.521901760435 11.65717750682 7.13726024169 7.373627619510001 7.598575355786999 7.932297884013001
30240000.0 258.0751495316 258.8306660013 260.1150164095 262.2485892376 265.2632607864 267.399738105 269.4359126645 5.489532056524999 11.542891635570001 11.64689876164 7.109007164463 7.3351286474520005 7.56485805243 7.898034984471
30326400.0 258.3305382255 258.9947054992 260.1149671586 262.0260740996 264.9338921113 267.1383381387 269.2636621717 5.492864947995 11.555572840105 11.64689455345 7.095201514146001 7.306032800631 7.531975383699001 7.8626415318689995
30412800.0 257.0773136191 258.0199547039 259.4362227989 261.5757643963 264.5955853561 266.8710435182 269.079990482 5.47723798452 11.4825536714 11.59055116251 7.068193628376 7.277484164553 7.499973384816 7.826792085011999
30499200.0 258.8652890931 259.239011196 260.0314708938 261.6315656082 264.3726314404 266.6260868452 268.8903208776 5.50011382476 11.574771791945 11.63978610022 7.071475302531 7.2593565200759995 7.471963287345 7.791630828738
30585600.0 262.4747950574 262.1130163266 261.948028567 262.4851556152 264.4289233697 266.4631396195 268.7073023358 5.561592740935 11.834263783305001 11.81738841874 7.124038153323 7.263884060675999 7.453978096656 7.759331496387
30672000.0 262.2453077606 262.321503808 262.4867437477 263.0203694506 264.5824163189 266.3781740435 268.5418633021 5.55685207782 11.85600071551 11.873567214834999 7.15948091142 7.276398712341001 7.444794583542 7.731395680878
30758400.0 258.9935876655 259.9303486535 261.1234446827 262.5943542112 264.5461772073 266.2967293622 268.3925425828 5.50191019401 11.631245418035 11.73705949965 7.131103977195 7.273421396055 7.436112499743 7.707132472235999
30844800.0 258.6059308147 259.3454574419 260.4771788034 262.1377781642 264.3775913745 266.183287671 268.2513754879 5.49655105652 11.583257035185 11.678340370534999 7.102092644118001 7.25975412963 7.4242110404910004 7.684968443379
30931200.0 260.3424295421 260.5541477391 261.0800263763 262.2296434036 264.2750033541 266.0658664949 268.1148752237 5.52230049369 11.685153719055 11.733003765625 7.107819347628 7.251581376648 7.412119570932 7.66420933032
31017600.0 259.7424225857 260.2208602693 260.9636798481 262.1886674993 264.1892097941 265.9527126938 267.9822891789 5.51287333292 11.655984351915 11.72221664061 7.105258289925 7.244827897668 7.400679034098 7.644642300165001
31104000.0 260.8396588156 261.0228686017 261.444953472 262.3744900617 264.167156554 265.8587646101 267.8555292624 5.530597380260001 11.727689719459999 11.76761707608 7.116960280554 7.243103685465 7.391333044106999 7.626455619657
31190400.0 260.6267235428 260.9589189973 261.4999738309 262.4549413087 264.1601784286 265.7818034768 267.7362258 5.52698750924 11.72177772105 11.772941528695 7.122097524054 7.242559100669999 7.383777345732 7.609780338267
31276800.0 256.7100699411 257.9643747259 259.599730816 261.6032791523 263.9234183578 265.6597420563 267.6170997946 5.472981945055 11.47855248652 11.60383034911 7.069809532491 7.224359154108 7.371974219136 7.593536985759
31363200.0 255.5987783285 256.7157696646 258.3767099927 260.7035779746 263.521663523 265.4663716317 267.4873919729 5.460883190795 11.392822796975 11.508641158315 7.019110231511999 7.194649128522 7.353711896616 7.576291915182
31449600.0 256.9542960616 257.5205233377 258.5665215503 260.4213589852 263.1815796976 265.2423789272 267.3437353748 5.47579710506 11.44718610135 11.522814694505 7.004057048736 7.170572335776001 7.333193603352 7.557703157769
31536000.0 256.9941662751 257.5876507327 258.577830939 260.2734417284 262.9214551305 265.0202972959 267.1891366546 5.47626239478 11.45186432376 11.5236657964 6.996317587359 7.152773669409 7.313486484498 7.538267554163999
