0.0 270.15 270.15 270.15 270.15 270.15 270.15 270.15 270.15 0.1031711910722 6.576028547750957 6.576028547750957 6.576028547750957 7.673568863359098 7.673568863359098 7.673568861165598 7.673568857658884
86400.0 269.334264254 269.334264254 269.6827841449 269.907080861 270.0320745325 270.1314751392 270.1477097466 270.14963315 0.1028119962232 6.553133827270545 6.561922294359585 6.568313340131463 7.673501458196096 7.673557902120564 7.673567498035033 7.673568639169898
172800.0 268.3976246272 268.3976246272 269.022987617 269.4720029436 269.758266195 270.0511946837 270.1283107295 270.144250515 0.1025198627597 6.534513532440519 6.546245572655871 6.556457494907855 7.673363655141966 7.673511987690274 7.673556036928563 7.673565439680317
259200.0 267.4169594659 267.4169594659 268.279000528 268.941679727 269.3948410922 269.9179491132 270.0867898077 270.1301376201 0.1022944298897 6.520144666739589 6.532547197567353 6.54457347682316 7.673212561606916 7.673441001508135 7.673532005982991 7.67355710635136
345600.0 266.4610749772 266.4610749772 267.5160133135 268.3649493562 268.9738998498 269.7373618447 270.019808386 270.103893576 0.1021243632376 6.509304788401387 6.521423375528688 6.533964606487 7.673071070105046 7.673353898832596 7.673494616187595 7.6735418202902395
432000.0 265.5116726804 265.5116726804 266.7407717123 267.7588635556 268.5132290135 269.5165075175 269.9265608642 270.0631360681 0.1019881666436 6.500623753696421 6.512223873360838 6.52470631572969 7.672946201545014 7.67325943147014 7.673445214919183 7.673518608799826
518400.0 264.6294079425 264.6294079425 265.9940038345 267.1525244817 268.0341122297 269.2640593931 269.8082448463 270.0066026227 0.1018826259082 6.49389669276276 6.504817755484384 6.5168877116859765 7.67284060437641 7.673164886382734 7.6733865974090785 7.673487433960461
604800.0 263.8163736857 263.8163736857 265.2880161786 266.5615963486 267.5517349526 268.9886563273 269.6673341157 269.934038472 0.1017989605308 6.488563945272661 6.498811527952661 6.510332443119971 7.672752871603475 7.673075089198905 7.6733221071530435 7.673449064911485
691200.0 263.0011422557 263.0011422557 264.5855580318 265.9711265063 267.0635619958 268.6951668372 269.5065104116 269.8458672345 0.1017254043934 6.483875550630923 6.493589788075503 6.504609313727137 7.672678525955352 7.6729918569450435 7.673254744864313 7.6734047669129435
777600.0 262.2841166027 262.2841166027 263.9384822851 265.4082947805 266.5846666216 268.3898371939 269.328713583 269.7429958864 0.1016676971282 6.4801973472543395 6.489319450905908 6.499776335080282 7.672616538223415 7.672916370888412 7.673187030658283 7.673356052152406
864000.0 261.4012004753 261.4012004753 263.2037953356 264.8000136322 266.0807808207 268.0694387034 269.1353414836 269.6262799046 0.1016040577014 6.476141033829536 6.484986813261804 6.495113722997895 7.672560618415644 7.672847121953709 7.673120356368621 7.6733043092695
950400.0 260.6414365545 260.6414365545 262.5231562913 264.2096659395 265.577352119 267.7371092803 268.9277583102 269.4965021607 0.1015548031923 6.47300160067401 6.481381976418963 6.491052475110049 7.672512326211776 7.672784134904399 7.67305574158815 7.673250751568135
1036800.0 260.0347656915 260.0347656915 261.9418918383 263.6758322574 265.1013081706 267.4013743745 268.7086814781 269.3548222788 0.1015186027177 6.47069421862348 6.4785680378124795 6.487712586579247 7.672472312965956 7.672728041805293 7.672994256898951 7.6731965653567755
1123200.0 259.5539922863 259.5539922863 261.4565209367 263.2074555667 264.6655546536 267.070904666 268.4818638998 269.2028701001 0.1014916626827 6.468977087732616 6.476381561971477 6.485007197229838 7.672439691282241 7.672678994488943 7.672936825908963 7.673142878224462
1209600.0 259.1773921115 259.1773921115 261.0563213766 262.8030794761 264.2743046563 266.7523210209 268.2513883137 269.0427716003 0.1014715447092 6.467694788219699 6.4746791163613695 6.482821263750361 7.672413180603809 7.672636600131192 7.6728840473235165 7.673090714487734
1296000.0 258.8493670502 258.8493670502 260.7073699801 262.4450264702 263.9205901767 266.44849371 268.0207187881 268.8766972487 0.1014546776279 6.4666196973247185 6.473262543659159 6.480990403062222 7.672391191109531 7.672600000101734 7.672836087814961 7.673040833343028
1382400.0 258.4619580258 258.4619580258 260.3384774853 262.0901060148 263.5803824153 266.1561424015 267.7916301391 268.7065687929 0.1014354947481 6.465396999749147 6.471828735924974 6.479264351139813 7.672371627256204 7.672567853623507 7.672792642674355 7.672993694213208
1468800.0 258.2590876928 258.2590876928 260.0801472624 261.8016298873 263.2813953847 265.8793027373 267.5661040119 268.5340610405 0.1014257517777 6.46477599255882 6.470861210430986 6.477921739235537 7.672355559217033 7.67253984603023 7.6727534398018316 7.672949529921979
1555200.0 257.997491219 257.997491219 259.8121124902 261.5252813547 263.0015929618 265.6164606505 267.3453809867 268.3606325059 0.1014134808035 6.463993852934287 6.469887377185331 6.476682926879159 7.6723414085617 7.672515203646446 7.672718093425146 7.67290841486075
1641600.0 257.7533015581 257.7533015581 259.5573259167 261.2630805129 262.7369047767 265.3656118679 267.1299583334 268.1873773066 0.1014023121176 6.463281972063706 6.468988677541585 6.475547882169311 7.67232874385852 7.672493275805882 7.672686156339614 7.672870280179588
1728000.0 257.5793347845 257.5793347845 259.3500907164 261.0336247557 262.4958450177 265.1275654381 266.920391839 268.0151784617 0.1013945174598 6.462785148370192 6.468276253748578 6.474585112681912 7.672317767222189 7.6724737650679735 7.672657259075118 7.672834990208569
1814400.0 257.4188078697 257.4188078697 259.1632998616 260.8255877872 262.2744356845 264.9022643251 266.717179271 267.844808349 0.10138744103 6.462334103811171 6.467647819619859 6.4737356716974155 7.672308124893061 7.672456361110148 7.67263108035602 7.672802384764454
1900800.0 257.2861234785 257.2861234785 259.0007043123 260.6389703225 262.0718259999 264.6895166122 266.5207081272 267.6769022256 0.10138167399 6.461966518448611 6.467111020221429 6.4729918803872755 7.672299647023978 7.67244079823506 7.67260733383913 7.672772285716735
1987200.0 257.3712871228 257.3712871228 258.9768627354 260.5381998064 261.9222903711 264.4968391657 266.3328404661 267.5124156949 0.1013853671331 6.462201915696661 6.467033091791849 6.472597163340194 7.672293570980014 7.6724273735850375 7.672585939153831 7.672744580951568
2073600.0 258.3858665118 258.3858665118 259.5434622877 260.7928875553 261.9796217525 264.3634148518 266.1630266633 267.3544488479 0.1014318166888 6.465162563927423 6.468940506945309 6.473604117110322 7.672295759323675 7.6724183955594025 7.672567615176554 7.672719491180306
2160000.0 259.0472765278 259.0472765278 260.0306010707 261.0910731346 262.1200925733 264.2888043215 266.0185244806 267.2069612085 0.1014647832516 6.467263819673732 6.47067893763803 6.474823565896318 7.672301398240548 7.672413462737976 7.672552726975985 7.672697299624244
2246400.0 259.5529654361 259.5529654361 260.4312081431 261.3682186038 262.2819866272 264.2571451567 265.9009128696 267.0729479443 0.1014916066869 6.468973518616319 6.472183251344254 6.475998442286437 7.672308121670155 7.6724113634042475 7.672541058540441 7.672678092739041
2332800.0 259.8275575381 259.8275575381 260.6865518578 261.5702315833 262.4183910532 264.2481719431 265.8068072029 266.9534616107 0.1015068119768 6.4699426885892555 6.47317992747471 6.47688139180657 7.672313964005321 7.672410740955242 7.67253199818158 7.67266168591952
2419200.0 260.0004648816 260.0004648816 260.8552710804 261.7124743496 262.5222091441 264.247780058 265.7308036492 266.8478175208 0.1015166315523 6.47056857851205 6.473855545539107 6.477517149591007 7.672318519785209 7.672410680749432 7.672524852714816 7.672647710970296
2505600.0 260.1565967218 260.1565967218 260.9949533296 261.8262142751 262.6052785266 264.2500421158 265.6680212884 266.7544142621 0.1015256673506 6.471144511259894 6.474425555334002 6.478034146920228 7.672322232496139 7.672410798986795 7.672519062523387 7.672635749485998
2592000.0 260.2458207131 260.2458207131 261.0868000797 261.9061802409 262.6661345012 264.2510221442 265.6144825524 266.6713263936 0.1015309049162 6.471478348453672 6.474805770655898 6.478402334182913 7.672324991962824 7.672410841582068 7.672514203006238 7.672625406184401
2678400.0 260.3408585256 260.3408585256 261.1704766407 261.9732837591 262.7148505689 264.2501100086 265.5674300925 266.5967230801 0.1015365441933 6.471837790336749 6.475155982742967 6.4787143560792995 7.672327223916734 7.672410767099264 7.672509990331168 7.67261634821145
2764800.0 260.4518107269 260.4518107269 261.2599129272 262.0396837005 262.7600621389 264.2486277094 265.5253076029 266.5291151813 0.1015432081794 6.472262546146777 6.475534401007498 6.479025896382923 7.672329313317177 7.672410658444034 7.672506264286064 7.672608320365896
2851200.0 260.5353061215 260.5353061215 261.3333979012 262.0964050961 262.7992402216 264.2466397095 265.4870940847 266.4673428312 0.1015482812579 6.472585899097289 6.475848552226283 6.479294255509078 7.6723311392378255 7.672410519344367 7.672502920366994 7.672601131043557
2937600.0 260.6850558239 260.6850558239 261.4420405583 262.170598162 262.8463879653 264.2469617527 265.4526182378 266.4106429229 0.1015575079389 6.473173998517548 6.476318437205099 6.479648423206617 7.6723333542402115 7.672410528551295 7.672499932737796 7.6725946510251415
3024000.0 260.8966841544 260.8966841544 261.5939686638 262.273057138 262.9110278708 264.2534941832 265.4225581468 266.3587066261 0.10157083607 6.474023520265731 6.476986665134001 6.480143489622276 7.672336425626487 7.6724109348876075 7.672497350083591 7.672588812778737
3110400.0 261.1049769362 261.1049769362 261.7542807293 262.3877127412 262.9876204485 264.2674501092 265.3976385024 266.3115173641 0.1015842974392 6.474881534477169 6.477706273988645 6.480705881880046 7.6723401196638035 7.6724118185074595 7.672495224658755 7.672583587004762
3196800.0 261.0748249565 261.0748249565 261.7793884815 262.4310833722 263.0305590771 264.2793886226 265.3763897662 266.2686697822 0.1015823271551 6.47475595053892 6.477820360016816 6.48092097487843 7.672342221604718 7.672412578353284 7.672493423366881 7.672578905695083
3283200.0 261.108573436 261.108573436 261.8133999162 262.4643028341 263.0601630118 264.2872198633 265.3571264817 266.2294337192 0.1015845329491 6.474896545642685 6.47797550975551 6.481086612232184 7.672343681085747 7.672413077249538 7.672491799094332 7.6725746711042495
3369600.0 261.2578475526 261.2578475526 261.9124302591 262.5298672892 263.1030522073 264.2959235703 265.3396844568 266.1932819403 0.101594402387 6.475525613744994 6.478431277310693 6.481415812923625 7.672345806226776 7.672413633297056 7.67249033548125 7.672570812746822
3456000.0 261.3560009832 261.3560009832 261.9954667268 262.5930153119 263.1478184033 264.3063694398 265.3242529042 266.1599287842 0.1016009942746 6.475945774068729 6.478818125057973 6.481735786317626 7.672348045598182 7.672414303541279 7.672489046150425 7.6725672893792245
3542400.0 261.515271906 261.515271906 262.1116731369 262.6750818572 263.2036327085 264.3207459277 265.3113829803 266.1293256875 0.1016118685635 6.476638890368927 6.479366845893017 6.482155952116543 7.672350866165394 7.67241523073771 7.672487974832366 7.672564086719651
3628800.0 261.7073036296 261.7073036296 262.2543347856 262.7768614448 263.2734078486 264.3411677528 265.3018814137 266.1016358805 0.1016252817045 6.477493830563126 6.480052502798922 6.482683980748121 7.672354438920421 7.672416555515691 7.672487186216091 7.672561213522862
3715200.0 261.8913499159 261.8913499159 262.3995536735 262.8858286903 263.3516015951 264.3677601788 265.2963272345 266.0770977027 0.1016384592399 6.478333753491987 6.4807644763077645 6.483258012238081 7.672358506670542 7.672418292243614 7.6724867261294 7.672558686634554
3801600.0 262.0740245288 262.0740245288 262.5461905743 262.998798095 263.435301628 264.3998934461 265.2949546425 266.0559063936 0.1016518634088 6.479188121813504 6.48149824862472 6.483862891918924 7.67236293692064 7.672420407162738 7.672486612533985 7.672556518826096
3888000.0 262.3131362531 262.3131362531 262.7266149596 263.1329183127 263.5328550066 264.4390268998 265.298189334 266.0382805842 0.1016699204744 6.480339061117782 6.482422333893195 6.484594308863116 7.672368200445912 7.672423005926664 7.672486880304573 7.672554725851246
3974400.0 262.570312087 262.570312087 262.9257920107 263.2835794767 263.6439836078 264.4861876737 265.3065624514 266.0244913957 0.101690023647 6.481620417236133 6.483470840424074 6.4854337101010096 7.672374332780097 7.672426171224578 7.672487574489698 7.6725533294958845
4060800.0 262.8391031167 262.8391031167 263.1375826874 263.4468456408 263.7667892362 264.5416034018 265.3205024909 266.0148207994 0.1017118365086 6.483010747221655 6.48462001075439 6.4863653912162285 7.6723812845694415 7.672429937527145 7.672488733586252 7.672552353508504
4147200.0 263.1808566011 263.1808566011 263.3955645315 263.6407215327 263.9105215091 264.6074536794 265.3407460254 266.0096373302 0.1017408387817 6.484859323106776 6.486070228604037 6.48750285642735 7.672389662605398 7.672434479438917 7.672490424366115 7.672551831493912
4233600.0 263.5433466582 263.5433466582 263.677405196 263.8568767862 264.0732824734 264.6848714367 265.3680769136 266.0093828169 0.1017732823481 6.486927243585546 6.487722009714764 6.4888128889767565 7.672399480938875 7.672439913369337 7.672492721417921 7.672551805883836
4320000.0 263.8343088663 263.8343088663 263.9267543376 264.0625239135 264.2374161085 264.7706803334 265.4024099052 266.0143234445 0.1018006868512 6.488673979208637 6.489246235714047 6.490102496943639 7.6724097585942035 7.672446058633631 7.672495630528466 7.672552303389909
4406400.0 263.8633644335 263.8633644335 264.0228837598 264.1824174346 264.358022029 264.8528288957 265.4411789062 266.0239704963 0.1018034941808 6.488852915590011 6.489850518466406 6.490874786381356 7.672417567209986 7.672452066770482 7.672498947476141 7.672553276856688
4492800.0 263.8267854163 263.8267854163 264.0471389783 264.2430207636 264.4363713737 264.9234938887 265.4808169057 266.0370836806 0.1017999620861 6.488627783405928 6.490004504407447 6.491271095169737 7.672422762274958 7.672457335832418 7.672502374344156 7.672554604424649
4579200.0 263.7230076994 263.7230076994 264.0121756464 264.2539659398 264.4759468615 264.9786717042 265.5179968662 266.0520181844 0.1017900536873 6.487996231974815 6.489782732938626 6.491343102431061 7.672425427344164 7.6724615170480766 7.672505621893522 7.672556122514466
4665600.0 263.5643782632 263.5643782632 263.9276859386 264.2220181415 264.4802675852 265.0165255617 265.5500676119 266.0670557046 0.1017752211791 6.4870508227346555 6.489252046390748 6.49113329287949 7.6724257277575 7.672464421165524 7.672508449358716 7.672557657709738
4752000.0 263.3638435524 263.3638435524 263.8035976899 264.1539857103 264.4533766277 265.0365646938 265.5751067548 266.0806138711 0.1017569904737 6.485888815803165 6.488485757164021 6.490690245308607 7.672423927336293 7.672465972436844 7.672510673972098 7.672559047619285
4838400.0 263.1668150974 263.1668150974 263.6677293725 264.0669603099 264.4052198241 265.0404335889 265.592099773 266.091415974 0.1017396178174 6.484781500063259 6.487664081187498 6.49013080041231 7.672420723604021 7.672466276987045 7.672512192336103 7.6725601589110015
4924800.0 263.0971576654 263.0971576654 263.5966733615 264.0079899586 264.3635592519 265.0351472287 265.6017507538 266.0988078246 0.10173359882 6.484397855187981 6.487241380972969 6.489756268760782 7.67241797747632 7.672465871978377 7.672513057792233 7.6725609213784445
5011200.0 263.0434236266 263.0434236266 263.5459813174 263.9639957972 264.3292550519 265.0254754296 265.6055741722 266.102735767 0.1017289984554 6.484104632548741 6.48694270221159 6.4894792118808 7.6724157346414925 7.672465127780483 7.6725134012914955 7.672561327209673
5097600.0 262.924601118 262.924601118 263.4638163432 263.9050457327 264.2876791515 265.0110053753 265.6045055252 266.1033673676 0.1017189551158 6.483464480125976 6.486463588169766 6.489111082085198 7.672413041316539 7.672464015882669 7.672513305244082 7.6725613925096
5184000.0 262.9093061563 262.9093061563 263.4328339196 263.8709682062 264.256722938 264.9951682475 265.5997575077 266.1010663593 0.1017176750826 6.483382892089842 6.486284510230446 6.488899881895248 7.672411050113718 7.6724628023526735 7.672512878863217 7.672561154673557
5270400.0 262.9119864982 262.9119864982 263.422626831 263.8533850143 264.2366202678 264.9805313006 265.5926907077 266.0963711412 0.101717899192 6.4833971765988885 6.486225701422974 6.48879136330938 7.672409763034118 7.672461684143735 7.672512245263918 7.672560669852264
5356800.0 262.8395479916 262.8395479916 263.3760057006 263.8195725715 264.210580992 264.9650390102 265.5838258246 266.0897251597 0.101711873319 6.483013093479742 6.485958266614302 6.488583547405375 7.672408107590774 7.6724605049208545 7.672511452164437 7.67255998473457
5443200.0 262.692689409 262.692689409 263.2801447438 263.7549358365 264.1665634898 264.9445786206 265.5726047494 266.0812344736 0.1016998501032 6.482246745727865 6.485414359144574 6.488189416438398 7.672405334227112 7.672458955121488 7.672510450999905 7.672559111370293
5529600.0 262.467300442 262.467300442 263.1278939649 263.6509271011 264.0962870864 264.9147084761 265.5576578981 266.0705869704 0.1016818838843 6.481101596901397 6.484566643568435 6.487563698062748 7.672400964760061 7.672456707457112 7.672509122133162 7.67255801918993
5616000.0 262.1678707246 262.1678707246 262.9186672916 263.504078328 263.9949855462 264.8715551214 265.5371991846 266.057106612 0.1016588798029 6.479635339757044 6.4834328054761 6.486697593555647 7.672394787449498 7.672453490082808 7.672507311898927 7.672556641248428
5702400.0 261.953016978 261.953016978 262.7401031625 263.3617464913 263.8860106379 264.817744992 265.5104953509 266.0401630798 0.1016429473569 6.47861982158145 6.482492383870055 6.485876853860417 7.672388292750023 7.6724495253117535 7.6725049640502725 7.672554916911857
5788800.0 262.0643223532 262.0643223532 262.7472987458 263.3214299593 263.8273307532 264.7679287775 265.4801002563 266.0200118805 0.1016511431339 6.479142212211652 6.4825298094986845 6.485647629517803 7.672384847929938 7.672445898262783 7.672502312060293 7.6725528770720155
5875200.0 262.1572860741 262.1572860741 262.786331019 263.3213264301 263.8023239425 264.7283067693 265.4493150359 265.9976837975 0.1016580839324 6.479584611767244 6.482733505071523 6.485647042711075 7.672383386500735 7.672443042036758 7.672499647924287 7.672550630639079
5961600.0 262.2366543229 262.2366543229 262.8301296729 263.3362947239 263.7954503772 264.6988930264 265.4204247478 265.9744176135 0.1016640800017 6.479966795228357 6.4829634540309575 6.485731979957581 7.672382980376077 7.672440937426123 7.672497167575706 7.672548305081389
6048000.0 262.2833886427 262.2833886427 262.861146302 263.3505170706 263.7946650271 264.6769812893 265.3943520608 265.9512149138 0.1016676414704 6.480193799681826 6.483127185990168 6.485812865131015 7.672382928992371 7.672439378198555 7.67249494539634 7.6725460012278095
6134400.0 262.2659260907 262.2659260907 262.8556664309 263.3461946836 263.7870513202 264.6581409567 265.3707530563 265.928603408 0.1016663080123 6.48010880639599 6.48309820460624 6.48578826422261 7.67238248704535 7.672438044338713 7.672492947228194 7.672543770678508
6220800.0 262.2483918259 262.2483918259 262.8426075609 263.3344306427 263.7746006376 264.640070859 265.3488703627 265.9067155609 0.1016649723157 6.480023670430403 6.483029233698782 6.485721391647649 7.672381768500827 7.672436771281159 7.6724911054623925 7.672541625122534
6307200.0 262.2429957091 262.2429957091 262.8340257137 263.3234532187 263.7616013748 264.6224426629 265.3281430285 265.8855014411 0.10166456191 6.479997511581491 6.482983979926623 6.485659099261619 7.672381020233413 7.6724355349743565 7.672489370682644 7.6725395582631934
6393600.0 262.2151553667 262.2151553667 262.8136120836 263.3058921526 263.7450259879 264.6044624213 265.3080842995 265.8648258579 0.1016624493398 6.479862858469512 6.482876562170651 6.48555966482177 7.6723800703804335 7.672434279763045 7.672487700822809 7.672537555751339
6480000.0 262.1868455302 262.1868455302 262.7901690936 263.2851204207 263.7258484205 264.585760649 265.2883071162 265.8445232992 0.1016603094334 6.479726462975483 6.482753596981086 6.485442394928568 7.672378976006569 7.672432980234368 7.67248606295633 7.67253560068355
6566400.0 262.1859509913 262.1859509913 262.7808845902 263.2713291221 263.709645145 264.5673220046 265.2687620367 265.8244924394 0.1016602419519 6.4797221617721545 6.482705012820682 6.485364739129812 7.6723780538321025 7.672431704579248 7.672484452600001 7.672533682674371
6652800.0 262.1741472425 262.1741472425 262.7685815068 263.2572916028 263.6940304279 264.54928971 265.2494771279 265.8046898427 0.1016593522865 6.479665455389224 6.482640733753761 6.485285864265316 7.672377168326609 7.67243046240387 7.672482871687565 7.672531797062614
6739200.0 262.0727852301 262.0727852301 262.7060997355 263.2152432472 263.6636771225 264.5283080837 265.2297922395 265.7849263017 0.1016517713522 6.479182254217876 6.4823160508125275 6.485050604719001 7.6723754601334315 7.6724290247520175 7.672481266131922 7.672529925545059
6825600.0 261.9137166545 261.9137166545 262.5997065905 263.1420280923 263.6126867803 264.5007467477 265.2084439462 265.7647546566 0.1016400827982 6.47843723747447 6.481769860122585 6.484644522842498 7.672372617179047 7.672427148477069 7.6724795341373415 7.67252802597379
6912000.0 261.8497373224 261.8497373224 262.5339737979 263.0831648549 263.5631937308 264.4691439875 265.1850206023 265.7437797838 0.1016354515528 6.47814204652392 6.481436533612048 6.484321270695215 7.672369884313364 7.672425012022196 7.672477644744683 7.672526062016552
6998400.0 261.9841104342 261.9841104342 262.5854955379 263.0916370404 263.5490566331 264.4428364167 265.1612147746 265.7221921503 0.1016452244785 6.478764963035112 6.4816975323688215 6.484367620931147 7.672369101637819 7.672423243724225 7.672475736149277 7.672524052568234
7084800.0 262.0670269692 262.0670269692 262.6362196897 263.1151294228 263.5521000936 264.424037552 265.1388228891 265.7005930206 0.1016513438251 6.479155004068049 6.481956369474775 6.484496452632777 7.672369261859547 7.672421985112026 7.67247395152993 7.672522054000832
7171200.0 262.133245459 262.133245459 262.681535906 263.1415200644 263.562399881 264.4115562949 265.1188103639 265.6796119793 0.1016562805741 6.479469667512561 6.482189205823658 6.484641720729458 7.672369822082413 7.672421151240375 7.672472365186657 7.672520123975503
7257600.0 262.3268443414 262.3268443414 262.7982805605 263.2104253086 263.5985505123 264.4087168232 265.1024390678 265.6599604275 0.1016709738425 6.480406201747108 6.482796096514567 6.485023744135568 7.672371807820724 7.6724209584769145 7.6724710734939725 7.672518326310603
7344000.0 262.647536496 262.647536496 263.0034671607 263.3400865692 263.6751755372 264.4212560716 265.0918088993 265.6426316974 0.1016962044262 6.4820143739215625 6.483888109706118 6.485753527646782 7.672376074202881 7.672421786845573 7.672470237659716 7.672516749135776
7430400.0 262.9995809584 262.9995809584 263.250159546 263.509819058 263.7858697207 264.4516306913 265.0889800114 265.6288017319 0.1017252721092 6.483867118968299 6.485245854714991 6.486731078788306 7.6723823700634775 7.672423810787347 7.672470015606293 7.672515495752382
7516800.0 263.0990696784 263.0990696784 263.3726058648 263.6233259545 263.8783267009 264.4898554924 265.0933761683 265.6190854197 0.1017337631959 6.48440833234347 6.485938839081832 6.48739937681736 7.67238775320667 7.6724263818968135 7.67247036075068 7.672514618005915
7603200.0 263.4114186063 263.4114186063 263.5798606544 263.7703297549 263.9834920282 264.5334488671 265.1022739537 265.6122163008 0.1017612643963 6.486161231355766 6.487142056349042 6.4882829121435215 7.672394010257703 7.672429344002519 7.6724710604965205 7.6725139988664015
7689600.0 263.5168160612 263.5168160612 263.7099504024 263.8927167106 264.0862999431 264.5849631572 265.1183732899 265.6103732548 0.1017708456729 6.486771932344974 6.487917510765927 6.489034536275632 7.672400274769523 7.672432885942716 7.672472330634216 7.672513832944457
7776000.0 263.7247248876 263.7247248876 263.8674168216 264.0190149077 264.1878678404 264.6403044968 265.1404322008 265.613505529 0.1017902163032 6.488006596949665 6.488877938820282 6.489826013695535 7.672406608838394 7.67243674143801 7.672474079450443 7.672514114982419
7862400.0 263.9655514188 263.9655514188 264.0518318062 264.1632818789 264.3004285837 264.7007808331 265.1670364641 265.6205300857 0.1018134732971 6.489488974483857 6.490034368410805 6.490750487102651 7.672413802735335 7.6724410145161155 7.672476201815924 7.672514748365254
7948800.0 264.595276159 264.595276159 264.4587852589 264.4369487994 264.4858056011 264.7812500971 265.2011068295 265.6320887368 0.1018788748023 6.4936576010238 6.492715638979978 6.492567001537774 7.672426067461429 7.672446797997166 7.672478941074506 7.672515793221811
8035200.0 264.6067539567 264.6067539567 264.5784395874 264.581866311 264.6233271441 264.8653244529 265.241644593 265.6483840054 0.1018801337054 6.493737842248491 6.493540189030871 6.493564057610035 7.672435525666411 7.672452965994973 7.672482231863728 7.672517271852673
8121600.0 264.9388920099 264.9388920099 264.8161545426 264.7684367335 264.7735058812 264.9540918208 265.2877555021 265.6692976619 0.1019177013081 6.4961323636769865 6.495230800979343 6.494885661025181 7.672446218196348 7.6724596202427335 7.672486017397905 7.672519179245503
8208000.0 265.3878642243 265.3878642243 265.1413576102 265.0119899887 264.9578270971 265.054272005 265.3402722835 265.694975924 0.1019722755306 6.499610870044914 6.49766470649373 6.496678986109419 7.672459893901139 7.672467310428741 7.672490384695507 7.67252153620007
8294400.0 265.6843400858 265.6843400858 265.4053611236 265.2361558415 265.1421136136 265.1627801682 265.3993327555 265.7255788625 0.1020109867501 6.502078284464624 6.499752535364733 6.49840234864121 7.672474216000647 7.672475864488286 7.67249536871785 7.672524367022859
8380800.0 266.0136175897 266.0136175897 265.6777246557 265.4636017518 265.3302051171 265.2778939705 265.4645996121 265.7611331619 0.1020567825127 6.504997260576986 6.502021628078565 6.500227572207571 7.6724895509393045 7.672485205105296 7.672500967906392 7.672527686063017
8467200.0 266.2011496511 266.2011496511 265.8743189351 265.6507069639 265.4991263041 265.3936682686 265.5346107577 265.8012876151 0.1020843095103 6.506751803877012 6.503738198760986 6.5017910211669285 7.672503982425211 7.672494887494667 7.672507083582483 7.672531474151469
8553600.0 266.4510704587 266.4510704587 266.0886677626 265.8392398926 265.6646907933 265.50953718 265.6081496189 265.8455073326 0.1021227785016 6.5092037789134825 6.5056910224130275 6.503426828557631 7.672518777656965 7.672504880153696 7.67251363286933 7.672535695186855
8640000.0 266.5067131648 266.5067131648 266.1978557422 265.9687388022 265.7979583253 265.6190656605 265.683119312 265.8929259068 0.102131637833 6.509768463837587 6.506720374080504 6.504587616193921 7.672531179779878 7.672514616644598 7.6725204458380025 7.672540280208604
8726400.0 270.1995107792 270.1995107792 268.3234135456 267.1387476225 266.4305848336 265.8069497781 265.7694670624 265.9442079686 0.1031976790309 6.577716863750536 6.533274896328851 6.516723947060529 7.672597306560316 7.672532022295651 7.672528468791476 7.6725453084809665
8812800.0 267.0917195218 267.0917195218 267.2484427182 267.0020537519 266.6504481287 266.0361501472 265.8832041995 266.0060319959 0.1022320580143 6.5161691457734685 6.518043750734897 6.515129050795559 7.672623044121287 7.672554539649044 7.672539335189985 7.672551468868867
8899200.0 266.7824987537 266.7824987537 266.7553728837 266.6641775015 266.5191147284 266.1483933295 265.9936991864 266.0762103492 0.102177250866 6.512675792947975 6.512381505765453 6.5114057213670264 7.67260718642244 7.672566098794396 7.672550231263281 7.672558595594671
8985600.0 267.2714724989 267.2714724989 266.9772141743 266.7439601987 266.5535608063 266.2221979948 266.0842352398 266.1455419905 0.1022658893537 6.518325521515485 6.514844939990561 6.512258249804943 7.67261124914579 7.672573910017366 7.672559419787982 7.672565780202907
9072000.0 267.020937138 267.020937138 266.8757307264 266.7133159345 266.5610228332 266.282079229 266.1613289764 266.2106240241 0.102219146701 6.5153461915750395 6.513701790038255 6.511928919825315 7.672612119402608 7.672580375037242 7.672567436598691 7.672572658461887
9158400.0 267.1643349896 267.1643349896 266.9477861252 266.7587349733 266.60094774 266.3389513455 266.229312518 266.271075792 0.1022455412347 6.517028552758544 6.514510560779447 6.512417879037697 7.6726168868985685 7.672586625026745 7.672574658101988 7.672579166981376
9244800.0 267.4310811286 267.4310811286 267.1252140788 266.8781067719 266.6869939834 266.4035086802 266.2930848939 266.3278832426 0.1022972580682 6.520324932009 6.516563622518145 6.51372823679623 7.672627379872891 7.672593853115352 7.672581565814482 7.672585390975975
9331200.0 267.5476048688 267.5476048688 267.2414086208 266.9822120736 266.7771839605 266.4735187597 266.3554552538 266.3823128379 0.1023210015894 6.521838320306767 6.51795801704409 6.5149019669997825 7.672638685846938 7.672601854691817 7.6725884503316735 7.672591454998982
9417600.0 267.6576561124 267.6576561124 267.3448022087 267.0786541218 266.8656384319 266.5458243136 266.4174367223 266.4353262205 0.1023441171815 6.523311685031628 6.519233868292715 6.516016156818743 7.672650095612995 7.672610301577707 7.672595421559469 7.672597458190836
9504000.0 267.7546117472 267.7546117472 267.4381807288 267.1684783544 266.9506695622 266.6183735959 266.4791583186 266.487484579 0.1023650659244 6.524646936955333 6.520415812197007 6.517078061561499 7.672661377468158 7.672618969809906 7.672602495617214 7.672603460204167
9590400.0 267.9934370449 267.9934370449 267.6114482394 267.3012524859 267.0578504479 266.6956940085 266.5415834389 266.5393423399 0.1024191670709 6.528095289932096 6.522687703008321 6.518692348460432 7.672676069634259 7.672628429279999 7.6726097881928075 7.6726095239385534
9676800.0 268.2499669967 268.2499669967 267.8118249882 267.4592135886 267.1844996591 266.7805240128 266.6060554369 266.5915846742 0.1024816336849 6.532076849441841 6.525451890559032 6.520686046970714 7.67269413495648 7.672639080037223 7.672617469710639 7.672615732112051
9763200.0 268.6918495499 268.6918495499 268.1290347229 267.6897582403 267.3560270006 266.8800787738 266.6750084551 266.6452695139 0.1026016295519 6.5397252660085545 6.530161841462867 6.523749844949393 7.672719917960426 7.672651960016104 7.672625858786252 7.672622218268419
9849600.0 268.7036849903 268.7036849903 268.2275042578 267.8182080159 267.4866296785 266.9805711327 266.747480739 266.7008360679 0.1026050876128 6.53994567935226 6.531715809959851 6.525542498830091 7.672740592215562 7.672665393026441 7.672634875828293 7.672629048438754
9936000.0 268.8166158961 268.8166158961 268.3402785833 267.9340737462 267.6016826496 267.0776843576 266.8216195202 266.7580660391 0.1026387932721 6.5420940443703826 6.533553865340588 6.527216059990542 7.672759630427326 7.6726788066608576 7.672644319438802 7.6726362104096815
10022400.0 268.9651980842 268.9651980842 268.4741711268 268.0567568634 267.7159013308 267.1726716154 266.8963984837 266.816554795 0.1026852024105 6.54505211644286 6.535821938810446 6.529050023971243 7.672779357311601 7.672692359265064 7.6726540772874685 7.672643667093733
10108800.0 268.9695597444 268.9695597444 268.5263522633 268.1346038169 267.8054827672 267.2612974618 266.9703788937 266.8756990112 0.1026866020454 6.545141327771751 6.5367324445997 6.530248504914467 7.672795413618433 7.672705406921652 7.672663969319671 7.672651352353984
10195200.0 269.7852717567 269.7852717567 269.0368155401 268.4553216322 268.0175490963 267.3725485477 267.0483474343 266.9363493194 0.1029944490185 6.564763185990172 6.546534868341695 6.5354967755129865 7.672835918309338 7.672722380578212 7.672674660935649 7.6726593891707635
10281600.0 269.4973206877 269.4973206877 269.0050835024 268.5324758063 268.1324703672 267.4787797274 267.1286742524 266.9986969278 0.1028740456162 6.557088793530973 6.545873152339596 6.536840305284358 7.6728592082991645 7.672739220628477 7.672685972994736 7.672667820355809
10368000.0 269.3101755567 269.3101755567 268.9179644509 268.5288626534 268.1818331151 267.5658593084 267.206651705 267.061613561 0.1028031662995 6.552571016763831 6.544094877320787 6.53677663690717 7.672869474616598 7.672753504683262 7.6726972542438014 7.672676508045703
10454400.0 269.3035157263 269.3035157263 268.9128986866 268.5457424556 268.2225452602 267.6385204033 267.2797685962 267.1236979794 0.1028007397342 6.552416349918174 6.543993166232214 6.537074723424882 7.672878127773292 7.672765773267224 7.672708111594122 7.672685263224214
10540800.0 269.2030559478 269.2030559478 268.8645073648 268.5379611896 268.2446206445 267.6983667124 267.3468758736 267.1837828377 0.1027648850328 6.55013100710564 6.5430306713642965 6.5369371078134195 7.672882854540378 7.672776125987405 7.672718323545457 7.672693914394252
10627200.0 269.1306246761 269.1306246761 268.8211950903 268.524798643 268.2567356706 267.7476874351 267.4077013673 267.2410707128 0.1027398725149 6.548536734227211 6.542182928061692 6.536705113074293 7.672885452202743 7.672784831927606 7.672727791096866 7.672702330903049
10713600.0 269.0451889958 269.0451889958 268.7690899164 268.5029506946 268.2595561968 267.7879622721 267.4623575462 267.2950794059 0.1027112248538 6.546710760956359 6.541179798077033 6.536322214308626 7.672886029564735 7.672792060579019 7.672736475559042 7.672710420359025
10800000.0 269.3183957784 269.3183957784 268.9230886777 268.5913162178 268.3169558059 267.8339338283 267.5138435719 267.3462469844 0.1028061701293 6.552762477871453 6.5441979482809245 6.537887784877964 7.672898778356904 7.6728004589818175 7.672744814318837 7.6727182267235845
10886400.0 268.9871112148 268.9871112148 268.7715603245 268.5355763962 268.3111408796 267.8700230983 267.5613412346 267.3946425257 0.1026922564535 6.545501734089637 6.5412269534895096 6.536895001281864 7.672897413696662 7.672807150519085 7.67275264686109 7.672725741174618
10972800.0 268.9595914871 268.9595914871 268.7303614068 268.509260602 268.3047277961 267.8981941564 267.604217433 267.4400862938 0.1026834064939 6.5449376465146925 6.5404457231974185 6.536432521417208 7.672895950906141 7.672812436460389 7.672759835481123 7.672732916239204
11059200.0 269.1414252814 269.1414252814 268.8279395343 268.5625668942 268.3385258263 267.9299299703 267.6444025099 267.4829252245 0.1027435591894 6.548771719173167 6.542314097263668 6.5373734688891245 7.6729035590571595 7.672818468417884 7.672766677152903 7.672739788095665
11145600.0 269.3743516509 269.3743516509 268.9871507694 268.6681982511 268.4100834726 267.9723971158 267.6849203626 267.5241572753 0.1028268775825 6.554082350230968 6.545502548884396 6.539287424008176 7.672920044635849 7.6728266668850535 7.672773679950749 7.672746503559402
11232000.0 269.4443942548 269.4443942548 269.0698392978 268.7465314653 268.4782207732 268.0209015253 267.7269905472 267.5647308767 0.1028534564735 6.555776462164417 6.547231705635477 6.540751038253139 7.672936202820187 7.672836202367628 7.672781064610062 7.67275321104765
11318400.0 269.7709627135 269.7709627135 269.2852050948 268.894778507 268.5843428202 268.0810247433 267.7723918724 267.6056789382 0.1029881045648 6.564358796855787 6.551993170112286 6.543630835608423 7.672962398967031 7.672848287015045 7.672789166938422 7.672760082524095
11404800.0 269.9386068725 269.9386068725 269.4409660345 269.0275707163 268.6933797168 268.1495493935 267.8218298303 267.647839442 0.1030650768231 6.569264931627571 6.555692428443731 6.546341294878996 7.672990633977225 7.672862425509918 7.672798150702755 7.672767267060177
11491200.0 269.9479793724 269.9479793724 269.4974485023 269.1050273397 268.7756249229 268.2175041684 267.8739262615 267.6913939445 0.1030695577523 6.56955054157385 6.55709199724433 6.547983587011818 7.673012842970652 7.672876840741796 7.6728078044082615 7.67277480867502
11577600.0 270.0430631802 270.0430631802 269.5798516198 269.1845221587 268.8527556407 268.2837504101 267.9273545409 267.7361139802 0.1031161572041 6.57252074403213 6.5591931414218925 6.54971890564149 7.673034471975661 7.672891289145553 7.672817910075849 7.672782681590185
11664000.0 270.2034683256 270.2034683256 269.7024278545 269.285315432 268.9395529553 268.3512923906 267.9818780162 267.7818110809 0.1031998250695 6.577853650104861 6.562456973773378 6.551995711118512 7.673059815153933 7.672906443226261 7.672828443827149 7.672790865491743
11750400.0 270.3264010535 270.3264010535 269.8134342373 269.3844742255 269.0279384932 268.4203835385 268.0375166915 267.828402028 0.1032687182225 6.582244830783928 6.565566675738502 6.554324257327933 7.673086747624197 7.672922405693609 7.672839430584367 7.672799357878334
11836800.0 270.4153715486 270.4153715486 269.9033337203 269.472262877 269.1110333651 268.4894371549 268.0939826954 267.8757825438 0.1033214509627 6.5856059629115355 6.568201158012719 6.556463943204015 7.673113159431566 7.672938844275592 7.672850834270195 7.672808151991475
11923200.0 270.7668841391 270.7668841391 270.1348508327 269.6356175628 269.2331822848 268.5670127761 268.1527565648 267.9242726514 0.1035579267166 6.600678690989367 6.575520290816952 6.56065683418693 7.673154200683434 7.672957928238193 7.672862984785154 7.672817321395202
12009600.0 272.0284361776 272.0284361776 270.9301528908 270.1269843013 269.5407045144 268.6910684425 268.2226515267 267.9763442181 0.1051860407346 6.70445305038267 6.608868719727054 6.575257876162032 7.673270909071156 7.672989922104597 7.6728778214047955 7.672827364336377
12096000.0 271.7642999265 271.7642999265 270.9967098855 270.3016647158 269.7322472789 268.8218484488 268.302540071 268.0333687003 0.1046657042146 6.67128732093439 6.612471755490597 6.581338440277712 7.673354015088112 7.673025678391654 7.672895316821 7.672838603047892
12182400.0 271.6246899087 271.6246899087 270.9755018209 270.3653154997 269.8407776118 268.9368236416 268.3860558987 268.0945267271 0.1044470800455 6.657352435020125 6.611305721771295 6.583695111894532 7.6734051240013255 7.6730589638160565 7.672914250095901 7.672850945412353
12268800.0 271.7473376857 271.7473376857 271.0699756042 270.4599830614 269.9428783437 269.0402100645 268.4693260692 268.1582587806 0.1046374102793 6.669483893792303 6.616636283625588 6.587353740278468 7.673456679503506 7.673090514402986 7.672933817653166 7.672864137296395
12355200.0 271.5241551014 271.5241551014 270.9835412627 270.457390832 269.988764785 269.1250676982 268.5486724766 268.2226810855 0.1043074088942 6.648449935507414 6.611745719985557 6.587250995196717 7.673480546667723 7.673117622146432 7.672953139071795 7.672877827768833
12441600.0 271.7217444317 271.7217444317 271.0910598754 270.534954742 270.0604180621 269.2035614238 268.6239548431 268.2865926169 0.1045956772333 6.666823871173309 6.617875749032638 6.590391102022481 7.673519990647298 7.673143768766346 7.672972113253552 7.672891777281148
12528000.0 271.8626822225 271.8626822225 271.2051792811 270.6311911839 270.1462283643 269.2818024972 268.6965974596 268.3496355417 0.104840691968 6.682440865348353 6.624930584210788 6.594487051200245 7.673569888791632 7.673170930909563 7.672991045869442 7.672905910446201
12614400.0 272.1250157314 272.1250157314 271.390528072 270.7714268031 270.2587705689 269.3657408709 268.7688105747 268.4121595353 0.1054248529847 6.719674704391794 6.637819806474679 6.600895093696724 7.673640188153227 7.6732013796666525 7.6730105047907164 7.672920308279195
12700800.0 272.3660613002 272.3660613002 271.5820092657 270.9266173826 270.3867073836 269.4567464758 268.8423957503 268.4748364459 0.1062030080288 6.769273528747684 6.653468481546021 6.608681865011466 7.673727365306761 7.673236020299043 7.673031021792084 7.672935137745909
12787200.0 272.5787195411 272.5787195411 271.7618778381 271.081163718 270.5195066582 269.5532543036 268.9182056089 268.5382827186 0.1072663466773 6.837049670864426 6.671027782540089 6.617291631215615 7.673827158733298 7.673274736979335 7.6730529244458765 7.672950570300139
12873600.0 273.2049428385 273.2049428385 272.2270888676 271.3965801387 270.7365261516 269.6654426236 268.9969945045 268.6026102672 0.1770743217527 11.286540194195345 6.738293397384263 6.638274820883464 7.674016732916462 7.6733225996996905 7.673076556948852 7.672966668134356
12960000.0 273.2102730893 273.2102730893 272.3528227828 271.5623152796 270.9063275946 269.7910520165 269.0837553088 268.6701362552 0.1874071536267 11.945144565012232 6.7659770029039015 6.651729362344623 7.67419015378813 7.673380092901387 7.673103667371639 7.672984076479182
13046400.0 273.1989955547 273.1989955547 272.401912337 271.6555804459 271.0220758386 269.9056979038 269.1735389737 268.7408101882 0.1680916420576 10.713993173109367 6.778636101181063 6.660266689831783 7.674323957364837 7.673436497968187 7.673133000021895 7.673002882088517
13132800.0 273.1932746846 273.1932746846 272.4326005766 271.7213026873 271.1103475948 270.0077106943 269.2618892739 268.8128113862 0.1612268740733 10.276439726558069 6.787201800203772 6.666778587188865 7.674436173728489 7.673490198247073 7.673163220881037 7.6730226872894125
13219200.0 273.2228474138 273.2228474138 272.5020688766 271.7956000856 271.1939404505 270.1021236006 269.3481252876 268.8851251631 0.2278021067709 14.519878483470395 6.808793121076446 6.674703669641412 7.67455254817022 7.673543174439961 7.673194107996657 7.673043268816247
13305600.0 273.2254863451 273.2254863451 272.5774222279 271.8788396172 271.2804188947 270.1913524324 269.4313325299 268.9570637281 0.2415117166192 15.39371530559119 6.836524700927232 6.684395393515106 7.674684829789623 7.673596449622334 7.673225303217295 7.673064466033605
13392000.0 273.2254125663 273.2254125663 272.6031613136 271.9316753091 271.3491067315 270.2739042315 269.5112807896 269.0279700901 0.2410887274618 15.36675439968767 6.84728679736544 6.691056074977831 7.674798495465312 7.67364874326142 7.673256655162569 7.673086101705699
13478400.0 273.2257743037 273.2257743037 272.6214518866 271.9719720655 271.4047702315 270.348010072 269.5869726639 269.0970878908 0.2431870990432 15.500502505914525 6.855407748330859 6.696434501506696 7.674897101828165 7.673698352801725 7.673287667880134 7.673107938405364
13564800.0 273.2356046507 273.2356046507 273.0715851997 272.2120864028 271.5495170902 270.4313417914 269.6615579248 269.1651393145 0.339761157379 21.656036410180082 7.614805201068204 6.735367474657865 7.675198611655046 7.673757659402837 7.673319577474758 7.673130197555871
13651200.0 273.2358071493 273.2358071493 273.1573602592 272.3804195138 271.7081751577 270.5351020276 269.7396977812 269.2330669315 0.34311548266 21.86983774926574 8.76370442340512 6.772944598257795 7.675599283526713 7.67383715378786 7.673354543442689 7.673153207326031
13737600.0 273.2374655029 273.2374655029 273.1882117896 272.4664936272 271.8134287075 270.6363038295 269.8212478324 269.3021274839 0.3744681827695 23.868227501545164 9.956753014185098 6.797324621140378 7.675916468015421 7.673921082454018 7.673392830591366 7.67317745505293
13824000.0 273.2376595312 273.2376595312 273.2036660693 272.5272835808 271.8928300998 270.7274621467 269.9026480297 269.372087328 0.3786574526728 24.1352473759116 11.151248939166756 6.817510173268932 7.67619157976836 7.674002751646494 7.673433014603109 7.67320294559498
13910400.0 273.2379979433 273.2379979433 273.2109622096 272.5721830044 271.9549378973 270.8077743497 269.980915306 269.4417184395 0.3862683403262 24.620357744051663 12.04339839153396 6.834422618639065 7.676432669956268 7.674080043030847 7.6734736488692725 7.673229295883323
13996800.0 273.2386837301 273.2386837301 273.2173899936 272.6136915496 272.0101781044 270.8809707647 270.0557070107 269.5102056581 0.4029905960693 25.686217602861113 13.159354770654657 6.851911465946195 7.676670620995095 7.674155357797232 7.673514448855347 7.67325622199436
14083200.0 273.2394899645 273.2394899645 273.2234343394 272.6646140339 272.0673226586 270.9499881857 270.1272546423 269.5771711029 0.4252097385815 27.10244352744623 14.699312327948837 6.876359933424192 7.67694644288414 7.674231116502104 7.673555417312829 7.673283573533821
14169600.0 273.9549768174 273.9549768174 273.2296638098 272.788574711 272.1633636183 271.0246644286 270.1977031441 269.6429226194 0.4380661976649 27.921901372963063 17.235999626158115 6.956183343934711 7.677505896394002 7.674319059273832 7.673597746466859 7.673311471591581
14256000.0 274.7455326138 274.7455326138 273.2326852624 272.9645676496 272.2984353174 271.1116881002 270.2700213209 269.708417109 0.4143883648652 26.412699988142982 19.113600446420847 7.186821891926597 7.678553670166048 7.674430308250933 7.673643408481062 7.673340347488689
14342400.0 274.9630405473 274.9630405473 273.2344721609 273.0834620789 272.4159476697 271.2029367382 270.3446997882 269.7743891514 0.4046324430702 25.79086728885148 20.55965884839625 7.7033006797233785 7.679828825355158 7.674558074766409 7.673693095193132 7.6733705957762055
14428800.0 275.0035971753 275.0035971753 273.2356115986 273.1428959513 272.4991552271 271.2889327563 270.4199388453 269.8408201297 0.3990675166571 25.4361644442069 21.663276263542894 8.440981634432099 7.681040807047431 7.674690184907963 7.6737459747325065 7.673402304410605
14515200.0 274.9795502587 274.9795502587 273.236421787 273.1747570896 272.5584634491 271.3660388859 270.4935949535 269.9071250939 0.3971507572656 25.31399211735208 22.55619582445419 9.316185982897714 7.682132733003162 7.674819614231362 7.67380071817953 7.673435281537577
14601600.0 275.0232663492 275.0232663492 273.2370232673 273.1932639713 272.6028278812 271.4341901516 270.564190046 269.9725523258 0.3921870364878 24.997609518695885 23.287849072786482 10.275703054562786 7.683118450097133 7.674943820883434 7.673856189031663 7.673469205799703
14688000.0 275.0908842022 275.0908842022 273.2377380507 273.2068797293 272.6390300559 271.4948306622 270.6310600714 270.036465628 0.4048482780571 25.804624395081497 24.24556446994075 11.507056198477033 7.684069278601781 7.675063082255383 7.67391167418003 7.673503757032526
14774400.0 275.1963512954 275.1963512954 273.238372672 273.2168689016 272.669672972 271.549358192 270.694074175 270.0984366815 0.4090886674504 26.07490257462105 25.188282505534147 13.052803097683418 7.6850043665241445 7.675178190436526 7.673966796231943 7.673538675724752
14860800.0 275.3407993498 275.3407993498 273.238688526 273.2231840869 272.6954638284 271.5987025647 270.753335944 270.1582193645 0.3933958500254 25.074658084768974 25.6940930587529 14.621850748548718 7.68589955500776 7.675289470632523 7.674021348700129 7.6735737673283
14947200.0 275.5111376848 275.5111376848 273.2389215569 273.2274241395 272.7176811405 271.6436536705 270.8090566455 270.2157012717 0.3818197661607 24.33681007531686 26.084325029417876 16.164375038824954 7.686767089224818 7.675397320035295 7.674075225589461 7.67360889134851
15033600.0 275.6302331176 275.6302331176 273.2391183606 273.2304357702 272.7373447592 271.6849127059 270.8615016766 270.2708638065 0.3726704030758 23.75363882164842 26.42583733717458 17.66144975086227 7.687625369852955 7.675502265719874 7.6741283934683 7.673643950626791
15120000.0 275.6652834103 275.6652834103 273.2395152434 273.2331253131 272.7558075908 271.7232146621 270.910984229 270.3237589927 0.3948131922908 25.1649980634233 27.15005150828275 19.441991007866758 7.688533451981535 7.675605268477882 7.674180900223259 7.673678887083485
15206400.0 275.6983210714 275.6983210714 273.240065395 273.2346834872 272.772675143 271.7589589743 270.9577911586 270.3744784192 0.3918704496465 24.977430590018262 28.239977556131606 20.752342166761913 7.689455431238179 7.675706645077699 7.674232805266449 7.673713669037905
15292800.0 275.7342063505 275.7342063505 273.2413307487 273.2337145134 272.7845639179 271.7916705408 271.0020160594 270.4230915998 0.3860216753662 24.604635566166223 31.202228740278386 19.908786102268245 7.690106335816675 7.675804124241148 7.674283978618544 7.673748251989896
15379200.0 275.7072877392 275.7072877392 273.2429003506 273.2326475686 272.7945856672 271.8216801119 271.0437654023 270.4696577302 0.4309177486047 27.466266378314977 36.04725366135153 19.08622499007332 7.690682843406631 7.675897816504293 7.674334309786778 7.673782585051212
15465600.0 275.8281411014 275.8281411014 273.2438340399 273.2314661026 272.8036004214 271.8494561434 271.0832087331 270.5142492496 0.4125360441 26.2946349148899 39.748766492210365 18.283613459165263 7.691231280263213 7.675988452798197 7.674383776653356 7.6738166283155405
15552000.0 276.0043957057 276.0043957057 273.244528698 273.2301507542 272.8118765131 271.8753682828 271.1205433424 270.5569570832 0.3978092219624 25.355961998661414 42.977867081430965 17.500566821051027 7.691761871166846 7.676076641405511 7.674432415497617 7.673850359184057
15638400.0 276.3552422372 276.3552422372 273.9845795053 273.2310535421 272.819632616 271.8997056351 271.1559661603 270.5978850965 0.3877144637702 24.71253220624878 43.82496964803794 18.026502211565305 7.692286708076614 7.676162876412178 7.674480290469827 7.673883770672192
15724800.0 276.389961387 276.389961387 274.3219043897 273.2326585542 272.8271770967 271.9229991692 271.1900506075 270.6375315413 0.4855427882709 30.9480117815989 48.855919624842976 19.09419113566274 7.692828839899343 7.676248700695533 7.674528031922324 7.6739172003529115
15811200.0 276.5743618953 276.5743618953 274.4192297157 273.2342754921 272.834621013 271.9451080917 271.2225087538 270.6755663985 0.4935802853325 31.46031380680822 57.957701202546325 20.38484974971199 7.693401949257046 7.676333319318555 7.674575104953705 7.673950303601341
15897600.0 276.3205890914 276.3205890914 274.4419368708 273.2357235432 272.8426754354 271.9662905951 271.2534553102 270.712025488 0.6107092124104 38.925994489826486 63.739000000000004 21.780852059054315 7.694090213763737 7.676417473794989 7.674621524423011 7.673983029663922
15984000.0 276.143396198 276.143396198 274.4072308024 273.2368833075 272.8516992365 271.986947755 271.2831890315 270.7471314091 0.6868980412011 43.782194248116916 63.739000000000004 23.11189456590901 7.694949384087144 7.676502642481507 7.674667611264348 7.67401550349321
16070400.0 276.5100628139 276.5100628139 274.5164428071 273.2379950822 272.863095872 272.0075471649 271.3118115682 270.7808334221 0.6495725640104 41.40310565745889 63.739000000000004 24.61614127882991 7.696208997922483 7.676590868498582 7.674713420031418 7.674047607121217
16156800.0 276.8101130625 276.8101130625 274.6420863565 273.2390667522 272.8793412163 272.0290471625 271.3398827728 270.8135570486 0.6225571581623 39.68117070410684 63.739000000000004 26.33518378865851 7.69841063006847 7.676686769693506 7.674759789329214 7.674079687510626
16243200.0 276.5987637981 276.5987637981 274.6290434582 273.2399754795 272.9029214446 272.052603635 271.3678923023 270.8455457773 0.6713265865706 42.789685301423475 63.739000000000004 28.054518397885822 7.7026761401068855 7.676796700093112 7.674807549753566 7.674111950456024
16329600.0 276.9460696223 276.9460696223 274.7406456179 273.2408549322 272.9389203374 272.080090216 271.3965732932 270.8771452026 0.6320145379196 40.283974632457394 63.739000000000004 30.005377726994908 7.71361918811254 7.676931955949817 7.674858076528152 7.67414473506486
16416000.0 277.1571574266 277.1571574266 274.8483592978 273.2417011128 272.9912386661 272.1136233709 271.4268890313 270.9088264587 0.6148608451603 39.19061540967237 63.739000000000004 32.21290004961286 7.750816883326613 7.677107943476606 7.6749133583448135 7.674178556246902
16502400.0 277.511652628 277.511652628 274.9993049694 273.2425180088 273.0441046247 272.1512711598 271.4591660611 270.9409826029 0.5766390822554 36.75439846387694 63.739000000000004 34.722614530042854 7.890734582798426 7.6773205829841755 7.674974451085331 7.674213901647095
16588800.0 277.8319015955 277.8319015955 275.153280567 273.2432775904 273.0769198365 272.187262262 271.4924448345 270.973626288 0.5362771764881 34.18177095217501 63.739000000000004 37.459243622610614 8.251342793837456 7.677539474501575 7.675039994688115 7.674250878448714
16675200.0 278.1345623567 278.1345623567 275.3051497978 273.2439745223 273.0960854438 272.2190737685 271.5254578077 271.0064424154 0.4972635732883 31.695082897822957 63.739000000000004 40.36788096855977 8.934445266365163 7.67774678868104 7.675107735803007 7.674289214624046
16761600.0 278.4456926344 278.4456926344 275.4615971782 273.2446178263 273.1087072181 272.2469103745 271.5573686923 271.0390241704 0.4485883229374 28.59257111570694 63.29045948136302 43.422673745163394 10.008661312942714 7.677940039050468 7.67517595294595 7.674328486168521
16848000.0 278.6586456885 278.6586456885 275.6182705574 273.2452172187 273.1236413702 272.2743916926 271.5883642757 271.0711722068 0.4231273909796 26.969716773648727 60.05340889844903 46.58602854067067 11.76677818380878 7.6781439970542005 7.675244950700815 7.674368472183187
16934400.0 278.8672254442 278.8672254442 275.7814101723 273.2457847473 273.1672764765 272.3132142734 271.6203321416 271.1032195096 0.405336958069 25.835772370359994 54.79508011035216 49.81394865824952 14.271696685459675 7.678462008482903 7.675319116784963 7.674409614908497
17020800.0 279.1497462275 279.1497462275 275.9829680589 273.2463475621 273.2205813208 272.3735662839 271.6579093905 271.1363993987 0.391877837472 24.97790148262781 46.52875118576672 53.12367362025454 18.109494930593485 7.6790295655381335 7.675410464278049 7.674453626640817
17107200.0 279.3042288052 279.3042288052 276.0491019779 273.246925209 273.2310889489 272.4202262121 271.6982916422 271.1713536173 0.4073533366008 25.96429432159839 41.81281731475633 56.42375331957228 20.434899051032854 7.679528666493575 7.675514037779066 7.674501629211247
17193600.0 279.3492535389 279.3492535389 276.0516486376 273.2475783775 273.2339847813 272.4538105063 271.7363053676 271.2069239191 0.455958567839 29.062343155490023 43.08967731735773 59.66914395046395 21.8077308574687 7.679927717801442 7.675617082203957 7.674552296037943
17280000.0 279.7357896632 279.7357896632 276.2221338025 273.2487247503 273.235451005 272.4858518268 271.772289264 271.2420824682 0.4193222099266 26.72717833851156 41.50525430745916 63.06530036448 23.048849819262962 7.680351059003365 7.675719997991601 7.674604280253987
17366400.0 280.0202160179 280.0202160179 276.6856104017 273.9934322075 273.2370261069 272.5314557005 271.8096444559 271.2773178306 0.4166639917727 26.55774617160013 39.112434562969405 63.739000000000004 25.546784652487286 7.681052990628445 7.675832831830402 7.674658386364101
17452800.0 279.8715461294 279.8715461294 276.8077661061 274.4086575528 273.2385763658 272.5904982591 271.850112045 271.3132062698 0.5007630482854 31.918135934663113 43.0756905421737 63.739000000000004 28.966552496062313 7.682168054510556 7.67596257363139 7.674715683699689
17539200.0 279.9717774375 279.9717774375 276.8347794786 274.5139827988 273.2397172541 272.6412279169 271.893297989 271.3504294631 0.5146300888974 32.80200723623138 52.449871362745554 63.739000000000004 32.14318129469104 7.683340168988331 7.676110485571203 7.674777588136338
17625600.0 280.2094480734 280.2094480734 277.073689026 274.6215402058 273.2401424237 272.6741898166 271.9338796113 271.3881753129 0.4745839067233 30.24950363063642 56.89522576334156 63.739000000000004 33.53596534329155 7.684226748252601 7.676259299342695 7.674843101232151
17712000.0 280.2936527514 280.2936527514 277.2333310749 274.7139714015 273.2406275386 272.7011204342 271.9700309024 271.4247188365 0.4657919583465 29.689113633047565 58.13754884444986 63.739000000000004 35.0165657153308 7.685061302456504 7.676400710382547 7.674909328466245
17798400.0 280.172325165 280.172325165 277.2219804596 274.7531768556 273.2412280918 272.7336765769 272.0049307403 271.4602314126 0.4815940610037 30.696323854314837 61.36446071993405 63.739000000000004 36.510628740785414 7.686274627191497 7.6765459154179085 7.674976501931157
17884800.0 280.2883943018 280.2883943018 277.3326092633 274.8041255008 273.2424421854 272.7794393226 272.0417746713 271.4956116963 0.4501715224494 28.693482669402307 60.843459155039206 63.739000000000004 38.03578402019301 7.688493012301938 7.6767093893525225 7.675046366243714
17971200.0 280.5062332054 280.5062332054 277.616926848 275.1585146766 273.5221398757 272.8386285987 272.082861758 271.5320164371 0.4224153200245 26.924330083041607 57.50189404241523 63.739000000000004 39.1204469105544 7.692776856659792 7.676905348367735 7.6751215245692705
18057600.0 280.658812385 280.658812385 277.8390075608 275.4255283245 273.6556152779 272.8790819034 272.1234375635 271.5689783659 0.405340163878 25.835976705419842 54.72051136725434 63.739000000000004 40.331811524447986 7.697068549448345 7.677114663837235 7.675201465004505
18144000.0 280.7351079589 280.7351079589 277.9611886219 275.5642698015 273.7044786428 272.9032628705 272.1599401593 271.6052250154 0.3935778917243 25.086261240615162 52.729309980649155 63.739000000000004 41.65599367076109 7.700353249762879 7.677318007713793 7.675283668790528
18230400.0 280.2649590087 280.2649590087 277.6973510195 275.550821843 273.7162127028 272.9208076821 272.192814783 271.6403407294 0.4949326222638 31.54651041047235 56.67261753321769 63.739000000000004 42.992438526226735 7.703230605024613 7.677514758837563 7.675367168752444
18316800.0 280.5247359051 280.5247359051 277.7289471477 275.5488577365 273.7194047932 272.9347250709 272.2214418087 271.6734108996 0.4728021798007 30.13593813831682 61.958302390393534 63.739000000000004 44.306044914602126 7.7059757626308665 7.6776977293581625 7.67544952892638
18403200.0 280.6187572141 280.6187572141 277.8674596303 275.6168046351 273.736535924 272.9476929313 272.2468960568 271.7042282353 0.4582292290077 29.207072827721795 63.51870566946888 63.739000000000004 45.638691589412325 7.709121915101709 7.677870414425924 7.675529756734207
18489600.0 280.7284195257 280.7284195257 277.988559717 275.6861074517 273.7552918152 272.9619373671 272.2703933402 271.7329707751 0.4424692630299 28.202548356262795 63.50934359803041 63.739000000000004 47.00662035608978 7.713600578008541 7.678038922544769 7.675607808575293
18576000.0 280.8574783416 280.8574783416 278.1235810948 275.7893608147 273.8687172618 272.9802924388 272.2936153848 271.7605362899 0.4247211991655 27.071304513609807 62.36292652866065 63.739000000000004 48.103077 7.721428957291058 7.678214775406994 7.6756857751103835
18662400.0 280.9654193486 280.9654193486 278.3174209769 276.0255607416 274.2819477446 273.0173142456 272.3202285144 271.7881577596 0.4090223438467 26.070675174444812 59.7037566873623 63.739000000000004 48.103077 7.750451807582806 7.678428723722324 7.675767146660261
18748800.0 280.5408828082 280.5408828082 278.1208656607 276.1201658617 274.4376799826 273.0659684705 272.3516849336 271.8167889137 0.4932538117993 31.439504710275585 63.739000000000004 63.739000000000004 48.103077 7.864477865214332 7.678700480391469 7.675855142484872
18835200.0 280.6888990488 280.6888990488 278.2514419297 276.1974096085 274.496296203 273.0858884846 272.3820342944 271.8462547184 0.5289842401879 33.716926485336565 63.739000000000004 63.739000000000004 48.103077 7.963614240714941 7.678984323131881 7.675949842343929
18921600.0 280.8114149654 280.8114149654 278.3741579843 276.284083378 274.5451251836 273.096695434 272.4079310847 271.8748735556 0.5059703420745 32.250043633486555 63.739000000000004 63.739000000000004 48.103077 8.037761836593633 7.679245357129701 7.676046117141021
19008000.0 280.8565257304 280.8565257304 278.4369352035 276.34313653 274.5830995516 273.1035340651 272.4295406 271.9014871559 0.4829701798772 30.784036295192852 63.739000000000004 63.739000000000004 48.103077 8.09107815557808 7.679477909819953 7.676139708161619
19094400.0 280.5828283361 280.5828283361 278.3725760933 276.3450043017 274.5999649898 273.1087975444 272.4484643297 271.9262863549 0.5208355259092 33.1975355859265 63.739000000000004 63.739000000000004 48.103077 8.136403228834343 7.679693628237121 7.676230676169531
19180800.0 280.4904293297 280.4904293297 278.3143073692 276.3283635279 274.6045371008 273.1128487338 272.4652739936 271.9493762891 0.50953130181 32.47701564606759 63.739000000000004 63.739000000000004 48.103077 8.170495226929155 7.679895504103974 7.676318838825234
19267200.0 280.4181451946 280.4181451946 278.2603641433 276.3053645199 274.6028833236 273.1160263076 272.4803824924 271.970911737 0.4899743781389 31.230476888195348 63.739000000000004 63.739000000000004 48.103077 8.19438304638531 7.680085820031776 7.676404257498634
19353600.0 280.364011113 280.364011113 278.213585372 276.2817285346 274.5983375221 273.1185469373 272.4940949987 271.9910525381 0.4709637830345 30.018760566835997 63.739000000000004 63.739000000000004 48.103077 8.209310881707458 7.680266335068276 7.676487090343026
19440000.0 280.0062990171 280.0062990171 278.0837699368 276.260133724 274.6806779218 273.1229861515 272.5070754981 272.0100550219 0.5284677222871 33.68400415085747 63.739000000000004 63.739000000000004 48.103077 8.28615603221423 7.68044448942703 7.676567993474761
19526400.0 280.1207607915 280.1207607915 278.1012586818 276.3175546063 274.8360260971 273.130944247 272.5201376456 272.0282837488 0.5004864279606 31.90050443178069 63.739000000000004 63.739000000000004 48.103077 8.538867036485753 7.680631366023308 7.676648243780396
19612800.0 279.9882637298 279.9882637298 278.0814757949 276.3634365913 274.9247856046 273.1402556852 272.5335081087 272.0460289818 0.5129066493811 32.69215692490194 63.739000000000004 63.739000000000004 48.103077 9.100840922811175 7.680831064768948 7.676728975944175
19699200.0 280.0766307383 280.0766307383 278.1137942673 276.40956824 274.9785753907 273.1485342562 272.5468918606 272.0633978904 0.4671797117258 29.777567645690766 63.739000000000004 63.739000000000004 48.103077 10.0821035550376 7.681040056254605 7.676810614504612
19785600.0 279.6492134638 279.6492134638 278.0040006486 276.4017651389 275.0021795442 273.1562889175 272.5603080314 272.0805140936 0.5455615118231 34.77354520209257 63.739000000000004 63.739000000000004 48.103077 11.591025405047606 7.681259318632299 7.676893725327066
19872000.0 278.8142111805 278.8142111805 277.6640209023 276.2784160474 274.9708332313 273.1644692686 272.5753070463 272.0976862652 0.7084912577835 45.158524279862505 63.739000000000004 63.739000000000004 48.103077 11.655565505669411 7.681516880713571 7.676979893913005
19958400.0 278.5715442717 278.5715442717 277.3958102566 276.117378485 274.9003361417 273.1658802308 272.5887179417 272.1146532772 0.7537696226996 48.04452198124981 63.739000000000004 63.739000000000004 48.103077 11.414366191284177 7.681759126924246 7.677067911759204
20044800.0 278.0018963068 278.0018963068 277.090694821 275.9441085632 274.8161174454 273.1657044584 272.5996717764 272.1307811438 0.9461741094882 60.308191564668384 63.739000000000004 63.739000000000004 48.103077 11.174607828193897 7.681965974090178 7.677154362185882
20131200.0 278.126542986 278.126542986 276.9883110825 275.822083995 274.7395126226 273.1652091151 272.6086268955 272.1456245024 0.9856143420258 62.82207254638247 63.739000000000004 63.739000000000004 48.103077 10.93700553961908 7.682141455524494 7.677236443049302
20217600.0 278.1109649713 278.1109649713 276.951777673 275.7619269807 274.6928924841 273.1647751131 272.6164583863 272.1593545725 0.9955558475478 63.45573416684923 63.739000000000004 63.739000000000004 48.103077 10.702403982780735 7.682299869688852 7.677314613118132
20304000.0 278.0641819118 278.0641819118 276.9080475929 275.7195687816 274.6633437625 273.1644349423 272.623630197 272.1721729895 0.995174071911 63.43140016953524 63.739000000000004 63.739000000000004 48.103077 10.471818562596967 7.682449179797512 7.6773896244936
20390400.0 278.0614381654 278.0614381654 276.8860342323 275.6940810019 274.6459905574 273.1640962476 272.6302470582 272.1840991615 1.0 63.739000000000004 63.739000000000004 63.739000000000004 48.103077 10.246999869840522 7.6825906835752855 7.677461247772131
20476800.0 278.0879679259 278.0879679259 276.8857209505 275.6832361681 274.6372004476 273.163665389 272.6364899211 272.1954324876 1.0 63.739000000000004 63.739000000000004 63.739000000000004 48.103077 10.027238231720668 7.682727617276936 7.67753101113076
20563200.0 277.9963219028 277.9963219028 276.8450742764 275.662883279 274.6278559876 273.1631124393 272.6423853198 272.2062381967 1.0 63.739000000000004 63.739000000000004 63.739000000000004 48.103077 9.813135469018178 7.68286009995277 7.677599126516455
20649600.0 277.874686451 277.874686451 276.7775994832 275.6291460416 274.6133447674 273.1624038283 272.6479471132 272.216562242 1.0 63.739000000000004 63.739000000000004 63.739000000000004 48.103077 9.605330247734281 7.682988010176187 7.677665716086976
20736000.0 277.7602117335 277.7602117335 276.7001742292 275.5864584251 274.5936119025 273.1615028317 272.6531796787 272.2264369994 0.9726890354359 61.99822642964884 63.739000000000004 63.739000000000004 48.103077 9.40450088033969 7.683111029475959 7.677730835964186
20822400.0 277.6235014895 277.6235014895 276.611640038 275.5355110488 274.5688319822 273.1603789033 272.6580842983 272.2358857615 0.9835973689781 62.69351270129512 63.739000000000004 63.739000000000004 48.103077 9.21156562089737 7.68322877493716 7.677794497062673
20908800.0 277.5829833036 277.5829833036 276.5588899397 275.4948335097 274.5459184342 273.1590055812 272.6626621932 272.2449260923 1.0 63.739000000000004 63.739000000000004 63.739000000000004 48.103077 9.02801749861349 7.683340869133427 7.677856682065329
20995200.0 277.5005537132 277.5005537132 276.5052705996 275.4691675023 274.5584642597 273.1594677009 272.6672427972 272.2536531647 1.0 63.739000000000004 63.739000000000004 63.739000000000004 48.103077 9.063543383551698 7.6834552112057235 7.677917932256838
21081600.0 277.4149235455 277.4149235455 276.4552345108 275.4574533073 274.5921913521 273.1615179432 272.6720481763 272.2621891385 1.0 63.739000000000004 63.739000000000004 63.739000000000004 48.103077 9.304741437054268 7.683577579281228 7.67797903555598
21168000.0 277.2994907662 277.2994907662 276.3938170548 275.4413864805 274.6109843982 273.1638203814 272.6770949078 272.2706188265 1.0 63.739000000000004 63.739000000000004 63.739000000000004 48.103077 9.609480847328873 7.683708838363902 7.678040571600024
21254400.0 277.1133207784 277.1133207784 276.2936569903 275.403180073 274.6083046045 273.1661347254 272.6823608271 272.2789913711 0.9637783917729 61.43027091321288 63.739000000000004 63.739000000000004 48.103077 9.932844047981181 7.683848894931742 7.678102899290837
21340800.0 276.9438623283 276.9438623283 276.1838996957 275.3489649458 274.5888780253 273.1684014653 272.6878045173 272.2873300856 0.9406881491019 59.95852193560601 63.739000000000004 63.739000000000004 48.103077 10.257816278251106 7.683997119334713 7.6781662080150435
21427200.0 276.8315794629 276.8315794629 276.0902583395 275.2922135456 274.5610071635 273.1706971439 272.6934171752 272.2956507677 0.8980130241355 57.23845214537264 63.739000000000004 63.739000000000004 48.103077 10.57911571975343 7.684153738907957 7.678230642764939
21513600.0 276.7836116677 276.7836116677 276.0274200406 275.2446227189 274.5327643638 273.1731379314 272.6992346823 272.3039762042 0.8559782926936 54.55920039799738 63.739000000000004 63.739000000000004 48.103077 10.896137357297485 7.684320295379142 7.678296414895821
21600000.0 276.6894199507 276.6894199507 275.958232621 275.1971498474 274.5040786643 273.1758483835 272.7053298732 272.3123428901 0.8409481581363 53.601194651449624 63.739000000000004 63.739000000000004 48.103077 11.21021679100876 7.6844995955147075 7.678363863317921
21686400.0 276.5941638691 276.5941638691 275.8859227875 275.1483662562 274.4745886158 273.1789415851 272.711797132 272.3208011771 0.8158353726286 52.00053081597434 63.739000000000004 63.739000000000004 48.103077 11.523526111976405 7.684695432983064 7.678433468701236
21772800.0 276.591192279 276.591192279 275.8495003984 275.1129398493 274.4497839487 273.1825271065 272.7187434509 272.3294130504 0.7779929471052 49.58849245553834 63.739000000000004 63.739000000000004 48.103077 11.840307785338998 7.684912485668951 7.678505849487783
21859200.0 276.6331947096 276.6331947096 275.8451131742 275.0950285729 274.4333701666 273.1867162166 272.7262845373 272.338249935 0.7402610988342 47.18350217859307 63.739000000000004 63.739000000000004 48.103077 12.167339755107053 7.685156384893764 7.678581758303117
21945600.0 276.5524568412 276.5524568412 275.8069889517 275.0711709825 274.4179710338 273.1916079814 272.7345363511 272.3473894174 0.7429325982133 47.353780877517536 63.739000000000004 63.739000000000004 48.103077 12.511912152149865 7.685433674653013 7.678662069276353
22032000.0 276.5020022138 276.5020022138 275.7682968991 275.045572173 274.4024454126 273.1971515207 272.743549278 272.3568969522 0.7281788057995 46.41338890285434 63.739000000000004 63.739000000000004 48.103077 12.88207589960411 7.6857497339241645 7.678747628405927
22118400.0 276.1598765142 276.1598765142 275.6147015897 274.9747418803 274.3697579933 273.2031659883 272.7532758642 272.3668054745 0.7955052772137 50.70471086432403 63.739000000000004 63.739000000000004 48.103077 13.284603268549741 7.68610734328153 7.6788390625711385
22204800.0 275.9137846995 275.9137846995 275.4536593069 274.8835357152 274.3227414942 273.2091592016 272.7634876786 272.3770819296 0.8595165392967 54.78472469823237 63.739000000000004 63.739000000000004 48.103077 13.72610684486032 7.686502657307415 7.678936431217768
22291200.0 275.7593859995 275.7593859995 275.3219803858 274.7942974305 274.2706618451 273.214626734 272.7738112191 272.3876138929 0.8822823744431 56.23579626462875 63.739000000000004 63.739000000000004 48.103077 14.215553107109576 7.68692467237966 7.6790390134731075
22377600.0 275.5789019296 275.5789019296 275.1873636993 274.7032739967 274.2156054895 273.2192838692 272.783876947 272.398238501 0.8694052933423 55.415023992344864 63.739000000000004 63.739000000000004 48.103077 14.762976776094218 7.687359652284613 7.679145484299416
22464000.0 275.4420817729 275.4420817729 275.0685738027 274.6171395265 274.1610387481 273.2230884566 272.7934232225 272.4087879468 0.8295342785368 52.8736853796571 63.739000000000004 63.739000000000004 48.103077 15.378519659310575 7.6877954571092335 7.679254298534464
22550400.0 275.2136800552 275.2136800552 274.9209209331 274.5213154138 274.1028290341 273.2261642099 272.8023268151 272.4191256523 0.9014497345822 57.45750463253485 63.739000000000004 63.739000000000004 48.103077 16.074241032226173 7.688224045640121 7.67936405335303
22636800.0 275.1147492658 275.1147492658 274.8138254756 274.4375085836 274.0477059984 273.2286215605 272.8105576378 272.4291574203 0.8942360185412 56.99770958579755 63.739000000000004 63.739000000000004 48.103077 16.8557758600852 7.688640761581198 7.679473646035363
22723200.0 275.0491789676 275.0491789676 274.734390832 274.3687342074 273.9993627926 273.2305892857 272.8181613923 272.4388333155 0.843998406038 53.79561440245609 63.739000000000004 63.739000000000004 48.103077 17.726492937044693 7.689044569893745 7.679582354501366
22809600.0 274.9875504687 274.9875504687 274.6680547339 274.3111021181 273.9578463922 273.2314658612 272.8251946299 272.4481333562 0.7943413166637 50.63052118282758 63.739000000000004 63.739000000000004 48.103077 18.32005388840766 7.689435342205079 7.679689736770346
22896000.0 274.9103132669 274.9103132669 274.6030424138 274.2588953771 273.9210975631 273.2311405139 272.8315459325 272.4570144944 0.7932964084083 50.56391977553663 63.739000000000004 63.739000000000004 48.103077 18.383808227243705 7.689803435839732 7.679795040755505
22982400.0 274.9186335526 274.9186335526 274.5739785565 274.2234061757 273.8926480123 273.2307661136 272.8369801645 272.4653861373 0.7652658645077 48.77728093785629 63.739000000000004 63.739000000000004 48.103077 18.43822772892443 7.690130540058392 7.679896868480409
23068800.0 274.7698237952 274.7698237952 274.4971198289 274.1762502182 273.8630549117 273.230338163 272.8415737548 272.4732033051 0.8082106795769 51.51454050555203 63.739000000000004 63.739000000000004 48.103077 18.484063035275284 7.690416261584735 7.6799942838206965
23155200.0 274.740016083 274.740016083 274.4500366759 274.1369434746 273.8361488587 273.2298498832 272.8454900163 272.4804770997 0.7798779558641 49.70864102882187 63.739000000000004 63.739000000000004 48.103077 18.521762461639277 7.690666833206599 7.680087022570219
23241600.0 274.7177350828 274.7177350828 274.4169826266 274.1060557833 273.8134860409 273.2292932633 272.8488701345 272.4872484668 0.7522559413293 47.94804144438825 63.739000000000004 63.739000000000004 48.103077 18.552469227283684 7.690888473872575 7.680175231337531
23328000.0 274.7237973842 274.7237973842 274.4014473862 274.0854831951 273.796414181 273.2286586704 272.8518139928 272.4935658903 0.7218836289346 46.01214062466247 63.739000000000004 63.739000000000004 48.103077 18.577971454430585 7.69108570549798 7.680259209049587
23414400.0 274.7487131452 274.7487131452 274.4012788964 274.0752734716 273.7855089461 273.2279341672 272.8543877865 272.4994742101 0.6970848480751 44.4314911314588 63.739000000000004 63.739000000000004 48.103077 18.600460974469357 7.691261443466007 7.680339261829557
23500800.0 274.8244413485 274.8244413485 274.4285627725 274.0802822012 273.7828753589 273.2271048606 272.8566343262 272.5050108079 0.6719747191608 42.830996624590234 63.739000000000004 63.739000000000004 48.103077 18.622748449092363 7.691417420569744 7.680415642791022
23587200.0 274.7962219811 274.7962219811 274.426684327 274.080430907 273.7817174198 273.2261513163 272.8585798535 272.5102050142 0.6758706953881 43.079322253342106 63.739000000000004 63.739000000000004 48.103077 18.64633472176405 7.691554490427154 7.680488532397488
23673600.0 274.6102018685 274.6102018685 274.351266854 274.050889808 273.7700142167 273.2250479402 272.8602368852 272.5150782809 0.6987570674343 44.53807672119485 63.739000000000004 63.739000000000004 48.103077 18.669270489781407 7.691672722619339 7.680558029972186
23760000.0 274.5529905819 274.5529905819 274.2978148573 274.0185832825 273.7532545183 273.223763634 272.8616043758 272.5196441038 0.6832066212668 43.54690683292457 63.739000000000004 63.739000000000004 48.103077 18.689337243129554 7.691771344543538 7.680624142682474
23846400.0 274.6380118291 274.6380118291 274.3079688655 274.0089901614 273.7430110046 273.2222630869 272.8626669263 272.5239075678 0.6592727039108 42.02138287457048 63.739000000000004 63.739000000000004 48.103077 18.707120527322036 7.691848638857368 7.680686769776459
23932800.0 274.7918919401 274.7918919401 274.3702412414 274.027947452 273.7459999228 273.2205087926 272.8633948224 272.5278649092 0.6376150189189 40.64094369087177 63.739000000000004 63.739000000000004 48.103077 18.72610479855104 7.691901928114702 7.680745687618125
24019200.0 274.867792078 274.867792078 274.4235947133 274.0550470287 273.7572633133 273.2184659296 272.8637466362 272.531503765 0.6245985104874 39.81128445995639 63.739000000000004 63.739000000000004 48.103077 18.749835684383395 7.691927783975568 7.680800545892003
24105600.0 274.8616073278 274.8616073278 274.4431965892 274.07340687 273.7686424789 273.2161143665 272.863676669 272.534805093 0.6176194450493 39.36644580799734 63.739000000000004 63.739000000000004 48.103077 18.779794848643924 7.691922636686572 7.680850891284316
24192000.0 274.8402914107 274.8402914107 274.4440707521 274.081927954 273.7765340476 273.2134703222 272.8631499676 272.5377480913 0.6019323360343 38.36656516649025 63.739000000000004 63.739000000000004 48.103077 18.815566882967868 7.691883971361125 7.6808962413693065
24278400.0 274.6680502781 274.6680502781 274.377842116 274.060602991 273.7717870531 273.2106119307 272.8621659095 272.5403192029 0.6174485856032 39.35555539776237 63.739000000000004 63.739000000000004 48.103077 18.85374253044836 7.691812119944129 7.680936228206537
24364800.0 274.5567005125 274.5567005125 274.3075626831 274.0258428878 273.7569962341 273.2076925138 272.8607844114 272.5425244912 0.603394013414 38.45973102099495 63.739000000000004 63.739000000000004 48.103077 18.890023207531065 7.691712094857985 7.680970802067047
24451200.0 274.3983983916 274.3983983916 274.2145329523 273.975846241 273.7322899153 273.2049152571 272.8591382446 272.544400817 0.5909051156704 37.66370116771563 63.739000000000004 63.739000000000004 48.103077 18.919868083604364 7.691594178385535 7.681000421782035
24537600.0 274.2189416035 274.2189416035 274.1026268028 273.9116105535 273.6980837538 273.2024687855 272.8574143824 272.5460185442 0.5780812716133 36.846322171360136 63.739000000000004 63.739000000000004 48.103077 18.938803743258745 7.691472154131584 7.681026110701173
24624000.0 274.0755054708 274.0755054708 273.9960877432 273.842959974 273.6582730792 273.2004649308 272.8558075695 272.5474717608 0.566320744117 36.096717909273465 63.739000000000004 63.739000000000004 48.103077 18.943460247469506 7.691359734955739 7.681049307808767
24710400.0 273.9295737304 273.9295737304 273.889295779 273.7715495378 273.615000848 273.1989213413 272.8544723824 272.5488599875 0.5586048141973 35.60491225212171 63.739000000000004 63.739000000000004 48.103077 18.93164728990723 7.691267272919168 7.681071574881852
24796800.0 273.7850236777 273.7850236777 273.7823083152 273.6984055225 273.5695566229 273.1977879773 272.8534988612 272.550270395 0.558796432527 35.61712581283845 63.739000000000004 63.739000000000004 48.103077 18.902074606600763 7.691200394345359 7.681094305947594
24883200.0 273.6239410641 273.6239410641 273.6694391195 273.6225924074 273.5224992842 273.1968946542 272.8527848942 272.5517243583 0.5581223352397 35.57415952584324 63.739000000000004 63.739000000000004 48.103077 18.86025200816045 7.6911516319435345 7.681117853995998
24969600.0 273.468483184 273.468483184 273.5542739781 273.5437949161 273.4732354019 273.1962990275 272.8524510744 272.5532798885 0.5635178969836 35.91806723583768 63.739000000000004 63.739000000000004 48.103077 18.800602437490568 7.691128915068199 7.681143177235544
25056000.0 273.3433717767 273.3433717767 273.4484576448 273.4665443833 273.4232602869 273.1959454784 272.8525448944 272.5550057159 0.5579203046941 35.56128230089725 63.739000000000004 63.739000000000004 48.103077 18.71855675473663 7.691135294358771 7.681171431655329
25142400.0 273.2488811339 273.2488811339 273.3621138544 273.3985924383 273.3769940164 273.1957499884 272.8530053485 272.556926051 0.5495795956169 35.029653845025585 63.739000000000004 63.739000000000004 48.103077 18.612816285022692 7.691166662851503 7.681203068596903
25228800.0 273.2423627994 273.2423627994 273.3170006504 273.3498028637 273.3393318064 273.1956383942 272.8536946272 272.558987551 0.5367759729723 34.213563741281426 63.739000000000004 63.739000000000004 48.103077 18.490786210666435 7.691213806815682 7.681237265747786
25315200.0 273.2420517788 273.2420517788 273.2914650482 273.3163627494 273.3108944064 273.1955876334 272.8545679253 272.5611732683 0.5215048604582 33.24019830074521 63.739000000000004 63.739000000000004 48.103077 18.355770188808552 7.691273860827975 7.681273791559005
25401600.0 273.2415377189 273.2415377189 273.2753459053 273.2933399448 273.2901504494 273.1955811808 272.8555881218 272.5634653836 0.4982507739953 31.75800608368643 63.739000000000004 63.739000000000004 48.103077 18.21100500482253 7.691344479117782 7.6813123951730145
25488000.0 273.240837557 273.240837557 273.264444951 273.2772774963 273.2752336585 273.1956071277 272.8567249245 272.5658467213 0.4700998654917 29.96369532657547 63.739000000000004 63.739000000000004 48.103077 18.05921504333272 7.691423762190796 7.681352830383836
25574400.0 273.2398494471 273.2398494471 273.2567437215 273.2660523743 273.2649240329 273.195657493 272.8579537854 272.5683014994 0.4361462744267 27.799527385683433 63.739000000000004 63.739000000000004 48.103077 17.904668840561367 7.691510177256902 7.681394867855238
25660800.0 273.2389334822 273.2389334822 273.2512636434 273.2583098535 273.2580997432 273.1957262902 272.8592548834 272.5708156323 0.4095561832141 26.10470156188352 63.739000000000004 63.739000000000004 48.103077 17.75020299322011 7.691602488273862 7.68143830040246
25747200.0 273.2368466306 273.2368466306 273.2497106938 273.2539035842 273.2538862669 273.1958084657 272.8606122658 272.5733767898 0.3618880522236 23.06638256068004 63.73094782640494 63.739000000000004 48.103077 17.596044948959143 7.691699699527225 7.681482944531501
25833600.0 273.2333880068 273.2333880068 273.2495818051 273.2516137512 273.2514371164 273.1959002583 272.8620131031 272.5759743176 0.3082276617967 19.646122935259864 63.714693085890644 63.739000000000004 48.103077 17.442329988004186 7.691801007863966 7.68152863976569
25920000.0 273.2300823902 273.2300823902 273.2480372966 273.2499142874 273.2499987596 273.1959988616 272.863447064 272.5785990924 0.2739713160551 17.46265771403602 61.42424642691161 63.738790543638984 48.103076129584444 17.289203918232797 7.691905763392271 7.681575246938012
26006400.0 273.2246331065 273.2246331065 273.2471061569 273.2497793344 273.2495270153 273.1961021087 272.864905801 272.5812433449 0.2367691335353 15.091427802406487 57.392196629569376 63.73542635397703 48.10290342234597 17.136716383809873 7.692013437334259 7.681622645872549
26092800.0 273.2093653315 273.2093653315 273.246070691 273.2497114906 273.2493617497 273.1962072824 272.8663790984 272.5838985468 0.1854562338047 11.820794886477774 51.49240390354495 63.73101415299801 48.102580225843305 16.98473719027004 7.692123338506436 7.68167069783041
26179200.0 272.9513049683 272.9513049683 273.2444703422 273.2496542875 273.2492674555 273.1963140644 272.8678654105 272.5865625208 0.1123209158982 7.15922285843537 42.69036854869052 63.725262767379846 48.10223358568072 16.833351658334397 7.692235402806641 7.68171937510422
26265600.0 270.4210093323 270.4210093323 273.2428511531 273.2495986542 273.2491968801 273.1964223769 272.8693632487 272.5892319633 0.1033248791117 6.585824469700647 35.87097459757033 63.71751215846961 48.10187084795811 16.682787440375026 7.692349567210223 7.681768627878432
26352000.0 270.0474269364 270.0474269364 273.2406700736 273.2495436237 273.2491378276 273.1965306553 272.8708664107 272.5919012542 0.1031183471148 6.5726603267502375 29.56870281353305 63.70741704903209 48.101487565267 16.53296996234558 7.692465400107513 7.681818360807939
26438400.0 269.8558152854 269.8558152854 273.2374977944 273.249480681 273.2490843491 273.1966385389 272.872371704 272.594564944 0.1030263292398 6.566795199415613 23.912125023845906 63.69248854855638 48.10107262389173 16.384112339911553 7.692582685818745 7.681868477864565
26524800.0 269.7477852485 269.7477852485 273.2320469451 273.2494077739 273.2490343915 273.1967448049 272.8738751402 272.5972205194 0.1029779130383 6.563709199148205 18.665263348087084 63.67007447962995 48.100621550881094 16.23602616228676 7.69270113532139 7.681918935125396
26611200.0 269.7929094716 269.7929094716 273.2226261397 273.248530882 273.2489581901 273.1968487243 272.8753755445 272.5998690903 0.1029978520845 6.564980094013946 14.45421677184928 62.72148581870327 48.09990778483599 16.088474415903608 7.692820671453305 7.681969756690069
26697600.0 269.8719461667 269.8719461667 273.2120532791 273.2476128657 273.2488292723 273.1969503835 272.8768713917 272.602506713 0.1030337633849 6.567269044390142 12.206244890194354 59.81820366370857 48.09827600782644 15.941758305264326 7.692941184727074 7.6820208691292375
26784000.0 269.9762829301 269.9762829301 273.1890075177 273.2470035899 273.2487157438 273.1970494798 272.8783603896 272.6051294528 0.1030832097989 6.570420709372088 10.003484356822538 56.84852943606796 48.096120790801244 15.795956516222981 7.693062497498033 7.682072196161044
26870400.0 270.1342219682 270.1342219682 273.1107788515 273.2464796436 273.2486144597 273.1971455968 272.8798397691 272.6077330898 0.1031628873243 6.575499275163558 7.964138587305838 53.89639075016101 48.09352501940272 15.651187891977044 7.693184384230098 7.6821236527777295
26956800.0 269.9365072139 269.9365072139 272.4357439309 273.2459928444 273.2485244164 273.1972383483 272.8813096517 272.6103197259 0.1030640756798 6.569201119754773 6.788110210261082 51.03376705997409 48.090595723390884 15.507257738949328 7.69330685122958 7.682175277394411
27043200.0 269.5451871662 269.5451871662 271.5226799237 273.2454975711 273.2484414429 273.1973274996 272.8827691727 272.6128883283 0.1028930556665 6.558300475127044 6.648325481935712 48.15773472880043 48.08729680300827 15.364172853387881 7.693429821459402 7.682227046498305
27129600.0 269.3702528204 269.3702528204 271.2770257128 273.2449312606 273.2483623552 273.1974128378 272.8842176065 272.6154380283 0.1028253451404 6.553984673903956 6.629699227649411 45.0406716672636 48.083532421662404 15.221936192260998 7.693553226334198 7.6822789390202635
27216000.0 269.2565078535 269.2565078535 271.2130663343 273.2442813735 273.2482852536 273.1974941662 272.8856543366 272.6179681035 0.1027837895419 6.551335961611165 6.625441071620985 41.77982474659821 48.07919114291368 15.080552378923771 7.6936770036566875 7.682330936137553
27302400.0 269.1636078637 269.1636078637 271.1895639275 273.2435164007 273.2482086596 273.1975712996 272.8870788354 272.620477947 0.1027511779369 6.54925733052007 6.623928988264513 38.410628231352106 48.07412324801298 14.940026065963531 7.693801096323709 7.682383020735098
27388800.0 269.0842677772 269.0842677772 271.1810349655 273.2425837425 273.2481311748 273.1976440609 272.8884906514 272.6229670523 0.1027242163385 6.547538825199652 6.623386964594556 34.94309356834971 48.06811419368688 14.800361722656401 7.693925451619099 7.682435177227502
27475200.0 269.0598475876 269.0598475876 271.2012300491 273.2414110709 273.2480514014 273.197712279 272.8898893981 272.6254349986 0.1027160761707 6.547019979044248 6.624676136529314 31.415268802929216 48.06085775181718 14.661563693191267 7.694050020458478 7.68248739130891
27561600.0 269.0759535412 269.0759535412 271.2437724738 273.239879956 273.2479677441 273.1977757861 272.8912747435 272.6278814382 0.1027214366711 6.547361651979243 6.627458608982562 27.860734470958732 48.051896883798754 14.523636234473981 7.694174756812014 7.682539649794268
27648000.0 269.0709113033 269.0709113033 271.2808238664 273.2377533178 273.2478779097 273.1978344165 272.8926464026 272.6303060863 0.1027197550619 6.547254467890444 6.629958947240941 24.267168415845735 48.040473073914484 14.386583488054404 7.694299617184903 7.682591940441343
27734400.0 268.9555652102 268.9555652102 271.2732705097 273.2344582323 273.2477776454 273.1978880044 272.8940041276 272.6327087095 0.1026821190118 6.544855583693121 6.629443220612423 20.547137454518978 48.02509731278805 14.250409296762287 7.694424560006466 7.682644251777552
27820800.0 268.7384922391 268.7384922391 271.2222537532 273.2284168684 273.2476577736 273.1979363821 272.8953477085 272.6350891273 0.1026153381072 6.540599035614822 6.626039671047166 16.61224373140912 48.00225565213453 14.115116740637653 7.694549545764835 7.682696573167305
27907200.0 268.635200772 268.635200772 271.2105905108 273.2142773234 273.2474955755 273.1979793773 272.8966769588 272.6374471939 0.1025852668412 6.538682323191248 6.625280489273469 12.56892724315673 47.96152891617487 13.980707089289066 7.694674535886153 7.682748894480092
27993600.0 268.4524675336 268.4524675336 271.1469353389 273.1490340319 273.247179086 273.1980168067 272.8979917157 272.6397827984 0.1025345190803 6.535447711659241 6.621254605032106 8.566639980704625 47.836825423303864 13.847174064942683 7.694799492854831 7.682801206109729
28080000.0 268.0266434014 268.0266434014 270.6666769048 272.4996847219 273.2462098066 273.1980485116 272.8992918366 272.6420958586 0.1024269876457 6.528593765549273 6.596057133904384 6.807995225751137 46.863073141508316 13.71454752035847 7.694924379973031 7.682853498887772
28166400.0 267.6279821441 267.6279821441 270.182300436 271.9384319911 273.245366046 273.1980743384 272.9005771977 272.644386318 0.1023378162945 6.522910072795137 6.57712520176635 6.691939132465456 45.121702275956316 13.582863082642671 7.695049161322185 7.682905764020974
28252800.0 267.3864485418 267.3864485418 269.97954319 271.8053874459 273.2446524402 273.1980940753 272.9018476876 272.6466541454 0.1022883549568 6.519757456591475 6.570521691120779 6.675796347713594 43.1506855603299 13.452096719055469 7.695173801243482 7.682957993124973
28339200.0 267.2196265886 267.2196265886 269.8889140502 271.7758426332 273.2439565465 273.1981075255 272.9031032113 272.6488993303 0.102255973584 6.5176935002705765 6.567771266789703 6.672533590530681 41.07276683208653 13.322256213343355 7.695298264756365 7.683010178152123
28425600.0 267.0914062285 267.0914062285 269.8413408534 271.7780183988 273.2432024859 273.1981144944 272.9043436577 272.6511218391 0.1022320003683 6.516165471475074 6.566372966675656 6.672770268728668 38.91994750169961 13.193361167769961 7.695422514441449 7.6830623103572835
28512000.0 266.9782686268 266.9782686268 269.8108261389 271.7928584928 273.2423010274 273.1981148214 272.9055689554 272.6533217103 0.1022114712457 6.514856965729673 6.565491838395466 6.674399714775952 36.70121893268162 13.065470410382941 7.695546515943519 7.683114382553854
28598400.0 266.8210118655 266.8210118655 269.7644363979 271.8046292103 273.2410805923 273.1981086068 272.9067790342 272.6554989452 0.1021838571227 6.5130968691437765 6.5641752082285425 6.675711271069893 34.40360715292183 12.938881752820564 7.695670234296447 7.6831663865739355
28684800.0 266.6508945719 266.6508945719 269.7061832983 271.8052017869 273.2391086246 273.1980982194 272.9079771857 272.6576589456 0.1021551218752 6.511265313203373 6.562559713405447 6.675775509477707 32.033749470850985 12.8153167450082 7.69579398275228 7.683218444854288
28771200.0 266.436302799 266.436302799 269.6035555496 271.7580108343 273.2342329069 273.1980854617 272.909160439 272.6597964134 0.1021204457597 6.509055092277519 6.559811079343534 6.670614819566868 29.562686041385557 12.696685107334446 7.6959174312469445 7.683270423038205
28857600.0 266.188172728 266.188172728 269.3514319811 271.4074166143 272.9322724328 273.1980668725 272.9103281239 272.6619102179 0.1020823688816 6.506628110144303 6.553538200100493 6.639095457710322 27.30898155895689 12.57987602093859 7.696040480486071 7.683322284745333
28944000.0 265.8150308007 265.8150308007 268.8184739179 270.7862055224 272.6448012007 273.1980690806 272.911482492 272.6640021341 0.102028793183 6.503213248691237 6.542130092197667 6.601603431469267 25.206296957527513 12.4863217803811 7.69616334043959 7.683374064734953
29030400.0 265.5820905374 265.5820905374 268.58937402 270.6062078781 272.5953639022 273.1981610654 272.9126361273 272.6660752651 0.1019973787225 6.501210922393428 6.537852886398702 6.593401419500009 22.81205385185408 12.39872149102155 7.696287346256504 7.683425832496771
29116800.0 265.3842008482 265.3842008482 268.463894525 270.5373033622 272.5843996948 273.200404129 272.9143579803 272.6682343853 0.1019718111347 6.499581269914644 6.535644418849877 6.590488359781853 20.30771045792145 12.336012745603812 7.696474745959315 7.683480233012148
29203200.0 265.2378249278 265.2378249278 268.3828382725 270.503631683 272.5849193898 273.2018362208 272.9166384867 272.6706196 0.1019535206854 6.498415454966711 6.534264430587217 6.5891064013339555 17.73777053344145 12.276232324284859 7.69672731156917 7.683540914139446
29289600.0 265.2026001064 265.2026001064 268.3678988157 270.5113666273 272.5986637515 273.2026991531 272.9190459533 272.6731999683 0.1019491949027 6.498139733903196 6.534013924468137 6.589421517975505 15.138124492202587 12.215166979677367 7.696999486783188 7.683607260928928
29376000.0 265.1723637331 265.1723637331 268.3725456923 270.5362833298 272.6160524172 273.2030852258 272.9212897082 272.6758630186 0.1019455046443 6.497904520523038 6.534091717707299 6.590446103527387 12.543225265281432 12.147937026870148 7.697258442679978 7.683676509916545
29462400.0 265.0718239924 265.0718239924 268.3427886363 270.5423182578 272.6248763983 273.2028991848 272.9232384211 272.6785000688 0.101933383701 6.497131943718039 6.53359551033167 6.590696469318684 9.97662421510914 12.066564489113869 7.697487610279737 7.6837458730142805
29548800.0 265.0555290088 265.0555290088 268.3118571713 270.4917883166 272.5008174998 273.2019462967 272.9246553181 272.6809937647 0.1019314405361 6.497008088330478 6.533084582644332 6.588626578635555 7.7073190816117965 11.960225445355588 7.6976567879116375 7.68381220101951
29635200.0 264.967372265 264.967372265 267.9811207336 269.9479843345 271.6744152317 273.2027183767 272.9259634947 272.6833306142 0.1019210289538 6.496344464486258 6.527911627501462 6.569550693119696 7.6758778679562285 11.901442979015185 7.6978149320060805 7.683875016735281
29721600.0 264.9549440092 264.9549440092 267.8587256372 269.7825580479 271.548392478 273.2036001093 272.9275986458 272.6856520764 0.1019195746933 6.496251771376249 6.526121475363767 6.5646862955502066 7.675524774780297 11.856262031404528 7.698015285602958 7.6839380605798935
29808000.0 265.0076300369 265.0076300369 267.8516014366 269.7524897103 271.5307630356 273.2042936957 272.9293787907 272.6880170244 0.1019257624991 6.4966461759301355 6.526019192708459 6.563840513649605 7.67548874815876 11.813910152585622 7.698236866837582 7.68400295324222
29894400.0 265.0463489651 265.0463489651 267.874672834 269.7670730235 271.5485322009 273.2048339134 272.9311955663 272.6904160151 0.1019303484097 6.496938477285869 6.526351181528602 6.564249313886101 7.6755449008960595 11.773153968085781 7.698466818868648 7.684069479513903
29980800.0 264.996034003 264.996034003 267.863633878 269.7728149259 271.5684151855 273.2052698831 272.9329875147 272.6928267956 0.1019243954258 6.496559040045066 6.526192063686593 6.564410997503313 7.675611919892372 11.733960994570545 7.6986974952166065 7.68413705374479
30067200.0 264.812222138 264.812222138 267.7821009382 269.7436447483 271.5807774715 273.2054045774 272.9346659065 272.6952143598 0.1019031087077 6.49520224592009 6.525032084662379 6.5635938515913725 7.675671102777181 11.68666836148766 7.698917123278701 7.684204701063493
30153600.0 264.5776325654 264.5776325654 267.6602999149 269.6866831366 271.5782164879 273.2053915376 272.9361939445 272.6975471229 0.1018769445688 6.493534569870744 6.523347624712952 6.562028058407202 7.675691065106777 11.63512584834043 7.6991201508053715 7.6842715025761725
30240000.0 264.4159167163 264.4159167163 267.5642117032 269.6358549666 271.5709375217 273.2046729888 272.937408854 272.6997662866 0.1018595266309 6.492424367926936 6.522057857181857 6.560663139745974 7.675691695021381 11.554750116081951 7.699283708694288 7.684335709659013
30326400.0 264.2714627586 264.2714627586 267.4432028812 269.5228631474 271.44778686 273.2038710311 272.9383084891 272.7018311325 0.1018443729809 6.4914584894295855 6.520480201984944 6.557732384277605 7.675320552074954 11.467795391282111 7.699406062771796 7.6843960372816085
30412800.0 264.145341581 264.145341581 267.1950061005 269.1676137928 270.924831112 273.2045451734 272.9393477975 272.7038239078 0.1018314424896 6.490634312844614 6.517396264668514 6.549345458999838 7.674314990946475 11.43348469831528 7.699548746724893 7.684454802035232
30499200.0 264.053039213 264.053039213 267.0174558718 268.9433261618 270.6955207027 273.2054253276 272.9406682586 272.7058383633 0.1018221505796 6.490042055793125 6.515306084886479 6.544606853858866 7.674058513546295 11.4116424569124 7.699732124365884 7.6845147555217155
30585600.0 264.1272614609 264.1272614609 266.9906796022 268.8738982817 270.6251363206 273.2062001448 272.9422038773 272.7079182042 0.1018296111449 6.490517584764781 6.5149987417003965 6.543216175979508 7.673991727027345 11.393087270503345 7.699948386747077 7.684577242659797
30672000.0 264.2759426469 264.2759426469 267.0562173684 268.8983760611 270.6339285881 273.2068286306 272.9438489288 272.710063043 0.1018448373544 6.491488088132102 6.51575458434723 6.543702587779894 7.6739998842365065 11.374385600791813 7.700183725163484 7.684642316968963
30758400.0 264.3311238107 264.3311238107 267.10583517 268.938981264 270.6707050722 273.2070154736 272.9454446332 272.712233824 0.101850586351 6.491854523426389 6.516334990329963 6.544518815091741 7.67403589625395 11.337817650646876 7.700415711824828 7.684708843952571
30844800.0 264.3753919443 264.3753919443 267.1508878605 268.9812850194 270.7109554119 273.2070114819 272.9469143323 272.7143861181 0.1018552376294 6.492150991260328 6.516868227725371 6.545381845052567 7.674076542247644 11.291157345739505 7.700632685948769 7.684775475425684
30931200.0 264.4433832901 264.4433832901 267.2069924787 269.0291400172 270.7522098718 273.206917403 272.94824612 272.7164889307 0.1018624506485 6.492610741884742 6.517540741572989 6.546374107881917 7.674119249953649 11.23451833812259 7.700832098837064 7.684841230071098
31017600.0 264.4712822631 264.4712822631 267.2426981131 269.063944202 270.7830219305 273.2061419775 272.9493076876 272.7184927345 0.1018654349307 6.492800957047887 6.517973722289073 6.547106693251214 7.674152120950802 11.127942813216016 7.7009929940378745 7.684904500024224
31104000.0 264.5047004346 264.5047004346 267.2623099541 269.0692472268 270.7667677112 273.2046976135 272.9500382238 272.7203485938 0.1018690286295 6.493030015815701 6.518213219006517 6.5472191378344125 7.674130915493386 10.807567685071133 7.7011047341041 7.684963638264568
31190400.0 264.5215424941 264.5215424941 267.1897485786 268.9192060664 270.5013739265 273.1981109116 272.950296593 272.7219908198 0.1018708477041 6.4931459618116305 6.517333031208019 6.544119834523828 7.67386394989552 9.280106140527014 7.701144453882668 7.685016407364088
31276800.0 264.3910303201 264.3910303201 267.0301318661 268.7227109255 270.2613304793 273.0543368059 272.9386884018 272.7206776676 0.1018568892053 6.4922562610566175 6.515452286134868 6.54030185415904 7.673678826771846 7.747935351106342 7.699458053173897 7.684974179135125
31363200.0 264.2140079754 264.2140079754 266.7494206884 268.3504690311 269.7564958727 272.0746259074 272.7317394058 272.6703559559 0.1018384484376 6.491080864964187 6.512317181411972 6.5337231408782195 7.673381552036072 7.677002697542239 7.685338431051205 7.683534176480949
31449600.0 264.0326216019 264.0326216019 266.4286636704 267.9297158141 269.2311063343 271.3863721635 272.4045679568 272.5547095305 0.101820114307 6.4899122658138735 6.508978371134711 6.527152106649033 7.6731626845654 7.674872666042287 7.67921040693958 7.681166570714331
31536000.0 263.8903191202 263.8903191202 266.1354428642 267.541308699 268.7626196288 270.8462630075 272.0571922203 272.390977006 0.1018061103631 6.489019668433631 6.506129039485318 6.521755342269642 7.6730149740476 7.674127131262801 7.6767811508792985 7.679072385271395
