0.0 270.15 270.15 270.15 270.15 270.15 270.15 270.15 5.01950771488 6.219254019285 6.219254019285 6.219254019285 6.219254019285 6.2192539331550005 6.21925364455
86400.0 263.5219401338 265.0597184858 266.8270160645 268.69438915 269.8524316711 270.0950631877 270.1449397144 5.009698277555 6.133573005865 6.151062000255 6.17992614293 6.209131034305 6.21727422801 6.2190690243899995
172800.0 262.6918113023 263.8759220725 265.3986044021 267.3987339643 269.2276101823 269.8710361594 270.100758973 5.00923018585 6.124776548625 6.136456072075 6.1583840464 6.191759393225 6.20972323036 6.217476705735
259200.0 262.7636403628 263.629516672 264.8288854705 266.6155529849 268.6399124606 269.5741600234 270.0159692913 5.009268305335 6.12315559836 6.13171106276 6.148600714775 6.178836895075 6.20083227163 6.21451568482
345600.0 262.6741603886 263.4284967996 264.4770547384 266.0997250931 268.1449667219 269.2571120345 269.896617486 5.009220882809999 6.12187924493 6.129017735834999 6.1430689942650005 6.16977057835 6.19248426715 6.2105455500249995
432000.0 261.7329640153 262.6313810226 263.8060142617 265.527607105 267.6820230741 268.9343406796 269.7506496928 5.0087586367200005 6.117184646895 6.124310140915 6.137603857925001 6.16243106741 6.18497277246 6.20597731294
518400.0 261.3880099318 262.2123397254 263.3320079685 265.0350574408 267.2515997442 268.6134526593 269.5851780111 5.00860423673 6.11492589179 6.1212806116000005 6.133370293985 6.156398218660001 6.178314935155 6.201142006985
604800.0 260.5843340459 261.497337265 262.7044567185 264.5000275623 266.8260821946 268.2921232056 269.4048503026 5.008271209275 6.111358077875 6.1175924548700005 6.129188556125 6.15105085967 6.172320787865 6.196242029655
691200.0 259.4867971874 260.52767509 261.8835387498 263.8594188919 266.371859348 267.9602561172 269.211180198 5.00786805092 6.10701492621 6.113242850484999 6.124665967645 6.145908569445 6.16672448837 6.191359063875
777600.0 259.0368842471 260.003190575 261.3120470241 263.300267862 265.9208050583 267.6206232351 269.0053638908 5.007717503095 6.104869698825 6.11048687384 6.12108562172 6.141290196435 6.161527558335 6.186549864205
864000.0 256.6071720091 258.0488505676 259.8480938093 262.3394646789 265.3611768649 267.2452570231 268.7837156128 5.00702102121 6.097891927785 6.104259907615 6.115597184005 6.136128423105 6.15631428705 6.18175606248
950400.0 255.6144625052 256.9780398247 258.7821719704 261.4248982736 264.7451460973 266.8304970714 268.5423215807 5.006782058885 6.09462137309 6.100341524985 6.111015012345 6.13105468076 6.15110354866 6.17693409394
1036800.0 256.6027455073 257.4845819193 258.8094384775 261.041894176 264.2428198429 266.4213892367 268.2856794534 5.00701990445 6.0961262931 6.10043624195 6.109252844655 6.127314007135 6.14644385955 6.172206699275
1123200.0 257.2241456739 257.9412977306 259.0267710087 260.9318307051 263.8841207627 266.054438426 268.0243142788 5.007181556115 6.0975477550649995 6.101201053255 6.108761918 6.124831594760001 6.14261239793 6.16776219983
1209600.0 257.0841486112 257.8606689702 258.9604367308 260.7908269849 263.5982258256 265.7317535133 267.7671118707 5.007144257515 6.097292146075 6.100965741515 6.1081426422 6.12295426821 6.139481147950001 6.163708650205
1296000.0 256.7524555085 257.5798488317 258.7252930295 260.5714776399 263.3309814366 265.4393677256 267.518082105 5.00705794462 6.096417581215 6.10014481357 6.107200167239999 6.12127429044 6.13681563873 6.1600517503550005
1382400.0 256.3016147753 257.1793699805 258.3805837952 260.280187976 263.0555558405 265.1620716885 267.2772102421 5.006945047695 6.09521085711 6.09897726458 6.10598623084 6.11961338483 6.134424370710001 6.15673849902
1468800.0 257.2587510369 257.8140434054 258.6913596606 260.2820503108 262.8585663288 264.915269341 267.0467969687 5.00719085749 6.097145262680001 6.100028015055 6.10599386012 6.118466728515 6.132398660085 6.15375464525
1555200.0 256.2512359094 257.1151985089 258.2582425056 260.0303799311 262.6414725448 264.6821470966 266.8261844018 5.00693273499 6.095021749574999 6.098572744665 6.10497771808 6.117240709715 6.130567314955 6.15105207883
1641600.0 256.9338092149 257.522201464 258.4164929952 259.9811635045 262.4673090872 264.4691503658 266.6157752338 5.00710478322 6.09624099742 6.099096961085 6.104782435455 6.11628437085 6.1289591180750005 6.14860323863
1728000.0 257.9315203412 258.2983364401 258.9264019816 260.1726461466 262.3891571577 264.2956899179 266.4193851179 5.007378427775 6.09870475951 6.100845652055 6.105548478195 6.11586282931 6.127692633245 6.14642208541
1814400.0 258.9607330027 259.1678115662 259.5814473596 260.5232302202 262.4137230321 264.1755102252 266.2426948246 5.007692784325 6.101706969355 6.103236235085 6.106996183035 6.115994836505 6.126836834715 6.144539857725
1900800.0 259.1222152974 259.4185315046 259.8776353402 260.7677072083 262.4707160677 264.0973688698 266.0882779145 5.0077454580500005 6.1026256136649994 6.10437522587 6.108042118145 6.11630285325 6.12628957975 6.14295316443
1987200.0 260.4723625845 260.4854656871 260.6488808631 261.2140659486 262.6039037059 264.0664235474 265.9586551904 5.0082275185350005 6.10683733763 6.1075298957749995 6.11003444365 6.11703240791 6.12607481685 6.14166094571
2073600.0 262.6074845325 262.2456199454 261.9692850483 262.0003996807 262.8809782526 264.1053762397 265.8596767972 5.009185966625 6.11510049104 6.11367456811 6.1138324601 6.11859551504 6.126345331395 6.140697551005
2160000.0 262.3672395965 262.3453864142 262.3318004046 262.4575821681 263.1563885173 264.1882346156 265.7917656293 5.00906304118 6.115628743749999 6.115556376064999 6.11623165244 6.12021344088 6.1269266274 6.1400478373
2246400.0 264.1117291195 263.722393862 263.3559249639 263.1297947081 263.4904608376 264.3151594228 265.7547861127 5.010072168464999 6.123759093205 6.121428169275 6.1200542990099995 6.122268415525 6.127832920615 6.1396978257049994
2332800.0 262.5343602046 262.7712268506 262.9834685646 263.215404778 263.7049583654 264.4384277122 265.7406838171 5.00914807882 6.117968846625 6.119189894250001 6.120568891275 6.12364512105 6.128732042955 6.1395650391
2419200.0 260.439782702 261.1243031318 261.8798565832 262.7494622104 263.6971498562 264.5000919725 265.7330063225 5.008214922355 6.10962484742 6.11322442229 6.1178457570600004 6.1235941810300005 6.1291890360200005 6.13949290767
2505600.0 260.195939346 260.716084178 261.4020316851 262.3776803278 263.5869244945 264.4982366465 265.7185438831 5.008122268265 6.10781868099 6.1109073804300005 6.115801312815 6.122881797405 6.12917521481 6.1393573347
2592000.0 260.1722954121 260.6067480976 261.2115674821 262.1567068383 263.4626981472 264.4566178693 265.6920042048 5.008113433305 6.10735003461 6.110022980145001 6.114635802315 6.122093586445001 6.1288663430699994 6.1391095762550005
2678400.0 260.401131337 260.7373131412 261.2347408838 262.0795905954 263.3690744938 264.4008400494 265.6545543665 5.008200045954999 6.10791039551 6.11012944375 6.11423732761 6.121509527470001 6.12845585993 6.138762211865
2764800.0 261.773195355 261.7658932256 261.894481391 262.3548672627 263.388012292 264.3677803516 265.6137460841 5.00877713257 6.112658515085 6.11329766887 6.1156793259699995 6.12162698819 6.128214417525 6.138386653145
2851200.0 262.9107724097 262.7542358525 262.6665752925 262.8103418822 263.5219664326 264.3800973616 265.5794181852 5.0093477246600004 6.1178727210999995 6.11738051868 6.118191040555001 6.1224677326600006 6.128304211455 6.1380730918049995
2937600.0 264.9207453554 264.415299856 263.9229439498 263.570542518 263.8058028886 264.4606923904 265.5627418058 5.010653752335 6.128561894805 6.125093252419999 6.122776974935 6.12430873865 6.12889648368 6.137921534635
3024000.0 266.3451976537 265.7465463187 265.0791145965 264.4025677063 264.1990711906 264.612759487 265.5725421618 5.0119383620399995 6.13962019401 6.133733094005 6.128468515104999 6.1270032495699995 6.13003679534 6.138010540865
3110400.0 265.4269784118 265.3102290914 265.0871192431 264.7295048958 264.5196720504 264.7884883084 265.6069909014 5.01106660988 6.135686198255 6.133799329985 6.1309331677 6.1293351696350005 6.13139318036 6.138324779865
3196800.0 260.3224461508 261.49878658 262.6628591324 263.7294935042 264.433901777 264.8674488497 265.6433532543 5.008169984009999 6.1113649745 6.11735978988 6.123805592945001 6.128698692915 6.132016686995001 6.13865882262
3283200.0 258.8628346392 259.8928136991 261.1437480486 262.6803367645 264.0921231771 264.8176434103 265.6574296289 5.007661318515 6.104434626855 6.109713184625 6.1174573768250005 6.12625309659 6.131622367185 6.138788788755
3369600.0 258.0527482505 258.982356679 260.1850244856 261.8459947796 263.6658845116 264.6687690036 265.6364674298 5.007413654275 6.101043315345 6.105598585485001 6.11305537776 6.12339084911 6.130464522005 6.1385953796
3456000.0 257.3499487243 258.2522026563 259.4415389038 261.1628153009 263.2303498138 264.4585473467 265.5786074455 5.0072155273100005 6.0985529042049995 6.102711182245 6.10980001578 6.120659408655 6.12888061342 6.1380657121
3542400.0 257.34055709 258.0796408669 259.1107042163 260.7185884244 262.848729375 264.2251627418 265.489769938 5.007212976185 6.0979911413300005 6.101501198909999 6.107829487685 6.11841033526 6.12718830869 6.137264197825
3628800.0 258.0521643947 258.5332826566 259.2801116325 260.5948306157 262.5817343347 264.0073814276 265.3813106155 5.007413483525 6.099489327205 6.1021153380649995 6.107299325125 6.11691001235 6.125668096755 6.13630438363
3715200.0 259.4917830542 259.636307767 259.9906355638 260.8466926728 262.4820445679 263.8429662367 265.2682496792 5.007869763895 6.10344435376 6.104819933345 6.108386719075 6.1163643727100006 6.12455601891 6.1353250511
3801600.0 259.5740171707 259.8370242983 260.2415923844 261.0201731338 262.4567081155 263.7293357111 265.1613961285 5.007898162665 6.10421679621 6.10582849328 6.109155428555 6.116226918745 6.123804558890001 6.134418697775
3888000.0 261.8993646261 261.6191030054 261.4601229257 261.6454581254 262.5971953352 263.6901838626 265.072207684 5.008835825045 6.11194205229 6.1111814334600005 6.112069672875 6.1169953306150004 6.12354879068 6.133676020739999
3974400.0 262.8665136923 262.5996340935 262.3548880357 262.2845418746 262.8434199994 263.724976878 265.0092148637 5.009323642875 6.117008805575 6.11567943687 6.11530570942 6.11837993136 6.1237760048 6.1331588611250005
4060800.0 263.5357646085 263.2839004814 263.0203975461 262.8357022278 263.1284092615 263.8151164618 264.9753903193 5.009706618715 6.120985440585 6.11940627406 6.1183357779 6.120046025680001 6.12437057093 6.1328836426899995
4147200.0 265.2905220016 264.7372156394 264.1486946874 263.5897416732 263.4954138831 263.9620069105 264.9728085805 5.010951135235 6.13099302833 6.126648229860001 6.122899850755 6.12229968566 6.12535820262 6.1328627063
4233600.0 266.8397668671 266.1403789961 265.3393902682 264.4521747636 263.946783708 264.1683339823 265.0036511319 5.012490532285 6.143482650349999 6.135938785765 6.128833500115 6.12525474792 6.1267862782349995 6.133113473
4320000.0 266.8553547861 266.4126447118 265.8223042813 265.0264877115 264.3730240965 264.4058272427 265.0649870444 5.01250905923 6.14634892435 6.140338884535 6.13330006812 6.12825262251 6.128492401615 6.133616433445
4406400.0 264.7165937102 264.9269837217 265.0245531717 264.8998863217 264.594736012 264.6078663791 265.1430267813 5.01049857947 6.132492739175 6.13328423066 6.13227542297 6.12990005195 6.129999628635 6.134264719105
4492800.0 263.6699998426 263.9820675748 264.2970805446 264.5558567856 264.6376048178 264.7410672546 265.2210215243 5.009788623685 6.1254949263650005 6.12770263801 6.12960654627 6.130226008975001 6.131022960379999 6.13492218901
4579200.0 262.843454559 263.2240546053 263.6626970246 264.1610754867 264.5659413829 264.8036323036 265.2862164535 5.009311161875 6.12062125556 6.1233701761549995 6.12673520404 6.1296824845549995 6.13151207636 6.13547926385
4665600.0 262.8564260567 263.1058942308 263.4444996212 263.9284733413 264.472083434 264.8192595953 265.3336783313 5.009318177315 6.11991181583 6.12197939393 6.125130653735001 6.128980859945 6.131635107195 6.135889198755
4752000.0 262.5424131113 262.8283979326 263.1985263259 263.7274409561 264.3725266871 264.8058407906 265.3634710938 5.009152230715 6.1182940357249995 6.12046690986 6.12379214418 6.128248997 6.13152944236 6.13614843918
4838400.0 261.4200257332 261.9348826337 262.5488158236 263.3397985947 264.2141106654 264.7582826249 265.3750253556 5.008618259305 6.1135007608150005 6.116728982905 6.121328617005 6.127109820615 6.1311569985 6.136249379590001
4924800.0 261.0254821753 261.4986769876 262.1142378883 262.9857192664 264.0254143081 264.6804183281 265.3682074646 5.008449621665 6.111364452955001 6.11441583811 6.11920304803 6.12579189893 6.130554017925 6.13618978985
5011200.0 261.7314656937 261.9344310755 262.2820672002 262.9250933849 263.8980762019 264.5999673064 265.3474455704 5.00875794991 6.1134984848 6.1152926286 6.11885025571 6.12492546047 6.129939696935001 6.13600880891
5097600.0 260.7423909212 261.2278899204 261.82649463 262.6662636664 263.751548535 264.5118537092 265.3154708367 5.008333958825 6.110097936475 6.11295837504 6.11737878 6.123950381195 6.1292767586400005 6.13573149689
5184000.0 261.0403587064 261.3459491884 261.7974793439 262.544814164 263.6265647366 264.4233420006 265.2751848445 5.008455819765 6.110644734485 6.112814504515 6.116707034185 6.12313656265 6.128620982755 6.13538451448
5270400.0 260.6686240533 261.0608395178 261.5826848898 262.3816812923 263.5030202577 264.3339737052 265.2285984249 5.00830451396 6.10933802744 6.111766424674999 6.115822747015 6.122347754110001 6.127968929145 6.13498657774
5356800.0 260.8361239672 261.1351237132 261.5718871345 262.3024691988 263.4016818983 264.2491651088 265.1779831202 5.00837178189 6.10967397814 6.111714512174999 6.115400605155 6.121711986485 6.12735926976 6.134558193965
5443200.0 261.1881230881 261.3935161819 261.7218477498 262.3301727727 263.3428865039 264.1781530823 265.1266142575 5.008518055195 6.1108673790150005 6.1124420798550005 6.11554771545 6.1213476604 6.126855468905 6.134127591665
5529600.0 261.3244051263 261.5235357795 261.8260884101 262.3757995508 263.3139630945 264.1232256418 265.0774223093 5.00857655963 6.111482944445 6.112956356995 6.11579124115 6.121169639900001 6.126469876155 6.133719103495
5616000.0 260.9983244794 261.2977201823 261.6954778124 262.3194006255 263.2739786672 264.0744953349 265.0308783701 5.00843833825 6.11042036757 6.112313100985 6.1154904463449995 6.120924833005001 6.126130729495 6.13333603408
5702400.0 260.7806970013 261.1041893174 261.5401980406 262.2181818287 263.2147749148 264.0237981483 264.985728087 5.008349360385 6.10953369772 6.111562580405 6.1149564835 6.120565080895 6.12578078841 6.132967575595
5788800.0 261.1879942366 261.375118435 261.6787824609 262.2413797669 263.1794795165 263.9784477199 264.9421821432 5.00851800039 6.11078110484 6.11223167283 6.115078201055 6.1203521391199995 6.12547022194 6.132615099525
5875200.0 261.7177865915 261.800215939 261.9758986702 262.3831239238 263.1924650315 263.9499495566 264.9025829362 5.008751686265 6.112828050085 6.113708073674999 6.115830478505 6.120430350365 6.12527624137 6.1322970012299995
5961600.0 262.2362840088 262.2486437415 262.3280101379 262.5953636138 263.2536527058 263.9451544474 264.8700870846 5.008997870395 6.11511639466 6.11553621112 6.116985212825 6.12080095713 6.125243690945 6.132037673815001
6048000.0 262.4601940883 262.4889307029 262.5637867967 262.7818270643 263.3363151999 263.9607328269 264.8465619994 5.009110076775 6.116401815975 6.116811208015 6.1180289367550005 6.12130714543 6.125349534244999 6.131850888725
6134400.0 262.7819003048 262.7785857746 262.8141734133 262.9713788725 263.4329108337 263.9926126881 264.8325888664 5.0092780633550005 6.11801055283 6.118212873705 6.119119313355 6.12190684409 6.1255669772950005 6.1317403206000005
6220800.0 262.8641087853 262.8945218936 262.9547200087 263.1126759796 263.5259679253 264.0338228014 264.8273404834 5.009322339095 6.11867354666 6.1190222636 6.119952193475 6.122493117955 6.125849752115 6.1316988627299995
6307200.0 263.0741436222 263.0826379926 263.1210810562 263.2513217713 263.6174292231 264.0808165648 264.8295311872 5.009438083435 6.11977366222 6.12000229321 6.120786775795 6.12307770801 6.126174568404999 6.13171616269
6393600.0 262.9736106883 263.0453886332 263.1435865166 263.3208527648 263.6904814098 264.1269800231 264.8371141361 5.009382204255 6.11955338031 6.120136752085 6.12121197356 6.12355072847 6.12649611962 6.131776098055
6480000.0 263.085291842 263.1353016164 263.2193375367 263.3915118797 263.7536590478 264.1705634716 264.8482530847 5.009444335065 6.12008720107 6.120592690885 6.121648731740001 6.1239642632199995 6.12680197843 6.131864289105
6566400.0 263.1190263398 263.1794514979 263.2722061428 263.4504003272 263.8088646956 264.2110684246 264.8615650473 5.00946332037 6.12035197053 6.12091401515 6.122016384495 6.1243290555800005 6.127088241275 6.131969918275
6652800.0 263.5644528624 263.5252818186 263.5168367475 263.5957687714 263.8835400247 264.2556071069 264.8772924419 5.009723989655 6.122488764194999 6.12243521337 6.12293850116 6.124827693265001 6.127405272065 6.1320950427600005
6739200.0 263.1814313922 263.2936593924 263.4232396765 263.6098730618 263.9343738204 264.2965535258 264.894478624 5.009498712515001 6.1210451426 6.12184639886 6.12302909226 6.12517060234 6.12769884613 6.132232182605
6825600.0 263.7509512973 263.6990992489 263.6803903156 263.7461903356 264.0036683804 264.3405070112 264.9133782949 5.0098389835 6.123606892265 6.123485060985 6.1239151583850004 6.125642650945 6.1280162605749995 6.13238349181
6912000.0 263.8489242004 263.8311808805 263.8246909054 263.8705449889 264.0821463416 264.3892616316 264.9346019878 5.00990087077 6.12447744004 6.124434231915 6.1247404865299995 6.126183796505 6.12837114428 6.132554030230001
6998400.0 264.1829030935 264.1117142462 264.0490290588 264.0301958493 264.1753002711 264.4451681349 264.9590116848 5.010119941395 6.12638951268 6.125954580195 6.12582478766 6.126835354725 6.128781759095 6.132750989755
7084800.0 263.5886053388 263.7181412847 263.8502136259 264.001857785 264.2259302574 264.4939569386 264.9848310065 5.009738678935 6.123731265785 6.12460441524 6.12563024842 6.127193764749999 6.129143350200001 6.132960285825
7171200.0 263.0188705914 263.2505090558 263.5174536196 263.8438800482 264.2148921754 264.5214583053 265.0080536088 5.00940725092 6.12078183244 6.122439122615 6.124562118 6.127115365835 6.12934852595 6.133149383925
7257600.0 262.8745622519 263.0749316547 263.3365521767 263.7085108445 264.1740526787 264.5280191215 265.0255599829 5.009328009825 6.119727988635 6.1213086057899995 6.12366831717 6.126826561410001 6.129397618655 6.133292472395
7344000.0 263.9467559817 263.8401682361 263.7918579023 263.8788040358 264.2002846918 264.5406428804 265.0397299389 5.009963721035 6.124537349695 6.124216331785 6.124795889830001 6.127011838555 6.1294922368 6.13340863041
7430400.0 264.4695601155 264.3296747041 264.1980443695 264.131061724 264.2895778311 264.5746859208 265.0554731548 5.0103186776 6.1279378132 6.126995983245 6.12652466971 6.127648688275 6.12974844068 6.133538043445
7516800.0 264.232395644 264.2367887926 264.2316408541 264.2401741279 264.3748460365 264.6203472928 265.0749271817 5.0101535214099995 6.127271030825001 6.127234382005 6.1272951488050005 6.12826590487 6.13009449361 6.13369848376
7603200.0 264.0280290226 264.0906720346 264.1605728796 264.2545298173 264.430236852 264.6643070576 265.0970528881 5.01001675394 6.12624300968 6.126731669755 6.12739757565 6.128671706435 6.130430292045 6.13388166539
7689600.0 263.4354553944 263.6357624167 263.859806867 264.1260971654 264.4296401337 264.691773204 265.1182553194 5.00964652868 6.1231959036550005 6.124668563915 6.126489946885 6.12866731415 6.130641430015 6.134057914245
7776000.0 263.6446819504 263.7297983627 263.8635969966 264.0893577761 264.4214765905 264.707271995 265.1364264014 5.0097730148 6.123807590819999 6.12469393545 6.126233876344999 6.12860726976 6.13076102791 6.13420952187
7862400.0 264.1808119172 264.1344580635 264.1235940662 264.2023906501 264.4513524638 264.7263930118 265.1528531184 5.010118529105 6.12654844075 6.12647245075 6.127026748385 6.12882742453 6.13090903262 6.13434702098
7948800.0 264.8959772716 264.7244312513 264.5610775485 264.4519905023 264.5411808099 264.7644320434 265.1714269865 5.010634598935 6.13089382453 6.129645842535 6.12883213862 6.129496273345 6.131204977845 6.134503004955
8035200.0 264.7752896845 264.7278761575 264.661941662 264.5931461691 264.6361781246 264.8153470897 265.1942241852 5.01054257198 6.1309205339 6.130412156805 6.129888010665 6.1302151213050005 6.13160427221 6.13469520422
8121600.0 265.0527478879 264.9556360439 264.8488102968 264.7421930144 264.7350456771 264.8747853029 265.2218045983 5.010757411345 6.132723699495 6.131868705425 6.13103171289 6.130976173980001 6.13207507244 6.13492883931
8208000.0 265.8310718764 265.5797490066 265.3075690006 265.0249133187 264.8740948455 264.9505130293 265.2557546947 5.011428635715 6.1380761034299995 6.135663227425 6.13328717864 6.13206957428 6.132682314915 6.13521811502
8294400.0 266.4034883631 266.1084127296 265.7616022901 265.3539990813 265.0513325455 265.0470805753 265.2981704388 5.012000058055 6.143157090035 6.1397621430000004 6.136065857475001 6.133503969995 6.133469007385 6.135582161175
8380800.0 266.8079067479 266.5093594001 266.1402091285 265.6678823099 265.2474648846 265.1618707001 265.350242052 5.012452892150001 6.14740933204 6.1434809144399996 6.13888553519 6.135147308425 6.13442268286 6.13603314358
8467200.0 267.0698515957 266.7893872106 266.4292009533 265.9381969051 265.4436055626 265.288130316 265.4116456803 5.012771686795 6.15061505382 6.14652882453 6.14146018988 6.13685318392 6.135495722155 6.13657079739
8553600.0 266.8508094162 266.6932229853 266.4558157159 266.0712399608 265.6035172346 265.4120011055 265.4796934068 5.012503649269999 6.1494906634549995 6.1468194200549995 6.142781284925 6.138292995635 6.136573928160001 6.137174166705
8640000.0 266.4203474218 266.3828756803 266.2865102772 266.0628766102 265.7041975217 265.518816763 265.5497346463 5.012018061465 6.14602711848 6.1449998164799995 6.142697142355 6.139223240945 6.137524722375 6.137803670845
8726400.0 266.3360414151 266.2890801542 266.2086776696 266.0442792919 265.7678412807 265.6057942335 265.6177155491 5.01192874779 6.145026931025 6.1441857693 6.1425105707 6.1398210921650005 6.13831382781 6.1384230498650005
8812800.0 265.7941042193 265.8742676383 265.9311008923 265.9217261151 265.7822396066 265.6679747619 265.6799005952 5.011394196075 6.140838330945 6.14139075689 6.141299183725 6.1399574210450005 6.1388863918 6.13899702361
8899200.0 266.1236082413 266.0627548328 266.0012346202 265.9225617069 265.8000651617 265.7162828657 265.7353788986 5.011711346135 6.142695918269999 6.142081539055 6.141307338575 6.1401267558 6.139336175425 6.139515186465
8985600.0 266.662055556 266.4836192305 266.2873081634 266.0650952647 265.8588873793 265.7676096187 265.7865679848 5.0122843732 6.147124854185 6.145008233275 6.142719449405 6.140689946365 6.13981890197 6.139998482065
9072000.0 266.8192431232 266.6637252317 266.4674294404 266.2074621739 265.9411028729 265.8271122889 265.8363838122 5.01246625038 6.149150791495 6.146946769915 6.14417316531 6.14148865379 6.1403848731099995 6.140473683404999
9158400.0 266.7490878374 266.6504565494 266.5083234974 266.2869691494 266.0183526543 265.8897861265 265.8860902563 5.01238419198 6.14899866618 6.147397851375 6.145004656885 6.1422516907 6.140988527505 6.14095271309
9244800.0 267.2099209912 267.0041943528 266.7599713989 266.446086286 266.1135887088 265.9588583556 265.9369308298 5.01295133894 6.153221421615 6.150268416 6.146712987535 6.14320965399 6.141662943655 6.141447794075
9331200.0 267.6109540083 267.3610110255 267.0547460062 266.6541734219 266.2338280077 266.0386289418 265.9905425274 5.013505492495 6.157867694235001 6.153854756175 6.149041233029999 6.144447309995 6.142454030595 6.14197557089
9417600.0 266.8938885192 266.893280346 266.8278699483 266.6345953931 266.3072133907 266.1121900185 266.0453407255 5.012555175285001 6.151858862685 6.151072188815 6.14881742905 6.1452186877 6.143195444055 6.14252119945
9504000.0 266.8011053628 266.7756364364 266.7224230331 266.5928427315 266.3453194893 266.1720895088 266.0985644886 5.01244489607 6.150452714805 6.149829409775 6.14834349501 6.1456241532549996 6.14380781698 6.1430572376649994
9590400.0 267.0538342932 266.9465984172 266.8169882129 266.6341918904 266.3864182462 266.2246713763 266.1491544871 5.012751565089999 6.15250929931 6.150942502165 6.1488128270799995 6.146065302385 6.144351924185 6.143572414725
9676800.0 267.5481493003 267.3383448389 267.0937379848 266.7880579289 266.4605856031 266.2821141764 266.1985795987 5.0134145258650005 6.15755986223 6.15434867913 6.15059933757 6.146871683885 6.14495346896 6.144081158665
9763200.0 268.8388939928 268.3598632155 267.8208620669 267.1950202647 266.6228887765 266.3666308501 266.2519093448 5.01569524939 6.17353405096 6.164531428625001 6.15565426579 6.14868408813 6.145852405715 6.1446362239
9849600.0 269.1401563427 268.7446693092 268.2368201843 267.5489951076 266.8237607861 266.4782816811 266.3132532146 5.01639208794 6.180949369935 6.171348951825 6.16049238745 6.15102317716 6.147066070555 6.145282727615
9936000.0 269.1757721956 268.8615449312 268.4309680311 267.7875121292 267.0148746103 266.6035400636 266.3832393841 5.016480024725 6.18339703899 6.174835597335 6.16401946809 6.153354575670001 6.14846448765 6.14603103732
10022400.0 269.1609015584 268.8970043058 268.5259804529 267.9425747725 267.1781871825 266.7295129827 266.4598216516 5.016443155805 6.18415953457 6.17662143421 6.166441439015 6.15543497611 6.14991200834 6.146863309475
10108800.0 268.9230459753 268.7470753831 268.474664311 267.99879371 267.2999078674 266.8450670285 266.5394148606 5.015881878805 6.180998774 6.1756501388950005 6.16734645792 6.1570419444799995 6.1512778256 6.14774360524
10195200.0 269.1612284852 268.9177344158 268.5943628781 268.0975849125 267.4093583272 266.9515091373 266.6195011236 5.016443963995 6.18460973573 6.177941188979999 6.16897328035 6.158530391509999 6.152569628245 6.148645569015001
10281600.0 269.1509075598 268.942675363 268.6491342861 268.1776560735 267.5077968387 267.0501023405 266.6985963688 5.0164185009499995 6.185155790545 6.17901989099 6.17032728068 6.15990594733 6.15379624962 6.149552826525
10368000.0 269.6227485755 269.3079140332 268.9111133035 268.3467066885 267.6232804512 267.1488839249 266.7770545 5.01770243385 6.19375201537 6.18446558424 6.17329640168 6.161566347485 6.155055439334999 6.1504694318599995
10454400.0 271.2225180498 270.5529580806 269.7819898067 268.8323217554 267.8344018584 267.2739400991 266.8596594393 5.02543655897 6.235645795935 6.206933336375 6.1827757195199995 6.164740655185 6.1566949254550005 6.1514529783750005
10540800.0 271.5873698293 271.0207363636 270.2864128669 269.262318174 268.0889243081 267.4272216477 266.9507173363 5.028849038385 6.260240583 6.2244139471799995 6.1926130405 6.168828760035 6.15877736842 6.152559896
10627200.0 271.516896888 271.0823634856 270.4734240087 269.5326977654 268.3247185899 267.5925236705 267.0506050749 5.028095598425001 6.26408971228 6.232119218895 6.199678470205 6.172901398905 6.161119075865 6.15380258045
10713600.0 270.340920362 270.2635023301 270.028508975 269.4561182897 268.4568230935 267.7371957092 267.1537461623 5.020292496205 6.22352183885 6.214946326725 6.197598755265 6.17531618628 6.163256032565 6.155118222425
10800000.0 270.1633626363 270.0343436472 269.8148339717 269.3582936713 268.5211338625 267.8511223753 267.2537492847 5.019560019405 6.215147427534999 6.207949365735 6.19503431246 6.17652900892 6.165000139305 6.156426693735
10886400.0 270.0478945907 269.9115886119 269.6979243768 269.2891823201 268.5551356953 267.938863306 267.3466399463 5.01912001027 6.2110318035050005 6.204399183415 6.193281658705 6.177180513675 6.166382207665 6.157672309555
10972800.0 269.496428666 269.4825025173 269.3992511045 269.1382918763 268.5492962203 268.0004428751 267.4297583356 5.0173327827900005 6.1983079257 6.196095780835 6.18961378575 6.177068110465 6.16737323008 6.158812534335
11059200.0 269.4817859104 269.4069787456 269.2881011836 269.0407328021 268.5316938285 268.0427308212 267.5023487625 5.01729125506 6.196298005335 6.19325461572 6.18735065576 6.176730576155 6.168064149065 6.159828877444999
11145600.0 269.8226586475 269.6385223443 269.4086276162 269.0666894566 268.5392111337 268.0796762409 267.5662761047 5.01833286181 6.20266366539 6.196341235709999 6.18794485606 6.176874487465 6.16867484596 6.160740306975001
11232000.0 270.1239322656 269.8900438271 269.5929681709 269.1654981699 268.5802884758 268.1219605344 267.6248754266 5.0194067449999995 6.2103335593199995 6.201362301450001 6.190259686395 6.177667137595 6.169382042600001 6.161589643855
11318400.0 271.0163996819 270.5898639783 270.085814109 269.4362655039 268.6857855741 268.1841766145 267.6830968671 5.023932567155 6.237337777715 6.21694625106 6.197070132715 6.17975279097 6.17043898359 6.1624470038700006
11404800.0 271.5085260049 271.0643390441 270.5048088285 269.7382304268 268.838069226 268.2706991728 267.7454492679 5.02800955526 6.26294629893 6.233491823665 6.20560251667 6.182897418185 6.171942343405 6.1633805292999995
11491200.0 271.3833592519 271.0679078253 270.6192995894 269.9162594389 268.9846213111 268.3700837309 267.8133069639 5.02680156843 6.263171511564999 6.238713732495 6.2111841001100005 6.18608519295 6.17371934362 6.1644150283
11577600.0 271.8229400689 271.4161802053 270.8918532729 270.1268112911 269.1358252639 268.4781717793 267.8866744223 5.03182045 6.2883902878699995 6.252706349055 6.21841180429 6.18955555128 6.17571601687 6.165555975335
11664000.0 271.9776872279 271.5981526259 271.0873654656 270.3144902009 269.2857168213 268.5914378545 267.9648957042 5.03427771043 6.304828154735 6.2644096760900005 6.2255219583 6.1931950146600006 6.177884129515 6.166799000429999
11750400.0 272.0745686355 271.7173062434 271.2282380012 270.4692579225 269.4268599249 268.7058579339 268.0468359328 5.03609829093 6.3172495372399995 6.273927796174999 6.23193883132 6.19682116714 6.18015800822 6.16813167745
11836800.0 272.1207642603 271.787877422 271.3253599574 270.5920383313 269.5548876156 268.8178198932 268.1310598862 5.037061806085 6.325363246225001 6.281122482520001 6.23743860367 6.200293480455 6.18246973049 6.169535395715
11923200.0 272.7744253453 272.2685201093 271.6480079828 270.7836792128 269.6860512749 268.928784228 268.216247279 5.067859110160001 6.404448787600001 6.3098453374200005 6.24686389479 6.20404872529 6.18485106189 6.17099160519
12009600.0 273.2416315618 272.7335710102 272.0662782864 271.0883339599 269.855457175 269.0466396593 268.3031624791 11.752187903475 6.588428196220001 6.36476537871 6.26447176272 6.209227002385 6.18748537976 6.172516770415
12096000.0 273.2344730812 272.809341457 272.2200229919 271.2985295693 270.0381533264 269.1792447606 268.3944097346 8.222627719325 6.65058399685 6.393762434775 6.279078423834999 6.21527903908 6.190588564865 6.174162763355
12182400.0 272.8558208069 272.631776627 272.1920059808 271.3950034839 270.1878185474 269.3117128322 268.4901888704 5.07857017571 6.527480832955 6.387962157495 6.28664531135 6.22064875438 6.19384782377 6.175942256855
12268800.0 272.5784274213 272.3828572198 272.0368808187 271.3730540033 270.277933151 269.42455786 268.5858491812 5.05274553723 6.433540982869999 6.3599167683 6.284869685025001 6.224082513035 6.19676037523 6.17777521077
12355200.0 272.4908515163 272.2779706975 271.9471463762 271.3443272194 270.3375961193 269.5188590029 268.6775404273 5.04842167813 6.406634365125 6.346232486925 6.282594902015 6.226446204669999 6.199297775885 6.179587062215
12441600.0 272.4033413397 272.1973157535 271.8826161487 271.3197803083 270.3802331763 269.5975772785 268.7635502154 5.044932212845 6.389041741885 6.337303674625 6.28069370047 6.2281819744449995 6.201492832045 6.18133805956
12528000.0 272.2877813397 272.1012589968 271.8124414997 271.290853153 270.4108679594 269.6636209096 268.8432141872 5.041215671155 6.37079842877 6.32833699596 6.278501757500001 6.22945407545 6.203391542655 6.183006465255
12614400.0 272.4426740422 272.1959690723 271.8579338369 271.3096896684 270.4454373955 269.7227007231 268.9170302417 5.046415040415 6.388767081425 6.334066671015 6.27992321853 6.230915444255 6.2051363648199995 6.184594273699999
12700800.0 273.2393982896 272.7493771235 272.179405025 271.4303968272 270.4931571432 269.7800005805 268.9878466997 10.089994787495 6.59992351889 6.385435680965 6.289579789299999 6.232979402575 6.20687227759 6.186157110735
12787200.0 273.6693624322 272.9517061673 272.4135926097 271.6289941247 270.5950298068 269.8490062852 269.0552127544 14.592597866935 6.8527198486100005 6.442495439869999 6.3079027986 6.237577530385 6.209022513355 6.187681291595
12873600.0 273.5841799336 273.0333316117 272.5334473197 271.77085116 270.7073755841 269.9304175885 269.1233867148 14.06079338839 7.111686419705 6.48359442098 6.323348820214999 6.24297835839 6.21164771564 6.189262548395
12960000.0 273.2484778993 273.0568474924 272.5979646755 271.8683667698 270.8102030406 270.0171951565 269.1940026301 13.777255564159999 7.243332795745 6.5110720802549995 6.335423502895001 6.2482588654799995 6.21455791829 6.19094337413
13046400.0 274.0448955841 273.0940240829 272.643131913 271.9387934126 270.8992837427 270.1023807687 269.2662764578 13.566622582714999 7.53966737507 6.533356473314999 6.345036639770001 6.25312306021 6.2175348301949995 6.192710936245001
13132800.0 273.3929823388 273.1143406626 272.6840786435 271.9991659248 270.9774060179 270.1829434853 269.3387253755 13.411177004045 7.770236744205 6.556298952465001 6.353970521925 6.257632877265 6.22046737558 6.19453302615
13219200.0 273.2427383069 273.1115184963 272.7066736169 272.0468791056 271.0471777229 270.2588634903 269.4102477915 12.994266061675 7.73416278658 6.570298841704999 6.361544048525 6.261871331515 6.223342395735 6.19638352647
13305600.0 273.2407969326 273.0980533006 272.7168032978 272.0834863756 271.1093547235 270.3302868515 269.4803701863 11.027962109525 7.580493232225 6.576927957445 6.36769612522 6.265830199940001 6.226152485665 6.198250097795
13392000.0 273.2371724148 273.0845085098 272.7198885185 272.1103503176 271.1630850294 270.3960939143 269.5482166364 9.051513124745 7.451141915835 6.578993383305 6.3724160336099995 6.26939990947 6.228837809034999 6.200107746955
13478400.0 273.2230449641 273.0730794939 272.7210801143 272.1312897356 271.2092856437 270.4558104014 269.6129059875 6.662892310565 7.35740182907 6.57979706605 6.37622378857 6.2725871862249996 6.231359287175 6.201928519755
13564800.0 273.1588612234 273.0428962673 272.7118718017 272.1453262982 271.2498692779 270.5109307689 269.6748706597 5.38548993744 7.160262311195 6.573671946565001 6.37884266522 6.275482348215 6.23376226882 6.20372008
13651200.0 273.0160417984 272.9334489069 272.6566416166 272.1368548369 271.2810695276 270.5605937061 269.7338700656 5.12596252911 6.815982975275 6.54060944074 6.3772555860799995 6.277771950255 6.235992732875 6.205471027785
13737600.0 272.8568801573 272.7649396098 272.5479201088 272.0953105668 271.2977542202 270.6028893288 269.7893913062 5.078740424405 6.611926338930001 6.489372024164999 6.369751372420001 6.279020015474999 6.23794353826 6.207160703755
13824000.0 272.7636514179 272.6495262557 272.4487624788 272.0416110339 271.3017068375 270.6370407967 269.840881518 5.06671730143 6.536752799535001 6.45345568718 6.36068389418 6.27931815664 6.23955452523 6.20876557138
13910400.0 272.7128419433 272.5831731588 272.3805193876 271.9943419616 271.2988583879 270.6640933939 269.8880758211 5.061950331839999 6.50435991914 6.432881920569999 6.35323103151 6.27910320538 6.24085414473 6.210269806165
13996800.0 272.6833229781 272.5439596941 272.336595675 271.9589435206 271.29433235 270.6860129102 269.9311068334 5.059568583125 6.4877704582749995 6.421032493745001 6.347942801385 6.27876267767 6.2419228308250005 6.211670086700001
14083200.0 272.6657965308 272.5202267922 272.3087648153 271.9345586648 271.2910262156 270.7047412456 269.9704116074 5.058265384635 6.478491744265 6.414009684289999 6.3444350893450006 6.278514718905 6.24284729395 6.21297388019
14169600.0 272.654443557 272.5051919462 272.2910398338 271.9186704045 271.2900711501 270.7217478035 270.0065674391 5.0574607952949995 6.472880600649999 6.409716009429999 6.34220587728 6.278443212489999 6.2436960175500005 6.21419475509
14256000.0 272.7466150423 272.5628715444 272.3196958621 271.9259983051 271.2958140704 270.7390511695 270.0403279726 5.065012140735 6.495563660895 6.41672587867 6.343228629165 6.27887402129 6.244568755445 6.21535392361
14342400.0 274.0870300953 272.9587944743 272.5329871672 271.9976449134 271.3113695506 270.7574149093 270.0729523339 12.833721733065001 6.86838162832 6.483414067399999 6.3537368569799995 6.280051047535 6.245505313915 6.216492163285
14428800.0 274.2398069809 273.1101288246 272.6958361973 272.1217690667 271.3610963932 270.7845604221 270.1046789864 12.795490791265 7.7169343244699995 6.5634535901649995 6.3744780721600005 6.283916143505 6.246909675645 6.2176165843549995
14515200.0 274.4875712937 273.2067426593 272.7922925707 272.2173273626 271.4242612944 270.8234246375 270.1379628748 12.779476417649999 11.54803654613 6.634891118984999 6.3931930256700005 6.28906462779 6.248962931555 6.21881524395
14601600.0 275.026303032 273.2376158414 272.8685309464 272.2928694647 271.4865575423 270.8691593161 270.1742298419 12.757403635505 24.868264354375 6.715726207995 6.410153043575 6.294426928040001 6.25144607474 6.2201441672349995
14688000.0 274.4998332022 273.5378504259 272.9313675543 272.3597924264 271.5460074473 270.9175506395 270.2132025297 12.721001716595001 28.40822944206 6.81208972452 6.427167261159999 6.299832881205 6.25415611939 6.221599594445
14774400.0 274.9251593668 273.6875295834 272.9788679081 272.413946018 271.6011230048 270.9664305812 270.2541467365 12.674601106274999 28.091783291490003 6.91789862162 6.442601652264999 6.30512027498 6.256984496324999 6.223160194395
14860800.0 275.6708842918 273.9288966816 273.0393713787 272.4679991316 271.6535442938 271.014825488 270.2960749969 12.623127392065001 27.873705242059998 7.141628752435 6.459806093085 6.31041789944 6.25987996821 6.22479298908
14947200.0 276.1571782219 274.5566040823 273.0871640817 272.5174144964 271.7038571374 271.0625079493 270.3386628082 12.56735420278 27.315270603629997 7.4748065669849995 6.477426978235 6.31577103686 6.262830748655 6.226488731325
15033600.0 275.5016430738 274.3114834199 273.170728501 272.5731747118 271.7532794666 271.1094696682 270.3815315254 12.509964024270001 26.900066707694997 9.029183920854999 6.49996976967 6.321308609315 6.265837460449999 6.228235033324999
15120000.0 275.9252581569 274.4923577637 273.2086138525 272.6239865132 271.8027898869 271.1561975728 270.4244945215 12.452564749445 26.555536381880003 11.79833024481 6.523560454500001 6.327158865224999 6.26893404394 6.23002636062
15206400.0 276.4729551052 275.1017269327 273.2316259507 272.6642000797 271.8494637881 271.2023096616 270.4674535135 12.39467898712 26.215919986434997 18.95802718255 6.5447987106 6.33297714758 6.272098436385 6.231860387959999
15292800.0 276.7626089179 275.2988879182 273.2379015453 272.7168325556 271.8951279044 271.247355163 270.5102154855 12.33722756052 25.910106114605004 25.277154242654998 6.576947440604999 6.3389809091 6.275300073055 6.233730296965001
15379200.0 275.5234187921 274.6607534881 273.2399361015 272.7678276511 271.9420477428 271.2922185458 270.5527451349 12.281605648445 25.642974593695 28.714187085269998 6.61423407264 6.3455010688849995 6.278603829565001 6.23563567483
15465600.0 276.4651266897 275.1194111963 273.2710735341 272.8040954304 271.9862829939 271.3365081694 270.5950425133 12.227517259225 25.401741253350004 31.925353463950003 6.645631832505 6.352005903709999 6.281984875765 6.237577648639999
15552000.0 278.0969298264 276.375170483 274.1012205028 272.8351938777 272.0265643194 271.37933345 270.6369529865 12.173270314315001 25.173103333065 30.791429172735 6.676770007049999 6.358260521775 6.28537405455 6.23955002567
15638400.0 278.1222679303 276.5512118173 274.2378542576 272.8943253845 272.0684705691 271.4211971849 270.6783376065 12.118949918485 24.958016808155 30.351473251779996 6.75096220546 6.365134859149999 6.288808142134999 6.24154668605
15724800.0 275.8147950314 275.1554184475 273.8750503529 272.945720081 272.1134502659 271.4635796723 270.7193171889 12.068425223275 24.76749423208 29.920915491880002 6.840133384215 6.372972462315 6.292414252155 6.243573850065
15811200.0 276.5203018002 275.4223550805 273.9177779297 272.9792919707 272.1558550915 271.5056809488 270.7600752716 12.019678410374999 24.58690994302 29.479520142345 6.9190379894700005 6.38084337918 6.2961336145999995 6.2456415647600005
15897600.0 276.104013791 275.2245327633 273.8837177771 273.0016660505 272.1926112336 271.5459424406 270.8002931759 11.972619531265 24.42086553982 29.032259674674997 6.9859153548699995 6.388084763955 6.299826571800001 6.24773439543
15984000.0 277.2137853347 276.0071073842 274.4050567225 273.0203201376 272.225389822 271.5840946824 270.8397687135 11.926063056345 24.2617139204 28.614832932395 7.054442971379999 6.39490349811 6.303456698060001 6.24984152428
16070400.0 279.0421679061 277.3402591593 275.1381982872 273.0524908575 272.2573860882 271.6208162721 270.8785309118 11.87958641384 24.106592447395002 28.234842415705003 7.215908205224999 6.40191856219 6.3070782509450005 6.25196380745
16156800.0 278.3991763453 277.1401535893 275.192240236 273.1263633141 272.2959988459 271.6577107042 270.9165790287 11.83278753639 23.958535215265 27.9082938126 7.942363689015 6.410903795105 6.31085066462 6.25410050697
16243200.0 274.515077078 274.6078460909 274.1250617596 273.16947351 272.3369302952 271.6956544869 270.9542538524 11.790138043805 23.8248605521 27.624227577354997 8.981989637715 6.421119118935 6.314879165584999 6.256270741305
16329600.0 277.0726604661 275.9283763272 274.5254460264 273.1929625018 272.3736548134 271.7332343218 270.9916317429 11.748822866574999 23.698113277045 27.372297917104998 10.20922844749 6.430963950995 6.319027510680001 6.258479791095
16416000.0 277.9579528103 276.664175578 274.9175213813 273.2094318229 272.406106637 271.7693416156 271.0285510696 11.707707537960001 23.575492900995 27.137183604409998 11.91496259974 6.440263438710001 6.32317182217 6.26071881216
16502400.0 279.1437557764 277.5368991655 275.3635684591 273.2204769811 272.4352892086 271.803963301 271.0649740754 11.666874507860001 23.455742514275 26.911573989175004 14.11739920022 6.44916139842 6.327301231104999 6.262985763794999
16588800.0 280.7843230385 278.8931100371 276.4094383896 273.231784696 272.4625351624 271.8365287734 271.1004061655 11.625942033760001 23.339018963690002 26.693766605965003 19.068021881219998 6.457975250655 6.33133348591 6.265248783754999
16675200.0 279.4523651251 278.2532004161 276.3527491137 273.2366963352 272.4976893185 271.8698231052 271.1352655862 11.58448723285 23.226792604005002 26.485827187775 23.65433559929 6.470153390369999 6.3356140525899995 6.2675332431249995
16761600.0 280.4207231295 278.8508649972 276.6669609162 273.2393168993 272.5425584376 271.9058365496 271.170098692 11.5453020085 23.11961933336 26.289402169565 27.56103973725 6.487207554105 6.34043632676 6.269875987655
16848000.0 280.887382976 279.2643147968 276.957120705 273.2409292555 272.585972478 271.9431665673 271.2050936789 11.506206701085 23.015201700005 26.10177398359 30.79212372581 6.505609922235001 6.345661033980001 6.27229272303
16934400.0 281.5336019921 279.7694286501 277.2835475904 273.2420017272 272.62283882 271.9801477464 271.2402541893 11.46779198874 22.91424413022 25.924395242865 33.38709075713 6.522990233674999 6.351081602744999 6.274787493445
17020800.0 281.940968369 280.1364162783 277.5525911358 273.2428004712 272.6530589016 272.0151490381 271.2752294447 11.429714088055 22.81634957459 25.756255024519998 35.568524698249995 6.53865719741 6.35645416186 6.27733843473
17107200.0 281.3116680026 279.8683528727 277.6906504738 274.0806179624 272.6809046068 272.0478665227 271.3095380254 11.392014887875 22.7223050233 25.596551010189998 34.67732006793 6.554413766130001 6.3617058827249995 6.27991108162
17193600.0 281.9062139258 280.3237707692 278.0940805831 274.5285656204 272.7202944632 272.0818242094 271.3434952638 11.356079007405 22.63198111322 25.443782555385003 34.13963332899 6.579266800975001 6.367409922615 6.282529220975
17280000.0 281.7838416666 280.3437030354 278.2291133987 274.6675081209 272.7763124564 272.1202296661 271.3778454358 11.32037633809 22.544237744275 25.297820854559998 33.09546677217 6.621168064205 6.374198082745 6.285253861545
17366400.0 282.2835290421 280.7137910534 278.4816863521 274.7842928653 272.8295235808 272.1610848829 271.4129281683 11.28588834527 22.45956976042 25.158670614560002 32.2905031553 6.670756240425001 6.381849016975 6.288119626405001
17452800.0 281.5816136697 280.2985821973 278.3212958813 274.8049621055 272.8692860285 272.2005933522 271.4483986066 11.25147786365 22.377376684505 25.025883656024998 31.62608502217 6.71668814727 6.389712660285 6.29110671043
17539200.0 279.0085198888 278.4687071022 277.2825513508 274.5854269336 272.8977419972 272.2366663956 271.4836057365 11.218376618925 22.299632982215 24.90047612679 31.056636281139998 6.756030576400001 6.39733374129 6.29416545083
17625600.0 278.1633369579 277.5990525698 276.5776073247 274.3693700304 272.9190295411 272.2688860953 271.5179596813 11.18856281941 22.22788082551 24.783269004215 30.558241165795003 6.790102250805 6.404532771815 6.29724498538
17712000.0 280.3193870787 278.9298391757 277.1624340728 274.463131559 272.9349351725 272.2974105219 271.5510456614 11.160221015035 22.15852010519 24.671642998830002 30.15368501244 6.818797613765 6.4112438141200006 6.300304201135
17798400.0 276.3515287101 276.3733117537 275.8652619614 274.1850810712 272.948169296 272.3228619324 271.5826564899 11.131337512684999 22.091754643145002 24.56527814616 29.850221948875 6.845215437674999 6.417522636735 6.303317057205001
17884800.0 277.3532722696 276.6995398495 275.8007548402 274.2122660824 272.9567060856 272.345280561 271.6126621451 11.105157528909999 22.028997198195 24.46465595958 29.608470622875 6.863677874985 6.423298271105001 6.306262476005001
17971200.0 278.6673330963 277.6631852457 276.3893165862 274.5644290302 272.9636486422 272.36519052 271.6410373629 11.07909769502 21.966974830665002 24.36720374902 29.405577012755003 6.87961874111 6.428633750845 6.309128294955
18057600.0 279.86753303 278.6722145886 277.1293972209 274.9309321251 272.9710210494 272.383356066 271.6678745222 11.0529350148 21.905318723085 24.27222422598 29.231626111589996 6.897552024985 6.433682003565 6.311914163359999
18144000.0 280.5281653041 279.3252207951 277.6965620821 275.2419569092 272.979983774 272.4005355341 271.6933581258 11.02649871382 21.84401560278 24.179560854785002 29.07889946817 6.92090586221 6.43862412076 6.314630479445
18230400.0 278.6925105934 278.1830933316 277.1958952558 275.1896322441 272.9923612166 272.4175858987 271.7177545039 10.99968007389 21.783780928305 24.08967928267 28.941305665189997 6.956375860835 6.4437000416700005 6.31729854479
18316800.0 277.2458647978 277.0124842704 276.4202485791 274.9184738817 273.0089819166 272.4352702361 271.7413807158 10.97499056945 21.727266512745 24.004273565205 28.815251182795 7.01116564902 6.449155437155 6.3199481761400005
18403200.0 279.8911714425 278.6543986992 277.1747173381 275.0720835378 273.0329207316 272.4546476313 271.7646302834 10.951739029479999 21.672544813200002 23.922460798415 28.697468707770003 7.1097340603350005 6.455370490235 6.3226214644750005
18489600.0 278.9871720644 278.2649610526 277.1236025626 275.12151667 273.0654749927 272.4766958637 271.7879507635 10.92709608995 21.61768485168 23.84264216275 28.581606044590004 7.301463365165 6.462765992605 6.325371381575
18576000.0 280.5947958244 279.3485628564 277.7415862561 275.3435671652 273.1086614103 272.5023619767 271.8118251436 10.90395675739 21.564480981990002 23.765405416835 28.460379505115004 7.699109752455 6.471846339565 6.328260758725
18662400.0 281.1487438412 279.9143809663 278.2194144352 275.5867689997 273.1548487701 272.5310211411 271.8365537453 10.880136399480001 21.51126493601 23.6898312282 28.32077821472 8.523761867655 6.482645763805 6.331336199235
18748800.0 278.2792407383 278.0259069234 277.2611272257 275.3618856402 273.187595035 272.5596545267 271.8619493059 10.85555764824 21.45856528499 23.61596714492 28.149294823229997 9.847457600775 6.494211603235001 6.334586329845
18835200.0 279.0475130579 278.2759741313 277.1881400827 275.2580809768 273.2057247258 272.5858572925 271.887484699 10.83376559246 21.40951442016 23.54580081698 27.950377213235 11.42072582247 6.50555830403 6.33795274595
18921600.0 278.0104837856 277.5624436417 276.753390039 275.0863778923 273.2162700046 272.608991633 271.9126246357 10.811869309075 21.36155906835 23.478006055035 27.745379824515 13.109862387655 6.5162540434750005 6.34136832034
19008000.0 278.8261952239 278.0125295804 276.9065969246 275.08281657 273.2179621878 272.6286589935 271.9369055924 10.79109163584 21.315270757825 23.41265378406 27.545397722460002 13.483634277119998 6.525901338675 6.34476748954
19094400.0 278.0449085873 277.5242631604 276.657068229 275.0057491816 273.2160125006 272.6453976237 271.9600477727 10.770152211785 21.269716227725 23.349050905134998 27.355756520885 13.05616804878 6.53455250819 6.348103605985001
19180800.0 277.2153715928 276.8685558956 276.2207185977 274.834681713 273.2139194655 272.6596984925 271.9819297806 10.750088776935 21.225873504955 23.287598097994998 27.178630566515 12.648300074655 6.542292041125 6.351348827470001
19267200.0 278.3000491632 277.5130720871 276.4865859274 274.8678679385 273.2116695267 272.6720148787 272.0025284046 10.730780572159999 21.1831996928 23.22806339617 27.01828448284 12.259214644305 6.549234117925 6.354488158075
19353600.0 279.6379857072 278.5395811651 277.1375458935 275.1066502167 273.2092461458 272.6827247947 272.0218820781 10.711527047225001 21.140791385525002 23.169685175765 26.879911818535003 11.88793386522 6.5554924989300005 6.35751576178
19440000.0 279.2390647572 278.4357752786 277.2359892307 275.2274143382 273.2066325527 272.6921252762 272.040061979 10.691541918515 21.098198652725 23.11203530269 26.758258295185 11.533810784225 6.561165701635 6.360431579765
19526400.0 280.9720475394 279.6570340415 277.976172162 275.5197383189 273.2038148763 272.7004436871 272.0571527291 10.67276178921 21.05679173011 23.055708220735 26.64955820811 11.19676555432 6.56633356694 6.36323880396
19612800.0 280.9610163395 279.864139199 278.2978098111 275.7957689371 273.203709866 272.7081138238 272.0732725692 10.652804860865 21.01471018423 22.99976753834 26.551939112764998 11.18500255539 6.571227429225 6.365947574065
19699200.0 280.7055039032 279.7770555655 278.3969382247 276.0923096316 273.2100549987 272.7157996001 272.0885988493 10.632996325285001 20.97308457969 22.944487289395 26.466171353079996 12.006919412535 6.576260774384999 6.36858001572
19785600.0 281.6900004584 280.4972872276 278.893428173 276.4335036473 273.2167000494 272.7234176028 272.1032718315 10.614202976845 20.932741547219997 22.890424054005003 26.38925997578 13.201280050700001 6.581383377565 6.371154230945001
19872000.0 279.2645101609 279.0197749006 278.272495229 276.4201464148 273.2219915671 272.7309821028 272.1174966964 10.593365535505 20.8907440631 22.83585570367 26.316084094894997 14.553288860535 6.586607616579999 6.3737020358650005
19958400.0 280.1429981544 279.2857233194 278.1544045385 276.2818505562 273.2257957763 272.7384692253 272.1312242828 10.575647520175 20.852429716925 22.783701567085 26.247882459615003 15.88433782477 6.5919196184099995 6.376211200695001
20044800.0 278.4714282654 278.2271969203 277.5996461964 276.080129788 273.228554784 272.7458993961 272.1445043837 10.55691357611 20.813973613315 22.73270000131 26.184336924335 17.137601106215 6.59733650018 6.37868731271
20131200.0 278.2731969288 277.8759192989 277.2156273004 275.8370305781 273.2305402344 272.7534602724 272.1573854581 10.53984307964 20.777848770315 22.68388638719 26.12517367214 18.25158167533 6.603004229975 6.381136347160001
20217600.0 278.8304602162 278.1804857868 277.2845429211 275.7683168361 273.232116168 272.7613413468 272.1700091467 10.523302569690001 20.74275639483 22.636633405010002 26.069176613154998 19.303650579830002 6.60908715884 6.38358314491
20304000.0 278.8138092059 278.1994300614 277.2997574897 275.7504142808 273.2334445345 272.7698362902 272.1824770698 10.50670043485 20.708000335905 22.590339622685 26.015242118125 20.336765850979997 6.615854588365 6.38604660633
20390400.0 276.8969775853 276.8532668279 276.5130570596 275.4552200405 273.2344927629 272.7791535628 272.1949009452 10.490222997824999 20.67394495988 22.54500312717 25.962233479905 21.267800053360002 6.62354290161 6.38854919361
20476800.0 278.0141061795 277.415139277 276.6452345399 275.384102314 273.2353766627 272.7894464401 272.2073918003 10.474951480955 20.641464273715 22.501356056155 25.909922741149998 22.14747628439 6.6323803602049995 6.391114989429999
20563200.0 276.4211997675 276.3553894238 276.0418302631 275.1373110558 273.2360944952 272.8006665275 272.2200354118 10.459489692635 20.60941784705 22.458619697634997 25.857025889844998 22.935685747599997 6.64245546403 6.39376463495
20649600.0 275.5747779494 275.5838189517 275.4360689926 274.8131360886 273.2366436422 272.8125849778 272.2328726288 10.44504901705 20.578954077275 22.417429473125 25.80310255691 23.5891448581 6.653703440225001 6.396510719249999
20736000.0 276.7632580455 276.2661082068 275.6707876617 274.7701254564 273.2371188157 272.8250611286 272.2459144299 10.43077279489 20.54886128395 22.377284500945 25.747600963674998 24.193623849439998 6.666134589015001 6.39936025025
20822400.0 276.3736624578 276.0755596691 275.5989863465 274.7297922611 273.2375553196 272.8379227299 272.2591473843 10.41650417663 20.5191258133 22.337853651215 25.689331214875 24.783667397610003 6.679722402685 6.4023152717450005
20908800.0 276.7197080647 276.2911830238 275.7047651514 274.7524200595 273.2379799226 272.851005514 272.272540219 10.402488476775 20.489813032585 22.299140895249998 25.62724617103 25.392147992554996 6.6944338656 6.405373805340001
20995200.0 276.8441452107 276.4109759251 275.7990493267 274.7975150406 273.2384056339 272.8643487767 272.2860700632 10.38855648366 20.46081014693 22.261044325914998 25.561768026280003 26.03905296417 6.710467570515 6.40853556768
21081600.0 276.0580582477 275.8809828596 275.5132825663 274.7101385117 273.238806432 272.8779463043 272.2997207431 10.37485230574 20.43240123972 22.223670167525 25.494360679045 26.684327395809998 6.728005737959999 6.41180174768
21168000.0 275.9390369255 275.7137335547 275.3470679896 274.6126643419 273.239173328 272.891553756 272.3134558754 10.361542522295 20.40468363186 22.187147302714997 25.426190930464998 27.30797461785 6.746924686364999 6.415168499625
21254400.0 273.9672836341 274.3223322663 274.5266715086 274.3002438648 273.2394807025 272.9031095497 272.3271044845 10.31097640462 20.378141020575 22.151505791095 25.35792848665 27.8561773435 6.7642045378499995 6.418597200555
21340800.0 273.446451814 273.6593902673 273.8673480763 273.8878842043 273.239669445 272.9091571915 272.3401097643 9.93021663689 20.352837027745 22.117296647905 25.290570663855 28.204974145959998 6.773739603799999 6.42194460733
21427200.0 273.2358296754 273.3827735911 273.5336187623 273.5980858985 273.2397487806 272.9122056439 272.3520564606 8.59590126617 20.32785622225 22.08404491973 25.22474549726 28.354435807884997 6.778683282275 6.425091390145001
21513600.0 273.218383494 273.2865365911 273.3684634086 273.421931616 273.2397489203 272.9134123215 272.3628306414 6.3732363345500005 20.299678010655 22.051495647695 25.160668163045003 28.3547003929 6.7806664985500005 6.42799055204
21600000.0 273.2036796023 273.249478978 273.2923824868 273.3265314622 273.2396983331 272.9134197143 272.3724901445 5.868411970695 20.254432032665 22.01950598741 25.10100669048 28.25919700787 6.780678695535 6.430640841915
21686400.0 273.187355209 273.238050997 273.2622194339 273.2833108546 273.2396117549 272.9125575931 272.3809249052 5.604496033285001 20.177425403704998 21.98809165535 25.049482988014997 28.09735427734 6.779260161005 6.432995818585
21772800.0 273.2414442148 273.2340735924 273.2448725873 273.2556961422 273.2395122973 272.9113500644 272.3888258345 11.57622714339 20.084277111095002 21.95690823774 25.001256951895 27.913904866080003 6.777286230560001 6.435237163955001
21859200.0 276.1306043979 275.2312484938 274.3272129791 273.576921495 273.2394215464 272.9097458535 272.3958401587 11.703691511519999 20.0008499724 21.9252735384 24.95859789133 27.748785571169996 6.77468690241 6.437256441055
21945600.0 277.2446457799 276.404474848 275.3783105722 274.1794163381 273.2394547157 272.9080168687 272.4021394497 11.607947834560001 19.931832768739998 21.89348204306 24.920242320785 27.808887404049997 6.771914393645 6.439094035585
22032000.0 276.0164778151 275.7642960603 275.2708313074 274.3750020732 273.2396141039 272.9063553194 272.4077972579 11.539887812929999 19.878457579164998 21.861526296850002 24.8852749002 28.10171899281 6.76927787684 6.440764403705
22118400.0 274.5316635043 274.6604547434 274.6299366931 274.2103693471 273.2397657229 272.9048268502 272.4130468146 11.484250935355 19.835549161135 21.830046229380002 24.85253042354 28.386572868690003 6.766876234990001 6.4423314159050005
22204800.0 275.0497371349 274.8523703624 274.5967608317 274.1314975948 273.239894082 272.9034777927 272.4179656633 11.434013433305 19.79863517443 21.798792535645 24.822006043895 28.632634102729998 6.76477508126 6.44381498143
22291200.0 275.1495420192 274.9320307348 274.6269335204 274.1141107192 273.2400080973 272.9023390419 272.4226197162 11.38763354032 19.766005721855002 21.76766652297 24.79349721795 28.85504640334 6.76301485831 6.445232515644999
22377600.0 274.6975453272 274.6214536128 274.4473449211 274.0407661996 273.2401022035 272.9014277928 272.4270644509 11.344637113354999 19.737519337080002 21.736830693215 24.76680268861 29.04139330958 6.761615016955 6.44659905495
22464000.0 273.908425754 274.0127489211 274.0438726772 273.8601482512 273.2401563042 272.9007506166 272.431346022 11.304873995645 19.71287751411 21.706518177110002 24.741833739695 29.149671334635002 6.760579729235 6.447927400335001
22550400.0 273.4960447861 273.6138615088 273.7054719349 273.661019753 273.2401605789 272.9003061481 272.4355023308 11.26743525185 19.69120212452 21.67669310422 24.718587778779998 29.158262668610003 6.759902502545 6.44922828945
22636800.0 273.9236234557 273.8327932628 273.7405690861 273.5950039583 273.2401349358 272.9000864649 272.439563991 11.230955110050001 19.671367982115 21.646945045495 24.696994776449998 29.106803147725003 6.759568443619999 6.450510569545
22723200.0 274.362351064 274.1614983865 273.9310956528 273.6409181305 273.2401066448 272.9000783167 272.4435552 11.195468801739999 19.653344454950002 21.61725068442 24.676895620765 29.050250185215 6.75955606172 6.451781368384999
22809600.0 275.022730775 274.6797394179 274.278920796 273.7894062101 273.2401037191 272.9002643869 272.447494545 11.16064957983 19.636817652925 21.587538450474998 24.65808420998 29.044415011465002 6.759838964885 6.453046264879999
22896000.0 275.9253413108 275.4090983333 274.796283152 274.0421081607 273.2401542174 272.9006243156 272.4513936151 11.126292716505 19.621598173315 21.55776388778 24.640319129439998 29.145478922219997 6.760387103109999 6.454308767194999
22982400.0 275.2686184238 275.0792621455 274.7376863268 274.1212205194 273.240237108 272.901137395 272.4552591095 11.09337508812 19.607808229845 21.528338488895 24.62331554103 29.312972093720003 6.76117053032 6.455570835955
23068800.0 274.3141020438 274.3743081132 274.3226487107 273.9960081301 273.2403086025 272.9017856011 272.4591047183 11.062456412075 19.595373302165 21.49953353686 24.60695656326 29.459051223845 6.762163755095001 6.4568369079000005
23155200.0 273.938367504 273.9956988064 274.0026314764 273.8257977844 273.2403459352 272.9025536477 272.4629335924 11.032912271305 19.583852549895 21.47132276949 24.591324625444997 29.535929305679996 6.763345655649999 6.45810801616
23241600.0 273.3750532063 273.510241918 273.6259009202 273.619054923 273.2403501897 272.9034016451 272.4667483717 10.909158785179999 19.573042053404997 21.4436310841 24.576268155959998 29.54471668859 6.764656995945 6.459385056425
23328000.0 274.0983972612 273.8480290005 273.6417438468 273.4912511408 273.2403134259 272.904336116 272.4705499585 10.646755696675001 19.562232506685 21.416196033695 24.56191388241 29.46896049174 6.76610991508 6.460668364845
23414400.0 274.7347951416 274.4107859433 274.0413831137 273.6321164677 273.2402648914 272.9053796586 272.4743393955 10.65896700233 19.551538581135 21.388831962064998 24.54861651077 29.369560932095002 6.767742249055001 6.46195833582
23500800.0 275.7463231886 275.2239467866 274.6194701994 273.913867296 273.2402778958 272.9065124148 272.4781166711 10.691495003465 19.540808398295002 21.36152507031 24.536191246485 29.39612617208 6.769525997285 6.46325501262
23587200.0 275.363891625 275.103334737 274.6992932798 274.0558503321 273.2403361229 272.9077020505 272.4818805119 10.718334973655 19.53024166645 21.33462792565 24.524209947164998 29.515682964035 6.7714127641 6.464558000009999
23673600.0 273.535083639 273.8175573361 274.0076038979 273.8916145046 273.2403953356 272.9089261318 272.4856305922 10.52276004084 19.520262337525 21.30842225113 24.512419396485 29.638294115975 6.77336872178 6.465867220415
23760000.0 273.2348115274 273.3737151216 273.5304470812 273.5971654296 273.2404120168 272.9101909419 272.4893654319 8.30891053642 19.510250762215 21.282989417255 24.500934811 29.673024464715 6.775405471119999 6.467182184455
23846400.0 273.1463818457 273.2711544585 273.3577899554 273.4172915397 273.2403646145 272.9114975095 272.4930826784 5.33047161324 19.491977107194998 21.25806773876 24.490019631240003 29.574549855215 6.77752645344 6.468502073715
23932800.0 273.1831614505 273.2430986726 273.2861730845 273.3229429378 273.2402767772 272.9128380846 272.4967812905 5.55927235036 19.44635322128 21.23354748542 24.47974135146 29.393838941724997 6.77972083291 6.4698265128450005
24019200.0 273.2392928578 273.235120456 273.254056004 273.2727334569 273.2401671664 272.9142026565 272.5004617712 10.03008551735 19.376953484525 21.209328877719997 24.47000440185 29.17151227356 6.781973683945 6.471155673005
24105600.0 273.7301086786 273.5578417524 273.4030405915 273.2942350265 273.2400436168 272.9155979901 272.5041213499 11.93684869785 19.31234932652 21.18533168116 24.46097086208 28.925083793900004 6.784297633935001 6.472488533475
24192000.0 273.562577489 273.5321672712 273.4663066991 273.3542091371 273.2399284322 272.9170181869 272.5077589696 11.85689563355 19.26474260193 21.161622595755 24.452599845785 28.699256708525 6.786684400305 6.47382467037
24278400.0 273.2359240153 273.2797149759 273.3218090026 273.3263912331 273.2398188192 272.9184516286 272.5113762881 8.624806295725 19.226642021285002 21.13828180051 24.444683344679998 28.487804923889996 6.7891156585050005 6.475164655185001
24364800.0 272.7153046003 273.2339303063 273.2581784692 273.2771535591 273.2397000902 272.9199007344 272.5149701238 5.062160667594999 19.140944953265 21.11519553507 24.437261477975 28.262501344329998 6.79159654091 6.476507263469999
24451200.0 272.2774864932 273.2252177554 273.2405395303 273.2524693871 273.2395687171 272.9213599999 272.5185402738 5.04092320994 15.656295215795 21.09223625661 24.43028840409 28.01764838002 6.794118613215 6.4778523560200005
24537600.0 271.9692993272 273.0235011792 273.2357557748 273.2443088061 273.2394323876 272.9228268005 272.5220856555 5.03413140467 7.067618330965001 21.067110401129998 24.423767641005 27.768396921935 6.796678158824999 6.47919945367
24624000.0 272.0677098237 272.8622720257 273.2342198 273.2421980169 273.2392938977 272.9242989518 272.5256047068 5.03596086623 6.7078989811300005 21.014379447465 24.417699131445 27.520136661515 6.7992720884 6.480547876985001
24710400.0 272.3702960459 272.8728270302 273.2340055198 273.2415728083 273.2391532846 272.92577386 272.5290959637 5.043779795035 6.721251534845001 20.82101833873 24.41205252152 27.27305352506 6.801896451 6.481896962465
24796800.0 272.5970460091 272.9249572615 273.2335410859 273.2412408454 273.2390106502 272.9272498968 272.5325555609 5.053804041 6.80044025681 20.41793253654 24.406775366079998 27.027433011985003 6.804548873709999 6.48324508559
24883200.0 272.3306676454 272.8174398706 273.2326918597 273.240813065 273.2388657903 272.9287224988 272.5359865951 5.042496787749999 6.65845761678 19.73311581062 24.401664791050003 26.783029440325002 6.80722152726 6.484593315895
24969600.0 272.722848005 272.948848827 273.231580591 273.2405838228 273.2387186547 272.9301901642 272.5393885196 5.06281699164 6.846641868599999 18.926927863314997 24.39658438543 26.53987136029 6.809911899845 6.4859413114899995
25056000.0 272.6460846812 272.9323358912 273.2301552859 273.2404505306 273.238569189 272.9316515575 272.542760867 5.056887007075 6.81389408925 18.018869047165 24.391344708295 26.297981295855 6.812617681985 6.4872887524
25142400.0 272.4988043863 272.855758529 273.2280023281 273.2403158729 273.238417335 272.9331055009 272.5461032418 5.048775619795 6.700020046334999 16.8622094698 24.385708803185 26.05737731663 6.815336762825 6.488635339075
25228800.0 272.5037317967 272.8260156401 273.2247346939 273.2401478292 273.2382630316 272.9345509612 272.5494153146 5.048998403825 6.667115119875 15.473549729835002 24.37940540963 25.81807412324 6.81806721715 6.489980791159999
25315200.0 272.7030994827 272.9004738172 273.2209813819 273.2399403089 273.2381062142 272.9359870354 272.5526968177 5.0611364678 6.760157763645 14.25757863754 24.37218707672 25.580083829779998 6.820807289075 6.491324846425001
25401600.0 272.7617625598 272.9359675194 273.2169673675 273.2396957866 273.2379468158 272.9374129368 272.5559475398 5.066522358885 6.820769867119999 13.25930068611 24.363874252189998 25.343416533645 6.82355537522 6.492667259859999
25488000.0 272.7588016807 272.9417399231 273.2125073565 273.2394156781 273.2377847665 272.9388279816 272.5591673218 5.06621981147 6.83206669167 12.398786137445 24.354368255205 25.108080733014997 6.826310008519999 6.494007802755
25574400.0 272.689024029 272.912454025 273.2068159303 273.2390927372 273.2376199938 272.940231577 272.562356053 5.06000950884 6.779090269729999 11.557431028325 24.343641314619997 24.87408362648 6.829069843339999 6.495346261845
25660800.0 272.7866532277 272.945649653 273.2006457826 273.238976293 273.2374524228 272.9416232109 272.5655136667 5.06922022162 6.839988600935 10.86373338587 24.33165199435 24.64143185544 6.831833641905 6.49668243843
25747200.0 272.7132721457 272.9203695218 273.1930223358 273.2389009316 273.2372819762 272.9430024419 272.5686401366 5.06198693863 6.79240413231 10.213644809115 24.317951776915 24.410131356895 6.834600262125 6.49801614743
25833600.0 272.6161398595 272.8675028288 273.1816824056 273.2388209246 273.2371085741 272.9443688912 272.571735473 5.0549504853050005 6.71442264009 9.514661411399999 24.302134499095 24.180187393815 6.837368646689999 6.49934721648
25920000.0 272.4999348137 272.794075357 273.1623325626 273.2387274578 273.2369321336 272.9457222349 272.5747997194 5.04882649115 6.636479149145 8.73915615276 24.283778306755 23.951604667045 6.840137813415 6.500675485125
26006400.0 272.3705804285 272.7033065877 273.1277675109 273.2386133597 273.2367525694 272.9470621979 272.5778329488 5.04378937812 6.568145465955 7.964675380579999 24.2623407654 23.724387423465 6.8429068465250005 6.502000803845
26092800.0 272.1899644169 272.5747281714 273.0689416405 273.2384651879 273.2365697933 272.9483885474 272.5808352612 5.03864221142 6.50064435002 7.326381163700001 24.237000904125 23.49853954007 6.8456748890000005 6.5033230333150005
26179200.0 272.1229947314 272.501274969 273.0107709132 273.2382635432 273.2363837141 272.9497010884 272.5838067802 5.03711007695 6.471450874049999 7.017641180015 24.20678918858 23.27406458748 6.848441135610001 6.504642043485
26265600.0 272.1972189938 272.524198414 272.9912161901 273.2379932612 273.2361942377 272.9509996588 272.5867476506 5.03881846871 6.480007652095001 6.95292135846 24.17122368387 23.050965892015 6.851204826835 6.5059577129349995
26352000.0 271.7709608518 272.2721149563 272.9157917171 273.2375937616 273.236001267 272.9522841254 272.5896580358 5.0310953630099995 6.405275984985 6.784621930145001 24.129675108165 22.829246526 6.853965243325 6.507269928135
26438400.0 271.5304135225 272.0866348137 272.8310075895 273.2370318681 273.2358047021 272.9535543805 272.5925381157 5.02823603408 6.368240027475 6.67231463831 24.080164627000002 22.608909850275 6.8567217009700006 6.50857858274
26524800.0 271.3925224599 271.9597469818 272.7334935102 273.2369478274 273.2356044401 272.9548103385 272.5953880843 5.02688531298 6.3480602088 6.58837345013 23.971730245525 22.389959676009997 6.859473546439999 6.509883576979999
26611200.0 271.1964546514 271.7814856033 272.570946839 273.2367938314 273.2354003753 272.9560519334 272.5982081482 5.02523242658 6.3246026052349995 6.49900707188 23.776135146355003 22.17239984456 6.8622201531950004 6.51118481708
26697600.0 271.1922423017 271.7304285518 272.4786015632 273.2365456791 273.2351923986 272.9572791161 272.6009985247 5.025199843515 6.31871231768 6.463422260205 23.46915287331 21.95623428978 6.864960917875 6.51248221468
26784000.0 270.9792924499 271.5749125489 272.3870833722 273.2361663121 273.2349803976 272.9584918519 272.60375944 5.023686297895 6.302571224125001 6.434740063835 23.018551099325 21.741467092665 6.86769525704 6.513775686344999
26870400.0 270.984061001 271.5566989209 272.3608663912 273.2356403266 273.2347642558 272.9596901191 272.606491128 5.02371756692 6.30083705667 6.42745782361 22.428802962989998 21.528101938765 6.870422604150001 6.51506515307
26956800.0 270.7708581752 271.4087187547 272.2829513131 273.235088281 273.234543849 272.9608739067 272.6091938291 5.02241871455 6.287771827865001 6.407800552585 21.85007649499 21.316138568035 6.873142406674999 6.516350539825
27043200.0 270.6636319487 271.309377516 272.2028106821 273.2343495423 273.2343190539 272.9620432131 272.6118677886 5.02183364748 6.27989948488 6.390168517159999 21.133823810115 21.105581809714998 6.87585412374 6.51763177516
27129600.0 270.4760583528 271.1437724388 272.0568524634 273.2331956575 273.2340897439 272.9631980445 272.6145132559 5.020901582595 6.268100327620001 6.363189463845 20.131578115795 20.896436801025 6.878557223945 6.518908790775001
27216000.0 270.0487017788 270.7958785667 271.7921950538 273.2312772739 273.2338557877 272.9643384139 272.6171304835 5.0191229949650005 6.247502568065 6.32588009106 18.722650196415 20.68870847348 6.881251183294999 6.52018152119
27302400.0 269.1483850278 270.1064703094 271.3501496703 273.2278231412 273.2336170483 272.9654643396 272.619719726 5.016412293535 6.2176809596050004 6.2830515590300005 16.7757434297 20.48240025664 6.883935483205001 6.521449903404999
27388800.0 268.7020435163 269.7046182385 271.0567610104 273.2217658181 273.2333733838 272.9665758444 272.6222812395 5.01540388207 6.204597564355 6.26246998877 14.485398820984999 20.277515508375 6.886609608660001 6.522713876545
27475200.0 268.7712699336 269.7024880033 271.0141104155 273.211350334 273.2331246491 272.9676729546 272.6248152804 5.01554944968 6.204534369485 6.259836686210001 12.207785894125001 20.074058837335 6.88927304655 6.523973381615001
27561600.0 269.1856688919 269.9887797061 271.1632303611 273.193158417 273.2328706964 272.9687556992 272.6273221055 5.016504684315 6.2135918373350005 6.269409760905 10.22372354033 19.872036540605002 6.891925284245 6.525228361170001
27648000.0 269.1410306843 269.985693882 271.1760613515 273.1519160856 273.2326113708 272.9698241091 272.6298019705 5.01639423174 6.213487701585 6.2702838049650005 8.44831557282 19.671453132165002 6.89456580805 6.526478759085
27734400.0 268.8446018038 269.7616838752 271.0204605698 273.0122142024 273.2323465098 272.9708782162 272.6322551302 5.015707723179999 6.20631258128 6.260223733889999 7.022957028995 19.47231152118 6.897194101695001 6.527724520295
27820800.0 267.7125859229 268.8763439759 270.3847595554 272.5669257342 273.2320759319 272.9719180527 272.6346818376 5.0136562492 6.183714113585 6.228368598985 6.49728347854 19.274604862495 6.89980964432 6.528965590535001
27907200.0 266.9965512882 268.2021011939 269.8082456842 272.2121755629 273.2317984088 272.9729455363 272.6370868465 5.012680290795 6.17074718601 6.20774435728 6.392111627025001 19.0775990111 6.902416714539999 6.53020424351
27993600.0 266.0290524767 267.4101646859 269.2394461557 271.9994769543 273.2315134503 272.9739589556 272.6394659078 5.011617933105 6.1585415152900005 6.192049222615 6.354018360785001 18.881151063135 6.90501042473 6.53143813414
28080000.0 265.0010298196 266.5637270893 268.6449187438 271.8149680757 273.2312208601 272.9749577431 272.6418181537 5.01071647756 6.14801567743 6.1789361689249995 6.328647512365 18.685338647835 6.907588694125 6.532666626015001
28166400.0 264.0860887768 265.796785677 268.1012082667 271.6647213137 273.2309201868 272.9759428311 272.6441459667 5.01005510584 6.14009555588 6.169033853985 6.31158356111 18.490077990265 6.910153306654999 6.533890783655
28252800.0 263.7864016924 265.4800354475 267.8318281631 271.5952731335 273.2306110424 272.9769137496 272.6464485377 5.009861256784999 6.13717721983 6.164700823055 6.304545772235 18.2953459336 6.912702423550001 6.53511000849
28339200.0 263.4190130747 265.1823704355 267.6236266857 271.5260002946 273.2302929327 272.977870468 272.6487260845 5.00963677382 6.134595164145 6.1615714037650005 6.2979804619249995 18.101070321345 6.91523532587 6.53632423769
28425600.0 262.7382564076 264.5797869853 267.0729534827 270.8471441724 273.2299650994 272.9788129892 272.6509788867 5.00925478592 6.12978696244 6.15408480341 6.25024173391 17.9070468924 6.917751375665 6.5375334433350005
28512000.0 263.5060759155 264.9563690888 267.0479982681 270.4293476979 273.2296260518 272.9797390409 272.6532027628 5.0096887293300005 6.132729624335 6.153769761965 6.2302318120199995 17.712698188925 6.920243780420001 6.538735181054999
28598400.0 262.6863043402 264.3554491758 266.622578992 270.1554053489 273.2292737471 272.9806505867 272.6554021903 5.009227280665 6.1281247098 6.148680564495 6.21945174679 17.51723634091 6.92271708229 6.539931670345
28684800.0 262.8648047585 264.3995693364 266.56661852 270.0784804867 273.2289045941 272.9815475401 272.6575773486 5.009322716354999 6.12844655429 6.14804813509 6.216687190585 17.31918428194 6.92517036041 6.541122832649999
28771200.0 262.0141173771 263.7770191724 266.1742903751 269.9399825358 273.228510494 272.9824296775 272.6597284018 5.008890132105 6.124118229685 6.14383046752 6.211962739585 17.115006221439998 6.927602301615001 6.542308581844999
28857600.0 262.085173551 263.7399931177 266.0783677002 269.8861131399 273.2280799619 272.9832990252 272.6618594867 5.00892421235 6.123874457805 6.14285311413 6.21020691633 16.90007866731 6.9300178442 6.5434910442700005
28944000.0 262.3373191826 263.9240303148 266.1881812912 269.9334514616 273.2275442901 272.9841525308 272.6639667616 5.00904803948 6.1251005980299995 6.14397367602 6.21174751735 16.64382664116 6.9324078212349995 6.544667934325001
29030400.0 261.9623995627 263.6744482588 266.0372654958 269.7824873269 273.2258916809 272.9849841974 272.6660500804 5.0088655457849995 6.123446442455 6.14244039741 6.20694861609 15.92313439221 6.934754459245 6.545838993345001
29116800.0 261.2369559177 263.0168565306 265.4216856531 269.0705965173 273.2166757998 272.9858408792 272.6681111071 5.0085388949550005 6.11938547458 6.136659318065 6.1880347875399995 13.195706261255 6.93719030163 6.547004986445
29203200.0 261.6378320968 263.158037523 265.3158391037 268.7828529381 273.1870202305 272.9860372666 272.6701058502 5.008715314565 6.12022332979 6.135734681125 6.181738209875 9.81189091774 6.937751386884999 6.54814062626
29289600.0 262.5510544149 263.8024132314 265.6527908504 268.7878540338 272.9871741463 272.9812230163 272.6717016804 5.0091566916 6.12428625791 6.13874591875 6.18184229492 6.940841695385 6.92428049021 6.5490542690749995
29376000.0 262.1835651367 263.5548500032 265.4510973712 268.4550193097 272.0203942252 272.9031561726 272.6679158662 5.008971987795 6.12267681666 6.1369196337 6.175282529045 6.3572091860799995 6.764276703285001 6.546894211480001
29462400.0 262.6412044423 263.789096265 265.4355589253 268.0958104428 271.1846540185 272.5819708835 272.6384735761 5.00920358031 6.12419805628 6.13678192104 6.16894363933 6.27081944502 6.503825895985001 6.5309224189099995
29548800.0 263.8412766737 264.6033110793 265.8023283755 267.9145054406 270.5488171588 272.0866684915 272.5681288929 5.009896002435 6.129965056585 6.14014829946 6.1659950457 6.23541090259 6.3682458296 6.4977973229499995
29635200.0 264.3416249054 265.0442944806 266.0850544429 267.8601130616 270.1267184285 271.6325643435 272.4316161085 5.01022870047 6.133446113155 6.142920598175 6.165140173659999 6.2183646360800005 6.30826453245 6.44801159186
29721600.0 264.7541017205 265.369434208 266.2801965261 267.8293284508 269.8337761756 271.2651080443 272.2459207938 5.010526634790001 6.136200506045 6.144933265375 6.1646621636250005 6.208500405305 6.27659328883 6.39936165568
29808000.0 264.4057935302 265.1345250446 266.1276787966 267.6841344183 269.5889505187 270.9655912947 272.0435413901 5.0102735665800004 6.134193634 6.143353038705 6.162462406915 6.201208444095 6.25693512954 6.360997809740001
29894400.0 265.1519466677 265.6333805621 266.3799080559 267.6846420255 269.4035312613 270.7119130312 271.8419903239 5.010837109945 6.138566966885 6.1459951547500005 6.16246994424 6.196168469325 6.243204120945 6.332024003385
29980800.0 263.758446867 264.6522601655 265.7741188909 267.3723313095 269.1758282225 270.4748274009 271.6461697994 5.00984368168 6.1303380089149995 6.13988048183 6.15802211476 6.190468606875 6.23217993618 6.30965530159
30067200.0 260.5943568175 262.1719545326 264.048680639 266.4597009493 268.7605451874 270.1958320588 271.4487245476 5.00827515064 6.11471508889 6.125952175325001 6.146861986475001 6.1812399597850005 6.220947627975 6.291134591415
30153600.0 260.0097512669 261.355461768 263.132334816 265.6716604059 268.2634147824 269.8675074389 271.2406527984 5.008053389215 6.110689151285 6.12006947198 6.138920553935 6.171780071405 6.209610512415 6.274816170699999
30240000.0 260.1785826075 261.2781570118 262.8113406372 265.1726848643 267.8003290893 269.5190324122 271.0193748305 5.008115780095 6.1103297493049995 6.118196730569999 6.134513588385 6.1641830853199995 6.199302532775 6.260156875469999
30326400.0 260.248220596 261.2446800745 262.6403876412 264.8371571486 267.4033415557 269.1774319757 270.7882085945 5.008141896435 6.11017520222 6.11723467871 6.131776438259999 6.158416106255 6.1905450974 6.247099930695
30412800.0 259.317570185 260.5008645814 262.0630908404 264.3857301733 267.0119661481 268.8411283325 270.5502952663 5.00781050056 6.106902022175 6.114152612704999 6.128345339205 6.153288005319999 6.18296229194 6.235524649995
30499200.0 260.3667013614 261.1315058168 262.2917041252 264.2528346862 266.7078714218 268.5313547175 270.3113320029 5.00818685525 6.1096575437050005 6.11534359347 6.12738546807 6.149630808395 6.1767240925 6.2253960962849995
30585600.0 262.8790834799 263.0220821735 263.4829992602 264.6639684333 266.6077887516 268.2949658207 270.083505839 5.00933046534 6.11941617319 6.12222135376 6.13042769538 6.148483366440001 6.17237118946 6.21686425098
30672000.0 262.9985157236 263.3525979212 263.8993566414 264.9461389559 266.597194211 268.1282905675 269.876293412 5.0093959644399995 6.121407610395 6.1249340834999995 6.1326470111499995 6.148363443615 6.169488679705 6.209891216895
30758400.0 260.8466229824 261.8365300084 263.022520679 264.6346659118 266.4752055842 267.9712861683 269.6868168722 5.008376047275 6.113008264175 6.11941875032 6.13020358399 6.147003279945 6.16690179571 6.204070995275
30844800.0 260.3443188202 261.2666423502 262.4842307136 264.2635332496 266.2693808813 267.7958076916 269.5069483189 5.0081783107249995 6.11027651756 6.116376255905 6.1274619414350004 6.144790998895 6.164146367264999 6.1989716251900004
30931200.0 261.3973527991 261.9288368391 262.7655802615 264.2224988047 266.11012346 267.6238089505 269.33378059 5.008608322465 6.113470299305 6.11793687513 6.12716937695 6.143146330255 6.16157406568 6.194407016495
31017600.0 261.0493292085 261.7282483577 262.6562968681 264.1235805884 265.9676906113 267.4606584905 269.1668394022 5.00845956312 6.112473453725 6.1173232124500005 6.12647235656 6.14172205928 6.159242789065001 6.1902915344950005
31104000.0 261.7549619945 262.2127494054 262.9229507593 264.1732121361 265.8746351224 267.3176595295 269.0079606442 5.008768737015 6.114928036245 6.11883784502 6.12682063811 6.14081425131 6.157280501785 6.1866082981199995
31190400.0 261.6667902269 262.1996288493 262.9480867933 264.1744912614 265.7993872211 267.1925433326 268.8584231362 5.008728440775 6.11485941723 6.118983686805 6.12682965243 6.140092827055 6.155621939675 6.1833302595749995
31276800.0 258.9774549849 260.2109806286 261.6747376859 263.5908432434 265.5735515321 267.0355231687 268.7109134174 5.00769819397 6.1057038902350005 6.112211972135 6.122906912135 6.137992687414999 6.153612997235 6.180260425715
31363200.0 257.882097564 259.1182835018 260.7053599922 262.9254263214 265.2320862203 266.8261006145 268.5555974601 5.00736419598 6.101528435930001 6.107772439505 6.118852184520001 6.13498985787 6.151051079385 6.177189365759999
31449600.0 258.5649045452 259.4143877288 260.6464682419 262.616707872 264.9230146401 266.5953302365 268.3900209519 5.00756765927 6.102610225235 6.107519571835001 6.11710327543 6.13243499542 6.14837160358 6.17408251226
31536000.0 258.5689709016 259.3981460557 260.5614492717 262.4150502655 264.665270625 266.3675053658 268.217196374 5.00756891682 6.102549977285 6.107157671465 6.116001981475 6.13041226865 6.1458617951 6.171008041515
