single point
       alpha_p                      0.009826310434693000    1.000000000000000    0.000000000000000
       alpha_m                      0.001210799339531000    1.000000000000000    0.000000000000000
           n_p                      2.049447245741000    1.000000000000000    0.000000000000000
           n_m                      2.051731543802000    1.000000000000000    0.000000000000000
          wr_p                      0.2150318548235000    1.000000000000000    0.000000000000000
          wr_m                      0.1630293801684000    1.000000000000000    0.000000000000000
         tcs_p                      0.4577897405884200    1.000000000000000    0.000000000000000
         tcs_m                      0.9501230548733600    1.000000000000000    0.000000000000000
         tcd_p                      0.1037773680794100    1.000000000000000    0.000000000000000
         tcd_m                      0.9843573195482500    1.000000000000000    0.000000000000000
          af_p                      1.503433072309800    1.000000000000000    0.000000000000000
          af_m                      1.499388766046000    1.000000000000000    0.000000000000000
         auf_p                      0.4821005944002700    1.000000000000000    0.000000000000000
         auf_m                      0.6987042527973800    1.000000000000000    0.000000000000000
         por_p                      0.5946813158925101    1.000000000000000    0.000000000000000
         por_m                      0.4809535348812100    1.000000000000000    0.000000000000000
        perm_p                      2.290089028190000e-11    1.000000000000000    0.000000000000000
        perm_m                      7.436984491200000e-14    1.000000000000000    0.000000000000000
         den_p                      900.0000000000000    1.000000000000000    0.000000000000000
         den_m                      1900.000000000000    1.000000000000000    0.000000000000000
     albedo_bg                      0.5562986007119231    1.000000000000000    0.000000000000000
          e_bg                      0.5617255431087000    1.000000000000000    0.000000000000000
         pen_w                      0.009713294957300000    1.000000000000000    0.000000000000000
         pen_s                      0.01899480660497000    1.000000000000000    0.000000000000000
          z_bg                      0.05521939192650000    1.000000000000000    0.000000000000000
           z_s                      0.004999998610000000    1.000000000000000    0.000000000000000
