single point
       alpha_p                      0.002500000000000000    1.000000000000000    0.000000000000000
       alpha_m                      0.0004562290000000000    1.000000000000000    0.000000000000000
           n_p                      2.005670142389000    1.000000000000000    0.000000000000000
           n_m                      2.048020845069000    1.000000000000000    0.000000000000000
          wr_p                      0.2349472152828000    1.000000000000000    0.000000000000000
          wr_m                      0.1797954752343000    1.000000000000000    0.000000000000000
         tcs_p                      0.4567256128454200    1.000000000000000    0.000000000000000
         tcs_m                      0.9497493638988200    1.000000000000000    0.000000000000000
         tcd_p                      0.1150742850144500    1.000000000000000    0.000000000000000
         tcd_m                      0.9845117726582600    1.000000000000000    0.000000000000000
          af_p                      1.504214250576700    1.000000000000000    0.000000000000000
          af_m                      1.499432330181100    1.000000000000000    0.000000000000000
         auf_p                      0.4785074716593700    1.000000000000000    0.000000000000000
         auf_m                      0.6988841571991800    1.000000000000000    0.000000000000000
         por_p                      0.6812190696256100    1.000000000000000    0.000000000000000
         por_m                      0.4853343038384100    1.000000000000000    0.000000000000000
        perm_p                      7.185805676520000e-11    1.000000000000000    0.000000000000000
        perm_m                      2.500000000000000e-14    1.000000000000000    0.000000000000000
         den_p                      900.0000000000000    1.000000000000000    0.000000000000000
         den_m                      1900.000000000000    1.000000000000000    0.000000000000000
