single point
       alpha_p                      0.002500000000000000    1.000000000000000    0.000000000000000
       alpha_m                      0.0004562285883600000    1.000000000000000    0.000000000000000
           n_p                      2.024639973911000    1.000000000000000    0.000000000000000
           n_m                      2.048693457741000    1.000000000000000    0.000000000000000
          wr_p                      0.2365141485118000    1.000000000000000    0.000000000000000
          wr_m                      0.1761730600830000    1.000000000000000    0.000000000000000
         tcs_p                      0.4506928082829300    1.000000000000000    0.000000000000000
         tcs_m                      0.9506788503492400    1.000000000000000    0.000000000000000
         tcd_p                      0.1102286319848700    1.000000000000000    0.000000000000000
         tcd_m                      0.9845117726643100    1.000000000000000    0.000000000000000
          af_p                      1.504590989585000    1.000000000000000    0.000000000000000
          af_m                      1.499432324283400    1.000000000000000    0.000000000000000
         auf_p                      0.4812474732038000    1.000000000000000    0.000000000000000
         auf_m                      0.6988841606496500    1.000000000000000    0.000000000000000
         por_p                      0.6645085061953701    1.000000000000000    0.000000000000000
         por_m                      0.4832488688394200    1.000000000000000    0.000000000000000
        perm_p                      1.336655531800000e-11    1.000000000000000    0.000000000000000
        perm_m                      2.500000000000000e-14    1.000000000000000    0.000000000000000
         den_p                      900.0000000000000    1.000000000000000    0.000000000000000
         den_m                      1900.000000000000    1.000000000000000    0.000000000000000
