single point
       alpha_p                      0.002500000000000000    1.000000000000000    0.000000000000000
       alpha_m                      0.0004562285883600000    1.000000000000000    0.000000000000000
           n_p                      2.015081188833000    1.000000000000000    0.000000000000000
           n_m                      2.048383859194000    1.000000000000000    0.000000000000000
          wr_p                      0.2366217755481000    1.000000000000000    0.000000000000000
          wr_m                      0.1782699571637000    1.000000000000000    0.000000000000000
         tcs_p                      0.4538246659245000    1.000000000000000    0.000000000000000
         tcs_m                      0.9502122326334700    1.000000000000000    0.000000000000000
         tcd_p                      0.1128231626698900    1.000000000000000    0.000000000000000
         tcd_m                      0.9845117726643100    1.000000000000000    0.000000000000000
          af_p                      1.504382524938700    1.000000000000000    0.000000000000000
          af_m                      1.499432327171300    1.000000000000000    0.000000000000000
         auf_p                      0.4798398917330100    1.000000000000000    0.000000000000000
         auf_m                      0.6988841606496800    1.000000000000000    0.000000000000000
         por_p                      0.6733161489975900    1.000000000000000    0.000000000000000
         por_m                      0.4842444595331300    1.000000000000000    0.000000000000000
        perm_p                      1.336660000000000e-11    1.000000000000000    0.000000000000000
        perm_m                      2.500000000000000e-14    1.000000000000000    0.000000000000000
         den_p                      900.0000000000000    1.000000000000000    0.000000000000000
         den_m                      1900.000000000000    1.000000000000000    0.000000000000000
