single point
       alpha_p                      0.002500000000000000    1.000000000000000    0.000000000000000
       alpha_m                      0.002342230455092000    1.000000000000000    0.000000000000000
           n_p                      2.049723560701000    1.000000000000000    0.000000000000000
           n_m                      2.049997576350000    1.000000000000000    0.000000000000000
          wr_p                      0.2268017365816000    1.000000000000000    0.000000000000000
          wr_m                      0.1605023645055000    1.000000000000000    0.000000000000000
         tcs_p                      0.4415241207224000    1.000000000000000    0.000000000000000
         tcs_m                      0.9518615367351200    1.000000000000000    0.000000000000000
         tcd_p                      0.1031585371106200    1.000000000000000    0.000000000000000
         tcd_m                      0.9841558302687600    1.000000000000000    0.000000000000000
          af_p                      1.505056950162500    1.000000000000000    0.000000000000000
          af_m                      1.499391932110900    1.000000000000000    0.000000000000000
         auf_p                      0.4859628769414200    1.000000000000000    0.000000000000000
         auf_m                      0.6988824835284300    1.000000000000000    0.000000000000000
         por_p                      0.6381411613445001    1.000000000000000    0.000000000000000
         por_m                      0.4816291072067300    1.000000000000000    0.000000000000000
        perm_p                      9.110925296420000e-11    1.000000000000000    0.000000000000000
        perm_m                      2.500000000000000e-14    1.000000000000000    0.000000000000000
         den_p                      900.0000000000000    1.000000000000000    0.000000000000000
         den_m                      1900.000000000000    1.000000000000000    0.000000000000000
