single point
       alpha_p                      0.002500000000000000    1.000000000000000    0.000000000000000
       alpha_m                      0.003193600000000000    1.000000000000000    0.000000000000000
           n_p                      1.996259452871000    1.000000000000000    0.000000000000000
           n_m                      2.050493188646000    1.000000000000000    0.000000000000000
          wr_p                      0.2321350831597000    1.000000000000000    0.000000000000000
          wr_m                      0.1921524412772000    1.000000000000000    0.000000000000000
         tcs_p                      0.4977970344303800    1.000000000000000    0.000000000000000
         tcs_m                      0.9439403160411700    1.000000000000000    0.000000000000000
         tcd_p                      0.1437365943547000    1.000000000000000    0.000000000000000
         tcd_m                      0.9787848884576500    1.000000000000000    0.000000000000000
          af_p                      1.499978058802300    1.000000000000000    0.000000000000000
          af_m                      1.499656274130900    1.000000000000000    0.000000000000000
         auf_p                      0.4621465122784000    1.000000000000000    0.000000000000000
         auf_m                      0.6987800887134000    1.000000000000000    0.000000000000000
         por_p                      0.6790438777675299    1.000000000000000    0.000000000000000
         por_m                      0.4719373017913500    1.000000000000000    0.000000000000000
        perm_p                      3.454048566760000e-11    1.000000000000000    0.000000000000000
        perm_m                      2.500000000000000e-14    1.000000000000000    0.000000000000000
         den_p                      900.0000000000000    1.000000000000000    0.000000000000000
         den_m                      1900.000000000000    1.000000000000000    0.000000000000000
