single point
       alpha_p                      0.002500000000000000    1.000000000000000    0.000000000000000
       alpha_m                      0.003193600118500000    1.000000000000000    0.000000000000000
           n_p                      2.035377556493000    1.000000000000000    0.000000000000000
           n_m                      2.049024770148000    1.000000000000000    0.000000000000000
          wr_p                      0.2319532848131000    1.000000000000000    0.000000000000000
          wr_m                      0.1663070703429000    1.000000000000000    0.000000000000000
         tcs_p                      0.4563598577759300    1.000000000000000    0.000000000000000
         tcs_m                      0.9495645450859900    1.000000000000000    0.000000000000000
         tcd_p                      0.1141540318613700    1.000000000000000    0.000000000000000
         tcd_m                      0.9824137188075900    1.000000000000000    0.000000000000000
          af_p                      1.503499173510200    1.000000000000000    0.000000000000000
          af_m                      1.499426284232100    1.000000000000000    0.000000000000000
         auf_p                      0.4796611049532600    1.000000000000000    0.000000000000000
         auf_m                      0.6988334124377800    1.000000000000000    0.000000000000000
         por_p                      0.6511522825629300    1.000000000000000    0.000000000000000
         por_m                      0.4830906206834500    1.000000000000000    0.000000000000000
        perm_p                      4.162577115840000e-11    1.000000000000000    0.000000000000000
        perm_m                      2.500000000000000e-14    1.000000000000000    0.000000000000000
         den_p                      900.0000000000000    1.000000000000000    0.000000000000000
         den_m                      1900.000000000000    1.000000000000000    0.000000000000000
