single point
       alpha_p                      0.002500000000000000    1.000000000000000    0.000000000000000
       alpha_m                      0.003193600000000000    1.000000000000000    0.000000000000000
           n_p                      1.971802716630000    1.000000000000000    0.000000000000000
           n_m                      2.052925233409000    1.000000000000000    0.000000000000000
          wr_p                      0.2260330853615000    1.000000000000000    0.000000000000000
          wr_m                      0.2042949821287000    1.000000000000000    0.000000000000000
         tcs_p                      0.5212713051618300    1.000000000000000    0.000000000000000
         tcs_m                      0.9404605924103701    1.000000000000000    0.000000000000000
         tcd_p                      0.1593238574001000    1.000000000000000    0.000000000000000
         tcd_m                      0.9768932293514000    1.000000000000000    0.000000000000000
          af_p                      1.498251424408800    1.000000000000000    0.000000000000000
          af_m                      1.499741880663900    1.000000000000000    0.000000000000000
         auf_p                      0.4521237421581500    1.000000000000000    0.000000000000000
         auf_m                      0.6987730322087700    1.000000000000000    0.000000000000000
         por_p                      0.6944253617166800    1.000000000000000    0.000000000000000
         por_m                      0.4608703903122200    1.000000000000000    0.000000000000000
        perm_p                      1.336660000000000e-11    1.000000000000000    0.000000000000000
        perm_m                      2.500000000000000e-14    1.000000000000000    0.000000000000000
         den_p                      900.0000000000000    1.000000000000000    0.000000000000000
         den_m                      1900.000000000000    1.000000000000000    0.000000000000000
