single point
       alpha_p                      0.007232517059379000    1.000000000000000    0.000000000000000
       alpha_m                      0.002150443289168000    1.000000000000000    0.000000000000000
           n_p                      2.049898382927000    1.000000000000000    0.000000000000000
           n_m                      2.050026911717000    1.000000000000000    0.000000000000000
          wr_p                      0.2252319449339000    1.000000000000000    0.000000000000000
          wr_m                      0.1597168942849000    1.000000000000000    0.000000000000000
         tcs_p                      0.4401382723351800    1.000000000000000    0.000000000000000
         tcs_m                      0.9520234037982100    1.000000000000000    0.000000000000000
         tcd_p                      0.1016172236528600    1.000000000000000    0.000000000000000
         tcd_m                      0.9843457042969600    1.000000000000000    0.000000000000000
          af_p                      1.505103121530000    1.000000000000000    0.000000000000000
          af_m                      1.499389127837600    1.000000000000000    0.000000000000000
         auf_p                      0.4866302816342600    1.000000000000000    0.000000000000000
         auf_m                      0.6988824831675500    1.000000000000000    0.000000000000000
         por_p                      0.6377005920216100    1.000000000000000    0.000000000000000
         por_m                      0.4811010344706600    1.000000000000000    0.000000000000000
        perm_p                      5.435835879280000e-11    1.000000000000000    0.000000000000000
        perm_m                      2.500000000000000e-14    1.000000000000000    0.000000000000000
         den_p                      900.0000000000000    1.000000000000000    0.000000000000000
         den_m                      1900.000000000000    1.000000000000000    0.000000000000000
