single point
       alpha_p                      0.002500000000000000    1.000000000000000    0.000000000000000
       alpha_m                      0.003193600000000000    1.000000000000000    0.000000000000000
           n_p                      1.970914522730000    1.000000000000000    0.000000000000000
           n_m                      2.053031283733000    1.000000000000000    0.000000000000000
          wr_p                      0.2257504844941000    1.000000000000000    0.000000000000000
          wr_m                      0.2047280942243000    1.000000000000000    0.000000000000000
         tcs_p                      0.5221070580396100    1.000000000000000    0.000000000000000
         tcs_m                      0.9403423650653000    1.000000000000000    0.000000000000000
         tcd_p                      0.1598420554653800    1.000000000000000    0.000000000000000
         tcd_m                      0.9768401585693500    1.000000000000000    0.000000000000000
          af_p                      1.498195615353000    1.000000000000000    0.000000000000000
          af_m                      1.499745930463100    1.000000000000000    0.000000000000000
         auf_p                      0.4517925652467000    1.000000000000000    0.000000000000000
         auf_m                      0.6987730320160300    1.000000000000000    0.000000000000000
         por_p                      0.6949745482151600    1.000000000000000    0.000000000000000
         por_m                      0.4604124733767400    1.000000000000000    0.000000000000000
        perm_p                      1.500687065660000e-11    1.000000000000000    0.000000000000000
        perm_m                      2.500000000000000e-14    1.000000000000000    0.000000000000000
         den_p                      900.0000000000000    1.000000000000000    0.000000000000000
         den_m                      1900.000000000000    1.000000000000000    0.000000000000000
