single point
       alpha_p                      0.006779033796392000    1.000000000000000    0.000000000000000
       alpha_m                      0.002071483976789000    1.000000000000000    0.000000000000000
           n_p                      2.049741779482000    1.000000000000000    0.000000000000000
           n_m                      2.050270267883000    1.000000000000000    0.000000000000000
          wr_p                      0.2264812920120000    1.000000000000000    0.000000000000000
          wr_m                      0.1604795477248000    1.000000000000000    0.000000000000000
         tcs_p                      0.4416524438600500    1.000000000000000    0.000000000000000
         tcs_m                      0.9519358559840000    1.000000000000000    0.000000000000000
         tcd_p                      0.1030563946367800    1.000000000000000    0.000000000000000
         tcd_m                      0.9843122040046201    1.000000000000000    0.000000000000000
          af_p                      1.505076027073400    1.000000000000000    0.000000000000000
          af_m                      1.499390139010500    1.000000000000000    0.000000000000000
         auf_p                      0.4859011777285500    1.000000000000000    0.000000000000000
         auf_m                      0.6988840280382800    1.000000000000000    0.000000000000000
         por_p                      0.6380054538747501    1.000000000000000    0.000000000000000
         por_m                      0.4808132089845000    1.000000000000000    0.000000000000000
        perm_p                      1.403891552340000e-11    1.000000000000000    0.000000000000000
        perm_m                      2.500000000000000e-14    1.000000000000000    0.000000000000000
         den_p                      900.0000000000000    1.000000000000000    0.000000000000000
         den_m                      1900.000000000000    1.000000000000000    0.000000000000000
