0.0 270.15 270.15 270.15 270.15 270.15 270.15 270.15 14.298656715789717 14.298656715789717 14.298656715789717 7.673569019633023 7.673569019633023 7.673569017439523 7.67356901393762
86400.0 261.9267403105 265.7681777301 268.4020104443 269.347566439 270.0195874505 270.1335406603 270.147335397 14.298395262223236 14.298443447911593 14.298523301153372 7.673196858526082 7.673494820045809 7.673559268215833 7.67356742820527
172800.0 261.355921769 264.5814516544 267.3629416817 268.5395075578 269.7042697048 270.046731242 270.1219520074 14.298390839651953 14.298423825108689 14.298482894551771 7.672954078835417 7.673339395234263 7.673509602246295 7.673552465704835
259200.0 261.7947044456 264.3709636427 266.861383941 268.0100902876 269.3815893561 269.9165680788 270.0720837041 14.298394198627769 14.298420912003394 14.298468275369393 7.6728365059259165 7.67320775411824 7.673440250381306 7.673523806791365
345600.0 261.9155268516 264.2575739312 266.5499824949 267.6436471318 269.0910762229 269.7640627136 270.0009287245 14.298395170897287 14.298419401339101 14.298460343594678 7.672768548756719 7.673107367827074 7.6733659409892 7.673484524765614
432000.0 260.9275047569 263.6339301331 266.103142559 267.259653911 268.814146936 269.5996658504 269.9131688653 14.298387798857329 14.298411752236301 14.298450216153684 7.672706923996773 7.673024437598814 7.673293157604663 7.673438512599945
518400.0 260.6439154301 263.2634181591 265.7383932112 266.9159674692 268.549907023 269.429080219 269.8129574764 14.298385903671779 14.29840767627402 14.298442876455143 7.672658312066659 7.672954795975325 7.673224596236773 7.673389003792779
604800.0 259.8040733331 262.6683829375 265.305250468 266.5509881578 268.286996304 269.253583874 269.7030389917 14.298380776052438 14.298401748520043 14.298435068596381 7.6726124488184935 7.672893191014605 7.673160476389489 7.673338090202607
691200.0 258.6090016393 261.8416496215 264.7608277591 266.1257541273 268.0096188851 269.0706875576 269.5843929959 14.298374527255367 14.29839457386218 14.29842642608167 7.672565239386489 7.672835210481203 7.673099664686984 7.673286742462929
777600.0 258.2108227693 261.3611724187 264.3249141851 265.7357409488 267.7287552339 268.8806562644 269.457626968 14.298372673385762 14.298390878329078 14.298420293692041 7.672526731738495 7.6727826707472895 7.673042132450203 7.673235615381684
864000.0 255.4377575166 259.7440913488 263.4438726502 265.132091676 267.3985632307 268.6749607367 269.3210055161 14.298362134576436 14.298380435090754 14.298409621533317 7.672474936827808 7.672727686708455 7.672985497128958 7.673184395649103
950400.0 254.4340581205 258.7518853254 262.6918365184 264.5279705829 267.0329019155 268.4495570002 269.172304958 14.298359111431276 14.298375218242494 14.298401969065074 7.672430402624353 7.672673874537528 7.672929264060069 7.673132743109091
1036800.0 255.8339670804 259.111976963 262.5113578985 264.1981997506 266.7044995354 268.2168772854 269.01334126 14.298363427614968 14.298377023874048 14.298400297681642 7.67240846034827 7.6726307758308945 7.672876735635188 7.673081732013984
1123200.0 256.7156328838 259.5442407654 262.5219220039 264.0399362659 266.4397080914 267.9924158162 268.8493419141 14.298366535916093 14.298379321345049 14.298400393909159 7.672398411197087 7.672599099324849 7.672830662301646 7.6730331519762105
1209600.0 256.5972417731 259.5214523484 262.4273959534 263.8881881403 266.2163020682 267.7825050108 268.6854038972 14.298366098682274 14.298379196485753 14.29839953980629 7.672389198923987 7.67257428955222 7.672791147139524 7.672988243627026
1296000.0 256.2305975964 259.2825259228 262.2364885299 263.7006880211 266.0094759679 267.5856339684 268.52423915 14.29836478460971 14.298377912740438 14.298397861156557 7.672378309811312 7.672552756330271 7.672756862099845 7.672947273231392
1382400.0 255.7356803362 258.9267445974 261.9765264352 263.4738308623 265.8038197781 267.3972068121 268.3663905538 14.298363101192262 14.29837608330218 14.298395669971166 7.6723657451145515 7.672532598428192 7.672726299218505 7.672909887159541
1468800.0 256.9431997676 259.4085878327 262.0423670894 263.3991912217 265.6325211788 267.2207759976 268.2131147356 14.298367394837667 14.298378584344384 14.298396214975723 7.672361645010341 7.672516643772939 7.672699486472251 7.672875927917189
1555200.0 255.7634870109 258.8758834788 261.7822694649 263.2079945351 265.4602760086 267.052723389 268.0644588233 14.298363193155607 14.298375829434143 14.29839409976781 7.672351692700272 7.672501360088261 7.672675425577939 7.672844995609031
1641600.0 256.6133862332 259.1492487155 261.7767604904 263.1151268469 265.3075721825 266.8939574337 267.9207477142 14.298366157928134 14.298377216220725 14.298394056036141 7.672346935546518 7.6724883746819925 7.672653911241255 7.672816805224338
1728000.0 257.8406640234 259.8011076864 261.9938592638 263.1612640422 265.2001583652 266.7509623909 267.7839482897 14.298371038932993 14.298380759123228 14.298395812805001 7.6723491622235 7.672479515855868 7.672635470556474 7.672791408012129
1814400.0 259.0516439556 260.5549888927 262.3293805178 263.3117586927 265.1466532677 266.6305323232 267.6571946006 14.298376714718373 14.298385327447615 14.298398670361324 7.672356797134186 7.672475153479254 7.672620583092027 7.67276903286127
1900800.0 259.1778554842 260.801036657 262.5085659074 263.4237713542 265.1204383514 266.5320100479 267.5424081131 14.298377364574401 14.298386942638308 14.298400272281453 7.672362668461018 7.672473015821825 7.672608816925578 7.67274966467702
1987200.0 260.7318991551 261.6667526042 262.9152708685 263.6463706209 265.1360396518 266.4572567954 267.441284708 14.2983864821332 14.29839319188793 14.298404122140619 7.67237476333503 7.672474193202348 7.672600126378447 7.672733263307737
2073600.0 263.2136768662 263.1587362548 263.6498340489 264.0688798128 265.2252599709 266.4145025076 267.3570939136 14.298407152819786 14.29840658086617 14.29841193449939 7.672399437870669 7.672481286693666 7.6725952448397585 7.6727200560164075
2160000.0 262.7683370463 263.3295341396 263.9510714583 264.3434412305 265.3327704539 266.3990057345 267.2908799503 14.298402695529601 14.29840838046797 14.298415509016683 7.672416831515025 7.672490096132361 7.672593491126657 7.672709942142535
2246400.0 264.7292179544 264.4317661534 264.5380728697 264.7288649956 265.4755645308 266.4096846617 267.2430150482 14.298425959483067 14.298421738672783 14.298423212801596 7.672443190673318 7.672502208554376 7.672594698735151 7.672702775760625
2332800.0 262.6905884408 263.7030600665 264.4456772089 264.8119614826 265.5787850165 266.4313847418 267.2099764366 14.298401957298761 14.298412549075607 14.29842192947059 7.672449247023824 7.672511276460522 7.672597164782662 7.672697898262594
2419200.0 260.0970804759 262.2527556994 263.8705423427 264.5718935483 265.5842856026 266.440550249 267.183472059 14.298382487967814 14.298398001835999 14.29841453012463 7.672432292714487 7.672511789936812 7.672598211289143 7.672694025450231
2505600.0 259.8658724854 261.7873301913 263.5315987296 264.3448308186 265.5297748553 266.4278968371 267.1558265732 14.298381130660749 14.298394139974684 14.298410594274507 7.672417082218639 7.672506984102745 7.672596767306941 7.672690023322367
2592000.0 259.9324424225 261.6733205449 263.3662224677 264.191558655 265.4564255904 266.3967189433 267.1231682778 14.298381516456795 14.298393243007006 14.298408775455252 7.6724072315984735 7.672500608266035 7.672593233034409 7.672685344009012
2678400.0 260.2682552772 261.7842521269 263.3353831786 264.119163199 265.3900448597 266.3552392655 267.0852673903 14.298383525136888 14.298394115511465 14.298408443238626 7.67240267488062 7.6724949326128975 7.672588582529987 7.672679978312857
2764800.0 261.9455335201 262.6446485568 263.6560077321 264.2435499353 265.3711325972 266.3172927382 267.0455018996 14.298395415701568 14.29840152636878 14.298412005422326 7.6724104406316735 7.672493312943829 7.672584378864664 7.672674422075608
2851200.0 263.279479945 263.5270228415 264.0962186799 264.4876044913 265.4097610997 266.2947319879 267.0089946978 14.2984078464521 14.298410543085321 14.298417318555469 7.672426430363688 7.672496556688209 7.672581902234475 7.672669386068319
2937600.0 265.6072981026 264.9515058624 264.8183811046 264.9157941297 265.5254202841 266.2993338623 266.9818976241 14.298440416231715 14.298429319058032 14.298427284971375 7.672456895403371 7.672506527133139 7.672582406051668 7.67266568766809
3024000.0 267.1713248509 266.1394568599 265.5447855957 265.4103028921 265.7064429164 266.3369831639 266.9695585712 14.298477012428897 14.298450989791814 14.298439273707627 7.672496459741268 7.672522802789842 7.672586554148317 7.6726640145661245
3110400.0 265.8673517514 265.8306705364 265.681569042 265.644805115 265.8730508846 266.3952511852 266.9721355021 14.29844538526719 14.298444662423066 14.298441799174805 7.67251710285427 7.672538540206789 7.67259306747805 7.672664363414445
3196800.0 259.6013889391 262.6237861534 264.4647850584 265.1398885804 265.866534155 266.4320522773 266.9788310909 14.298379636377506 14.298401331950569 14.29842219257448 7.672474362202886 7.672537941453364 7.672597240900971 7.672665271225326
3283200.0 257.971693204 261.0304059715 263.4954071195 264.532568874 265.7211956093 266.4227265537 266.9762308635 14.298371608113943 14.298388509068284 14.298410190771632 7.672429766364959 7.67252424748878 7.672596178890868 7.672664918437364
3369600.0 257.2467242699 260.1946176434 262.8261177362 264.012522145 265.5100965831 266.3670972045 266.9559453242 14.298368579882371 14.298383075505738 14.29840325156109 7.672396330195462 7.672505286150729 7.672589906033224 7.672662176624535
3456000.0 256.6129407142 259.5761997752 262.3025525838 263.5705443869 265.2758241171 266.2754398856 266.9155381644 14.29836615629003 14.298379497183197 14.298398435194455 7.6723708000311595 7.6724854440261065 7.672579797647913 7.672656769660752
3542400.0 256.7699082795 259.4220450151 262.0085054772 263.2570983649 265.0532246455 266.1620369232 266.8571510109 14.298366738537576 14.298378656790693 14.298395933852678 7.672354066914198 7.672467660140732 7.672567667321933 7.672649082524556
3628800.0 257.7461995989 259.8091228683 262.0068176399 263.1239097855 264.8757304183 266.043323864 266.7862144808 14.298370634767226 14.298380804900933 14.298395919887353 7.672347220287868 7.672454158747194 7.672555394206781 7.672639937749693
3715200.0 259.5308408383 260.7608084207 262.3352563213 263.2105074796 264.774094056 265.9368202963 266.7104881359 14.298379247872534 14.298386674046448 14.298398722022185 7.672351498104085 7.672446661295859 7.672544735854184 7.672630403445737
3801600.0 259.6052864531 261.0050995678 262.4893537469 263.2833192121 264.7175417645 265.8484747797 266.6362859508 14.2983796579597 14.298388333262007 14.298400097877444 7.672355202964557 7.672442556261083 7.672536136587452 7.6726212815102155
3888000.0 262.3517080823 262.4707422117 263.1258970073 263.6040791138 264.7419666478 265.7886765545 266.5700918505 14.298398866991295 14.298399929541436 14.298406242071628 7.672372303584211 7.67244426110627 7.672530436151608 7.672613322052883
3974400.0 263.411553307 263.3801242325 263.6813184895 263.9645932399 264.8297830236 265.7619494637 266.5172120021 14.298409267696256 14.29840892591233 14.298412297177121 7.672393051778384 7.672450603376653 7.672527918912803 7.672607080606548
4060800.0 264.0659189115 263.9821149216 264.1185651698 264.2923058698 264.9511950312 265.7650720911 266.4802235653 14.298416935908156 14.298415891090343 14.29841760244481 7.672413444428288 7.672459631732449 7.6725282120481415 7.672602775155115
4147200.0 266.0432870484 265.1925438872 264.786904734 264.7348466299 265.1201697989 265.7983072079 266.46087309 14.298448958688166 14.29843317979753 14.29842681373891 7.672443584387378 7.672472680312487 7.672531347791494 7.672600542210302
4233600.0 267.7515502406 266.4163935388 265.5326104054 265.2552306417 265.340309316 265.8633226764 266.4608709368 14.29849614049221 14.298457171362836 14.298439053423932 7.672483514578034 7.6724905663495555 7.672537566884328 7.672600541964976
4320000.0 267.569699694 266.6964942736 265.9286913427 265.6340201002 265.5649242331 265.9521559313 266.4794503196 14.298489706512783 14.29846397764466 14.298446610856587 7.672516156469533 7.672509931325331 7.6725462506296855 7.672602685668962
4406400.0 264.8230847318 265.443178089 265.6041613651 265.6216978173 265.7069883187 266.0409225394 266.5100685396 14.298427355703094 14.298437457208488 14.298440358439112 7.672515010052962 7.672522808225489 7.6725551502857 7.672606245272573
4492800.0 263.5334831617 264.5350003674 265.2014648606 265.4537528457 265.76058972 266.1106158424 266.5436599208 14.298410615372282 14.298423169669078 14.298433327303472 7.672500214705905 7.67252780708277 7.672562299042644 7.672610189465092
4579200.0 262.6046641671 263.8418473077 264.8213921404 265.235798822 265.7488124473 266.1534588371 266.5725877737 14.298401154442447 14.298414185510673 14.298427330239166 7.672481988661862 7.672526720020585 7.672566766158896 7.672613619195207
4665600.0 262.7081621777 263.7063554076 264.6513792343 265.093721388 265.7132466865 266.1732846111 266.5931352014 14.298402123180798 14.298412587357548 14.29842482567217 7.672470637875099 7.67252342647028 7.672568852379705 7.6726160741838205
4752000.0 262.3979074249 263.487749729 264.4937175981 264.970857467 265.6675104154 266.1761071396 266.6045692675 14.298399276517555 14.298410105794137 14.29842259322183 7.672461147893318 7.672519231795421 7.672569150378265 7.6726174471610715
4838400.0 261.0961200461 262.7492035223 264.1263391415 264.7466448251 265.5916507713 266.1617218277 266.6062963267 14.298388969146338 14.298402512807588 14.298417701546978 7.672444590189037 7.672512386977767 7.672567634178912 7.672617654971172
4924800.0 260.6960632942 262.3422937785 263.8337545876 264.5274990714 265.4947731885 266.1309145048 266.5979344963 14.298386245513068 14.29839878398335 14.298414088715873 7.672429242835126 7.67250384441975 7.672564408554961 7.672616649871819
5011200.0 261.6316755172 262.6848680366 263.8595114613 264.4622228685 265.4173860619 266.0924458398 266.5813348829 14.298392919911501 14.298401903432513 14.29841439738713 7.672424782453303 7.672497168857581 7.672560421305379 7.672614662363335
5097600.0 260.4825528593 262.1483983173 263.6119885368 264.303755657 265.3326038718 266.0476205222 266.5579687494 14.298384864220832 14.298397106742259 14.298411501803823 7.672414340622275 7.6724900137558425 7.672555831078921 7.672611882082476
5184000.0 260.8817060587 262.2047506461 263.5436019445 264.2102177015 265.2542591823 265.9992283396 266.5293364911 14.298387486693148 14.298397587911714 14.29841072879034 7.672408330494015 7.67248353810525 7.672550941838931 7.672608502634508
5270400.0 260.4774732127 261.9843313318 263.4050760991 264.098851821 265.1762029504 265.9482181547 266.4965659963 14.298384831943151 14.298395734233324 14.298409197072893 7.67240135807814 7.672477215946763 7.6725458610428685 7.67260467135915
5356800.0 260.712039349 262.0308110261 263.3617946493 264.0306981054 265.1066976207 265.8967612645 266.4608770425 14.298386350829839 14.298396118837442 14.29840872761876 7.6723971629799745 7.672471689013907 7.67254081001299 7.672600542667282
5443200.0 261.1614761974 262.2508611207 263.4167745768 264.0239172149 265.0561394767 265.8486617923 266.4240122616 14.29838943185046 14.298397985429451 14.298409324698486 7.672396726911154 7.672467724161116 7.67253615456838 7.67259632512422
5529600.0 261.3277539077 262.3759024163 263.4659501646 264.0340457785 265.0215691914 265.8061546709 266.3876711528 14.298390632772673 14.2983990810094 14.298409864635753 7.672397327935044 7.67246503850382 7.67253209245117 7.672592213648442
5616000.0 260.9261641449 262.1959531648 263.3952705226 263.992837169 264.9855990145 265.7671529697 266.3523996982 14.298387789685215 14.298397512456898 14.298409090341108 7.67239483291505 7.672462273495689 7.672528407529423 7.6725882663003615
5702400.0 260.6686186302 262.0163961054 263.2935624386 263.9232471213 264.9417641178 265.7285835362 266.3177352865 14.298386065238654 14.298395999204782 14.298407996131559 7.6723906705943214 7.67245894175635 7.672524802516508 7.672584427612321
5788800.0 261.1779853191 262.222158999 263.337798146 263.917024585 264.9069098846 265.6917817296 266.283739962 14.298389549551812 14.298397737584796 14.298408469174225 7.672390285259816 7.672456314731894 7.672521398367608 7.672580701620168
5875200.0 261.8201641568 262.5883713603 263.4877043509 263.9809247709 264.894329879 265.6608565381 266.2515810751 14.298394401733672 14.298401003717661 14.298410105290593 7.672394081367014 7.672455364248774 7.6725185643363725 7.672577211573604
5961600.0 262.4197557033 262.9821256338 263.6863877304 264.0919682134 264.9070210738 265.6394925662 266.2230137426 14.298399471452054 14.298404785260836 14.298412355804707 7.672400830190169 7.672456301465066 7.6725166204910495 7.672574139172383
6048000.0 262.6445316871 263.2015157086 263.8366259573 264.1969200531 264.9348470574 265.6281228601 266.1992884254 14.298401525278832 14.298407025659493 14.298414123039592 7.6724073776346025 7.672458383043927 7.672515590613802 7.672571607214036
6134400.0 262.9847624659 263.4440340485 263.9902239284 264.305848132 264.9732315206 265.6258677881 266.1809682833 14.298404811597996 14.298409623305275 14.298415991333448 7.672414344691795 7.672461284159713 7.672515386728913 7.672569664191276
6220800.0 263.0389233577 263.5463312032 264.0892247998 264.3911073725 265.013822432 265.6304303475 266.167837102 14.298405355697453 14.298410759423543 14.298417229995815 7.672419926697863 7.672464385966346 7.672515799371533 7.672568277942386
6307200.0 263.2532971814 263.6971869605 264.1945342978 264.4742145881 265.0558079788 265.6400146934 266.159323137 14.298407569325523 14.29841248091259 14.298418578449464 7.672425475431034 7.672467629643382 7.67251666786296 7.672567381979293
6393600.0 263.0986760359 263.6688303062 264.2264961435 264.5206096947 265.091451087 265.6519326613 266.1544191122 14.29840596296275 14.29841215303025 14.298418994171204 7.672428625691895 7.672470412367877 7.672517750999933 7.672566866925221
6480000.0 263.2095918753 263.7317098948 264.2748516646 264.5646186603 265.1227678461 265.6646572446 266.1521226234 14.298407110069707 14.298412882828355 14.298419628965588 7.672431643568279 7.6724728788050225 7.672518911347157 7.672566625986532
6566400.0 263.2330514386 263.7675706393 264.3131925557 264.6019120071 265.1505151313 265.6774023497 266.1516290681 14.298407356065916 14.298413303534524 14.29842013735818 7.6724342262224585 7.672475080997539 7.672520077625488 7.672566574227622
6652800.0 263.7533761843 264.0504879358 264.4498243894 264.6855633773 265.1865045959 265.6920413865 266.1529289659 14.298413136619905 14.298416742038105 14.298421986472821 7.672440094792986 7.672477959129675 7.672521422265217 7.672566710566172
6739200.0 263.2644816043 263.8779931495 264.4262189315 264.7030361201 265.2140616683 265.7067014613 266.1555617433 14.298407687524044 14.298414619959075 14.298421662759045 7.672441344231915 7.672480183002247 7.672522774274338 7.672566986865433
6825600.0 263.9341438538 264.1909204376 264.5610189596 264.7811097748 265.2487152324 265.7227922511 266.1595591052 14.29841530179321 14.298418531639177 14.298423535903474 7.672446953560532 7.6724830002888025 7.672524264526889 7.672567406781239
6912000.0 264.0307361327 264.3224624886 264.6611213805 264.8582984829 265.2888852262 265.7413233373 266.1652126438 14.29841649486909 14.298420260955435 14.298424966408975 7.67245261078057 7.67248629809142 7.672525989022183 7.672568001518057
6998400.0 264.4008638562 264.5576053353 264.7996004254 264.9559526769 265.3370219783 265.7633898537 266.1729828175 14.298421317048767 14.298423487722788 14.29842700336391 7.672459924127001 7.672490295827473 7.672528054096879 7.672568820530659
7084800.0 263.6495806679 264.2450205727 264.7241254259 264.9543153732 265.3688295272 265.7848358365 266.182087676 14.298411931592868 14.298419236515139 14.298425884646525 7.672459810541205 7.6724929682179415 7.67253007326681 7.672569782611431
7171200.0 262.9531132045 263.8271099185 264.545248858 264.8730296513 265.371670366 265.7997195148 266.1904523321 14.298404496393442 14.29841400937295 14.298423313656599 7.6724537287682235 7.6724932128605685 7.672531481691217 7.6725706687518755
7257600.0 262.8062018739 263.6496211874 264.4250798215 264.7938798953 265.3561848353 265.8059828599 266.1961999537 14.298403059188919 14.298411932058167 14.298421647187483 7.672447916002077 7.672491914120794 7.6725320761346065 7.672571278915349
7344000.0 264.1312907666 264.2730228191 264.6419189465 264.8779343877 265.3653563339 265.8112720166 266.2001265041 14.29841776476381 14.298419604827442 14.29842468932064 7.672454079006724 7.672492683808501 7.672532578927203 7.672571696349037
7430400.0 264.7466631612 264.7329502741 264.8871850672 265.0223076363 265.4052960226 265.8229326728 266.2047046286 14.298426216550826 14.29842601438827 14.29842832787063 7.67246499958843 7.672496060817645 7.672533690036117 7.672572183666874
7516800.0 264.4055091944 264.6858069662 264.9478481755 265.0980217622 265.4494013687 265.8404209486 266.2113529219 14.29842138023373 14.29842532451021 14.298429262266142 7.672470897299801 7.672499835518973 7.6725353632583415 7.67257289251381
7603200.0 264.1205148796 264.5496361658 264.9274504577 265.1177922784 265.482483378 265.8595174051 266.2197873558 14.298417627284092 14.298423375401049 14.298428946500682 7.672472461741728 7.672502698421676 7.672537199752028 7.672573793806724
7689600.0 263.3959246175 264.1575058784 264.773095577 265.0542216312 265.4900646483 265.8741979903 266.2282234009 14.298409097454437 14.29841810061996 14.298426608147166 7.6724674948104585 7.67250336174386 7.672538618297323 7.672574697528843
7776000.0 263.6659934008 264.2026897821 264.7538845909 265.0308354114 265.489850737 265.883811991 266.235346554 14.298412120338263 14.298418684237905 14.298426323282614 7.672465682955168 7.672503345869845 7.672539550457981 7.67257546236295
7862400.0 264.3289112817 264.5456176259 264.8867084578 265.0906542574 265.5040115826 265.8929487771 266.2415592887 14.298420347099366 14.298423318844996 14.298428320585208 7.672470329596912 7.672504580334287 7.672540438700532 7.672576130764819
7948800.0 265.175865544 265.0622403886 265.1375784413 265.2332824324 265.546299752 265.9079451422 266.2488018362 14.298432904946452 14.298431063391316 14.298432278431827 7.672481716071347 7.6725082936079865 7.672541901563192 7.672576911521044
8035200.0 264.9813312827 265.1010821146 265.2345544992 265.3270564484 265.5961978516 265.9290919652 266.2584004626 14.298429784107768 14.298431686910185 14.298433877388069 7.6724894438450235 7.67251273288699 7.6725439749885815 7.6725779488542685
8121600.0 265.2719165345 265.2810308233 265.3557576758 265.4229926171 265.6503395156 265.9552881358 266.270846245 14.298434504195896 14.298434658024794 14.298435933209893 7.672497548333131 7.672517619625621 7.6725465608271834 7.672579298309115
8208000.0 266.1767835215 265.8040828021 265.6235455231 265.5929899656 265.7238865472 265.9888497898 266.2870196574 14.298451793616968 14.298444143118273 14.298440716368251 7.672512428365654 7.672524374774331 7.672549902081311 7.6725810594349015
8294400.0 266.8109631059 266.2755445902 265.9140166738 265.7971446494 265.818693954 266.0321714821 266.3081381081 14.29846693685273 14.298453963608978 14.298446315710853 7.672531241450022 7.672533289563574 7.672554262793558 7.67258337188448
8380800.0 267.2228026874 266.6316883388 266.1725916611 265.9993378899 265.9272156795 266.0853995614 266.3350482394 14.298478554351039 14.298462349546721 14.298451702902916 7.672550966313776 7.67254379140319 7.672559695790728 7.672586339820249
8467200.0 267.4616000524 266.8762407263 266.3821945258 266.1801902187 266.0401638977 266.1465824687 266.367791571 14.298486081666784 14.298468673983452 14.298456379909519 7.672569605120698 7.672555073258244 7.672566045401639 7.67258998368121
8553600.0 267.1272102352 266.8005549927 266.4475708916 266.2852490394 266.1398083231 266.2106859247 266.4051153517 14.298475712557492 14.298466663257319 14.298457900109241 7.672580884479203 7.6725653369732 7.672572821335688 7.672594181540492
8640000.0 266.5630341478 266.5253406512 266.387533201 266.3060937695 266.2125016623 266.2712507318 266.4445701744 14.298460660596685 14.298459748573737 14.298456502920372 7.672583153236756 7.67257301525843 7.672579342251276 7.672598671202658
8726400.0 266.4519736206 266.4216711175 266.3537089477 266.3124006346 266.2648407407 266.32505517 266.4837838231 14.298458003577563 14.298457294233463 14.298455726917508 7.672583842000657 7.67257864653167 7.67258523487334 7.6726031874369625
8812800.0 265.8016971392 266.0726093879 266.2152958677 266.2580187412 266.2915852547 266.3691124859 266.5205288817 14.298444096709545 14.298449571976844 14.298452632275755 7.672577908274514 7.672581558475459 7.67259013143462 7.672607469096615
8899200.0 266.2200658048 266.2061332004 266.2409177724 266.2639589065 266.3146292094 266.405651904 266.5539618756 14.29845273680853 14.298452431878783 14.298453195535306 7.672578551451129 7.672584086503784 7.672594242236954 7.672611407343594
8985600.0 266.8814947652 266.5744044011 266.402670347 266.3512624861 266.3538646528 266.440624299 266.585090441 14.298468815415019 14.298460937818875 14.298456852786464 7.672588140645506 7.67258842999032 7.672598219755285 7.672615111126556
9072000.0 267.0477665371 266.7557816222 266.5309735712 266.4462508308 266.4054164443 266.4775519017 266.6154578415 14.298473420287634 14.298465496754435 14.298459884192262 7.672598867646001 7.672594215732159 7.672602466068797 7.672618759215777
9158400.0 266.9274739977 266.7551038799 266.5831383642 266.5086788804 266.456905072 266.5160128881 266.645870251 14.298470063561824 14.298465479226074 14.298461151429047 7.672606086830659 7.672600085976673 7.672606940256202 7.672622447735634
9244800.0 267.460440272 267.0444644122 266.7354545552 266.6127506283 266.5167497046 266.5570680964 266.6770339253 14.298486043537816 14.298473326329242 14.298464972675553 7.672618443067927 7.672607026591604 7.672611775322508 7.672626264248157
9331200.0 267.9141751484 267.3613671428 266.9260488794 266.7479066482 266.5894127839 266.6025912862 266.7098632265 14.298502282723218 14.29848284458638 14.298470024591495 7.67263511039912 7.672615629220742 7.672617209296169 7.672630325725597
9417600.0 266.9992043897 266.9912858061 266.8486457018 266.761009235 266.6438960564 266.6477343809 266.7437104315 14.298472048964253 14.298471827463132 14.298467935134338 7.672636747216936 7.672622208206364 7.672622674974567 7.6726345578294595
9504000.0 266.8726916549 266.8581028558 266.7950620155 266.751563766 266.6803238861 266.6885168322 266.7770880131 14.298468578584547 14.298468187600108 14.298466519244302 7.672635548834612 7.672626669814816 7.672627680041956 7.672638776368254
9590400.0 267.1887191219 266.9928871492 266.8468832333 266.7839590787 266.7148434124 266.7256543857 266.8092405186 14.298477530388787 14.298471872208257 14.298467888171078 7.672639653984834 7.672630945860839 7.672632294488314 7.672642883149172
9676800.0 267.7836275414 267.3338411977 267.0099111621 266.8813338345 266.7631654031 266.7632452473 266.8407886745 14.298497321814528 14.298481975644957 14.298472349400365 7.672652262113862 7.672637012014752 7.672637021313077 7.6726469544636915
9763200.0 269.3186834765 268.2126168336 267.43060294 267.126139332 266.8530431184 266.8099397126 266.874378736 14.298577710353342 14.29851463531638 14.298485068170558 7.6726858506690965 7.672648552351687 7.672642972928754 7.672651335441766
9849600.0 269.6040851513 268.5951795613 267.7292780539 267.35708883 266.9677413116 266.868732072 266.9125003425 14.298600556590024 14.298532901659955 14.298495328693246 7.6727202125486285 7.67266378370503 7.672650595616449 7.67265636607113
9936000.0 269.5532257934 268.7039194461 267.8973919875 267.5264522778 267.0840006272 266.9364069356 266.9558608843 14.298596213055713 14.298538682570886 14.298501630782908 7.672747223926916 7.672679826196498 7.672659553150085 7.672662165248158
10022400.0 269.4673321926 268.7256538093 267.9946980046 267.6457353345 267.1899735157 267.0079154783 267.0035598376 14.298589156609118 14.29853987297608 14.298505471170387 7.6727672494541395 7.672695006690459 7.672669238127307 7.672668641601055
10108800.0 269.1342295309 268.591766169 268.0026703245 267.7055494015 267.2768318572 267.0779999233 267.0536811237 14.29856471348773 14.298532724770109 14.298505792417444 7.672777593111598 7.672707863647081 7.672678957291386 7.672675558847512
10195200.0 269.4025372463 268.7203055464 268.0874067586 267.7839484806 267.3558174219 267.1453426993 267.1047034399 14.298584052809227 14.298539578939412 14.298509270994048 7.672791566155803 7.672719898680866 7.6726885154929505 7.672682721289781
10281600.0 269.3697759734 268.7514348696 268.1467560079 267.8522577585 267.4285696157 267.2097458534 267.155677155 14.298581540504257 14.298541300657924 14.298511779353545 7.672804078713639 7.672731285208213 7.672697864417269 7.6726900017914295
10368000.0 269.9217345795 269.0598157956 268.3132985052 267.9698963872 267.5081177731 267.2736850248 267.2066587635 14.298630864809466 14.298559810167673 14.298519155440962 7.672826481018683 7.672744085095346 7.67270735392283 7.672697411546046
10454400.0 271.8399741215 270.1344968981 268.8261246412 268.2730675695 267.6331490366 267.3468339626 267.2601730552 14.299140524389376 14.298654833014247 14.29854553533792 7.672889550612256 7.6727649915871226 7.672718473357846 7.672705330943137
10540800.0 272.1871708708 270.6029895321 269.1950532271 268.5619095596 267.7861418396 267.4330086671 267.3188585938 14.299458364947757 14.298722132156822 14.298568861883574 7.6729575908217935 7.672791944399913 7.672731947337441 7.672714187012954
10627200.0 271.9796021048 270.6639172877 269.3753747285 268.7612802076 267.9365442065 267.5280325943 267.3832718389 14.29924512858244 14.298732798528002 14.29858196667927 7.673009764048747 7.672820018288576 7.672747296192169 7.672724120274205
10713600.0 270.454326107 269.9479597916 269.1834210068 268.7532567448 268.0393531316 267.6193455214 267.4504747533 14.298698178178698 14.298633642793403 14.29856805843448 7.673007088012067 7.6728401455057025 7.672762555402001 7.672734729205701
10800000.0 270.2386315075 269.6975343143 269.0674830927 268.7197099649 268.1048491697 267.6996844345 267.5166691485 14.298667874523002 14.298608879585014 14.298560306921434 7.672997799264696 7.672853382365992 7.672776414470776 7.6727454327463285
10886400.0 270.1284463913 269.587178478 269.0078458217 268.6978840488 268.1504191707 267.7681842096 267.5792816371 14.298654103579459 14.298599098606424 14.298556492807375 7.672991880931536 7.672862794858528 7.672788566409468 7.672755797208368
10972800.0 269.4781067355 269.2306543456 268.8545464172 268.6277467025 268.1732450766 267.8241524053 267.6365818297 14.298590023211302 14.298571351261446 14.298547186433069 7.672973434344509 7.672867557351722 7.6727987332303975 7.672765493898689
11059200.0 269.4941652929 269.1537738307 268.7867141538 268.5827308478 268.1858917256 267.8693976682 267.6879209656 14.298591324529594 14.298566032366253 14.298543282363461 7.672961943520069 7.672870208865455 7.6728071137532 7.672774359055178
11145600.0 269.9408855464 269.3584209755 268.8525450255 268.6075796071 268.2070293401 267.9090198971 267.7341575313 14.29863288885078 14.29858068012942 14.298547069432852 7.6729682685310685 7.672874704213404 7.6728145746365755 7.67278249063975
11232000.0 270.3118157737 269.5969484574 268.9714771761 268.6782064221 268.2435364267 267.9481199014 267.777110737 14.298677627322363 14.29859993940686 14.298554221616168 7.672986605443082 7.672882580101262 7.672822051446881 7.672790173388946
11318400.0 271.3834622032 270.2118245398 269.2680530537 268.8522117465 268.3118633781 267.9934254657 267.8196009961 14.2989161835777 14.298664426713453 14.298574016764295 7.673034501868795 7.672897668073763 7.672830860337201 7.672797898271626
11404800.0 271.9311969544 270.6586926675 269.553352182 269.0539942227 268.4070549202 268.0487751558 267.8643740675 14.299206082436635 14.298731862908692 14.298596223693835 7.673095293820175 7.672919439757096 7.672841839917332 7.672806175998154
11491200.0 271.6966524838 270.6788991402 269.6723394591 269.1870778226 268.5040932973 268.1115671799 267.9124716965 14.299054524792641 14.298735503957271 14.298606590470262 7.67313871008408 7.672942567259312 7.672854595366843 7.6728152300939065
11577600.0 272.1850829277 270.9679636808 269.8604536015 269.3379038336 268.6053314969 268.1799752925 267.9640308332 14.299455751054778 14.298795175477256 14.298624550392585 7.673191834698492 7.672967778120203 7.672868867910421 7.672825127075819
11664000.0 272.3239831843 271.1362518751 270.0141491037 269.4766963062 268.7076566269 268.2524005426 268.0187565665 14.299659240433774 14.298838022555792 14.298640865995267 7.673244649495419 7.672994457895122 7.672884424257769 7.672835855062429
11750400.0 272.3911339005 271.2411876 270.133711929 269.5959404408 268.8068197514 268.3269783496 268.076033152 14.299785072549595 14.298868666019487 14.298654738208121 7.673293360407233 7.673021540061896 7.672900943744156 7.672847337295659
11836800.0 272.4042764015 271.3012275786 270.2241606406 269.6951309532 268.8998565445 268.4018279193 268.1350295126 14.299812420681361 14.298887804293868 14.298666005292176 7.6733364583057355 7.673048121499696 7.672918058597511 7.6728594455278945
11923200.0 273.2199211854 271.7600578619 270.4689005101 269.8642492494 269.0044312041 268.4791886843 268.1958143482 14.961116445391346 14.299090329013842 14.29870040619277 7.673416715806805 7.67307949326794 7.672936338911446 7.672872230171162
12009600.0 274.3671093173 272.4037463278 270.7984197456 270.0808116965 269.1219458381 268.5599499887 268.2582550939 15.95964030583461 14.299811298541167 14.298758353565772 7.673533300732029 7.6731167775584925 7.6729560970962 7.672885702404616
12096000.0 273.2282248554 272.1557219674 270.8888507669 270.2381607912 269.2513327037 268.6477497404 268.3239695613 15.604123426710878 14.29942018520017 14.298777289167678 7.673628133157428 7.673160503562917 7.6729784021320135 7.672900267140713
12182400.0 273.2034499098 272.0564369362 270.8911520663 270.2986683253 269.3548724713 268.7360634125 268.3925414117 14.563245491946207 14.299314394203188 14.29877779133292 7.673666791570084 7.673197620026645 7.673001755949584 7.6729159051718945
12268800.0 272.8220378728 271.8668142736 270.8463515937 270.3149647152 269.4305027946 268.816907918 268.4609348679 14.301872413013223 14.29915882153825 14.298768200342645 7.673676921197716 7.673226014137486 7.67302399067313 7.67293196979559
12355200.0 272.6287736312 271.7381578347 270.8042629531 270.3170454717 269.4885335285 268.8893102858 268.526901467 14.300499355166423 14.29907758964942 14.29875953187321 7.6736777491430574 7.673248585082297 7.673044638158702 7.672947926249897
12441600.0 272.5232109612 271.6626105917 270.7779366341 270.319094464 269.5353437819 268.9536768999 268.5893872422 14.300113536295646 14.299036591717394 14.298754270024865 7.673678759524129 7.673267321288329 7.673063607630982 7.67296347735401
12528000.0 272.3876605477 271.5826145579 270.7509843373 270.3188702805 269.5756588438 269.0124921638 268.6489699119 14.299778006312613 14.298997589749433 14.298749005658811 7.673678293270628 7.6732838549939855 7.673081470323627 7.67297871839531
12614400.0 272.5990043225 271.6667159797 270.7828873514 270.3415430393 269.6131638154 269.0652989705 268.7046152977 14.30037520217201 14.299038709672478 14.298755250363806 7.673693699117881 7.673299601314813 7.673097957653106 7.672993330686109
12700800.0 274.5474231053 272.4988952616 271.0865393884 270.4867352018 269.6705672858 269.1171089469 268.7572449139 15.935872944746581 14.300042797259966 14.29882461974608 7.673800426683697 7.673324504465135 7.673114564090615 7.673007500399742
12787200.0 275.1499326898 273.1687437457 271.5195567145 270.774468773 269.7862688001 269.1821436105 268.811511038 15.923760920821456 14.380548255801449 14.298969607932348 7.674052313580719 7.673377522617816 7.673136038934672 7.673022479899806
12873600.0 274.6834623527 273.1770073138 271.6812420224 270.9553785846 269.909354708 269.2581668288 268.8699325786 15.912827027044411 14.401322111334824 14.299046301091035 7.674244179358921 7.673438151225581 7.673162075475251 7.67303904189007
12960000.0 273.2329555182 272.5696087045 271.5221204747 270.953045596 269.99536248 269.3340045201 268.9309144196 15.901417695913496 14.300265400660466 14.29897070227575 7.674237263483403 7.673483200536021 7.673189108639422 7.6730568314852805
13046400.0 275.2406271897 273.2046568373 271.7758962813 271.0999869393 270.0887179291 269.4101005297 268.9934422862 15.8928377061683 14.578271099600506 14.299099801754606 7.674420525497234 7.673535185434618 7.6732173641604895 7.673075627969277
13132800.0 273.7653015171 273.0141520349 271.7885795955 271.165612369 270.1725779864 269.4848331986 269.056598522 15.881961002386074 14.307301097136651 14.29910755040575 7.674508711121293 7.673584679421227 7.6732462847210225 7.673095210847179
13219200.0 273.2242119707 272.5161386048 271.6164539255 271.1180853421 270.2245630142 269.5522328981 269.1183249573 15.213925746936585 14.300092387671196 14.299013579133376 7.674439065288783 7.673616604682711 7.673273424370974 7.6731149584829295
13305600.0 273.1877258575 272.3832858764 271.5333818167 271.0785097163 270.2567054326 269.6100971606 269.1767191997 14.442100400786675 14.299769199789806 14.298975551327999 7.674385503576145 7.67363682027962 7.673297570013287 7.673134219368459
13392000.0 272.8532631525 272.1787731273 271.4325644265 271.0268509221 270.2740945622 269.6583053556 269.2305684295 14.302267267524797 14.299447921830536 14.298934458252027 7.674319505755892 7.673647840006579 7.673318313065241 7.67315250277061
13478400.0 272.7169532654 272.058108569 271.3581837706 270.981819112 270.2830180181 269.6980989276 269.2794167482 14.300970162974119 14.29931601228128 14.298907175676332 7.674265052789454 7.673653467065988 7.673335883089147 7.673169539504569
13564800.0 272.6907247042 272.0116387159 271.3186288631 270.9536204337 270.289672207 269.7315825103 269.3234927092 14.300810751425953 14.29927284433175 14.298893591636112 7.674232278244102 7.6736576880628515 7.67335099203459 7.673185294604208
13651200.0 272.6845837887 271.9939977974 271.300047389 270.9394751647 270.2973984926 269.7608818739 269.3634499034 14.30077608708365 14.299257387886476 14.298887415827137 7.674216176710916 7.673662683668366 7.6733644640371494 7.673199902479143
13737600.0 272.6831430661 271.9876794909 271.2929960642 270.9348442671 270.3072751604 269.7876239882 269.4000760552 14.300768089822977 14.299251968920276 14.298885105378774 7.674210912281358 7.673669170041134 7.673376970187655 7.673213572979048
13824000.0 272.6831663893 271.9865188264 271.2925393933 270.9363862893 270.3193138712 269.8128815859 269.4341122685 14.300768218882707 14.299250980021121 14.298884956362208 7.674212564492159 7.6736771745806704 7.67338897067381 7.67322652451594
13910400.0 272.6833991673 271.9879152933 271.2960241636 270.9419334173 270.3331577786 269.8372952259 269.4661602877 14.300769507708058 14.299252170069375 14.2988860953615 7.6742187112956906 7.673686486239536 7.673400748620702 7.6732389438211515
13996800.0 272.6840115845 271.9909429036 271.3020540144 270.9501497189 270.3483938012 269.8612076604 269.496675342 14.300772904787344 14.299254760257636 14.298888076627238 7.674227905669635 7.67369685513187 7.673412458607568 7.6732509767095385
14083200.0 272.6856866137 271.9954758326 271.3099768152 270.9602840057 270.3646878748 269.8848010652 269.5259916705 14.300782243095137 14.299258664314497 14.298890700100262 7.674239359363308 7.673708080263776 7.673424184733016 7.673262732605981
14169600.0 272.6868246069 272.000486093 271.3190177687 270.9716803277 270.3817444283 269.9081619092 269.5543453898 14.30078862692433 14.299263016205053 14.298893722270208 7.674252376305953 7.673719980580084 7.673435967697059 7.673274289480753
14256000.0 272.8266084603 272.0767956773 271.3581172805 270.9984321186 270.4024797137 269.9319495636 269.5820625706 14.301925329797516 14.299334452563564 14.298907152328553 7.674283807245793 7.673734679576678 7.6734481461790285 7.673285768948056
14342400.0 275.8498202186 273.2186324553 271.8473716197 271.2525798403 270.4750111856 269.9662664821 269.6119226064 15.875885806836722 14.905231850373992 14.29914549018051 7.674633441725289 7.673788323050114 7.673466044068695 7.673298342264888
14428800.0 276.0196307335 273.2316742303 272.0357172982 271.4349829572 270.5660152198 270.0090879513 269.6441611979 15.873855903090753 16.173214867210493 14.299294751296848 7.674948939048395 7.673860022427013 7.673488939925735 7.673312163683384
14515200.0 276.6402589772 274.4241660028 272.5941527938 271.7601788617 270.6928341257 270.068847597 269.6833611547 15.873058869539058 16.238133649472122 14.300356259813716 7.6757526497919715 7.673969277670001 7.67352198329513 7.673329324725314
14601600.0 277.268728712 275.0582830057 273.0533681182 272.1113172884 270.8615269887 270.1479080133 269.7312832589 15.872293439042794 16.213096501274613 14.311164039931217 7.677274880807557 7.674134421732212 7.673567772243285 7.67335085242022
14688000.0 275.8966608942 274.5622432251 273.0377647574 272.2330875413 271.0081233927 270.2407480743 269.7904050478 15.870817760607908 16.190808339138663 14.309297573150273 7.6780438591768965 7.6742992780177675 7.673624801163143 7.673378279120471
14774400.0 276.3963868471 274.7383446473 273.1420807304 272.3518102839 271.1337961751 270.3345542262 269.8552519411 15.869832129320441 16.17087158367013 14.343626545526766 7.679097872701411 7.674460180740325 7.673686342584509 7.673409522588188
14860800.0 277.6574625756 275.327743089 273.2148949747 272.4482986353 271.2436691074 270.4257652906 269.9231322332 15.869219527803404 16.16004270448564 14.777470812749565 7.680257093128424 7.674618738611072 7.673750350904809 7.673443607278554
14947200.0 277.9655072881 275.5535486102 273.2267963591 272.5057804007 271.3359506378 270.5119117259 269.9918162233 15.868237185524908 16.155013704950793 15.44111906723822 7.681094199466553 7.674766969583471 7.673814974732836 7.673479625130549
15033600.0 276.9808663888 275.1741628841 273.2301616698 272.5450602612 271.4130868042 270.5917233455 270.0596114489 15.86657435783429 16.152037461740676 15.885953150371451 7.681750852962419 7.6749030950751305 7.673878830898296 7.6735167872777685
15120000.0 277.5180001173 275.3384890174 273.2329798587 272.5759458593 271.4787545643 270.6650372076 270.1254058394 15.865685709854564 16.15078917987812 16.487356759727167 7.682333248151644 7.67502903074297 7.673941196209915 7.673554486466976
15206400.0 277.9463861613 275.7477352234 273.7154678458 272.8292363324 271.5848156645 270.7419910576 270.1910334065 15.864780674609838 16.14973069248587 16.563876873339876 7.700339867457085 7.675259256829442 7.674010848589252 7.673593803098079
15292800.0 278.373951358 276.1007532407 273.973617236 272.971734274 271.6954591899 270.8235110852 270.2579694006 15.863904223788142 16.14870899430674 16.56584671669757 7.85003363610625 7.675536748912327 7.674089790283578 7.6736357889015565
15379200.0 276.6999416102 275.3901159298 273.82533901 273.0027050048 271.7825751838 270.9035243283 270.3255167135 15.861877478691124 16.147557017844147 16.567941252171085 7.925780664518298 7.67578638789486 7.674172988893332 7.673680227341405
15465600.0 277.8951920768 275.8278801787 273.9368258909 273.0277990011 271.8521084749 270.9784112146 270.3921970547 15.861325510357341 16.14653522146158 16.569949841550795 8.106739355315385 7.676009651551656 7.674256555520484 7.673726285440704
15552000.0 279.7403330623 276.7884511566 274.2127413164 273.0490067222 271.9101402333 271.047247124 270.456827568 15.861648913531624 16.14574548925637 16.57198224768387 8.528099722873534 7.676215421254752 7.674338756058744 7.673773160214795
15638400.0 279.744769541 276.9789764391 274.3025000861 273.0623135871 271.9592040751 271.1101126006 270.5186994046 15.860443166462321 16.14478430026168 16.574111430392005 9.02944206203864 7.676405176683642 7.6744187990922486 7.673820246969522
15724800.0 276.8125731151 275.6330019284 273.9621247765 273.0698309027 272.0010782172 271.1674191229 270.577466841 15.857259644643047 16.143397373892547 16.576289949018687 9.246938727151989 7.676580000268186 7.67449630102301 7.673867122335281
15811200.0 277.6361040558 275.7701940809 273.9678955125 273.0760850437 272.037632866 271.2197789412 270.6330450155 15.85653943696842 16.142397823244117 16.57833957444664 9.477798433534453 7.676743514973367 7.674571239786149 7.673913519441012
15897600.0 277.0849088489 275.535249028 273.9090552882 273.0812912139 272.0701417377 271.2678366082 270.6855153532 15.855168124563972 16.141373273340832 16.58038981531767 9.666229560493354 7.67689840171833 7.674643785156664 7.673959291707019
15984000.0 278.3034122938 276.0694558575 274.048986585 273.0864515141 272.0995850171 271.3122009924 270.7350548314 15.854754352272051 16.140451938638638 16.58238390314624 9.978483681927488 7.677047167293892 7.674714209672155 7.674004379442196
16070400.0 280.4706809163 277.201028587 274.3735472399 273.0922243702 272.1268473654 271.3534460585 270.7818952457 15.855594174427669 16.13986901913237 16.584399581116376 10.562098689243145 7.677192845229177 7.674782882432339 7.674048790088087
16156800.0 279.6103111387 277.013454086 274.3650046741 273.0980820838 272.1526119498 271.3920934149 270.82629506 15.853494874866655 16.13880277781134 16.58650832156115 11.134087183192637 7.677338209965331 7.674850229332236 7.674092581902332
16243200.0 274.7834857946 274.6916166358 273.7393598316 273.1016592996 272.1763569645 271.4283966131 270.8684673387 15.85031328965085 16.137513340561085 16.588690683226872 11.193071635411323 7.677479050179021 7.674916315878614 7.674135795286699
16329600.0 277.8723849825 275.7157067048 273.9538630181 273.1058711991 272.1987391777 271.4626376965 270.9086056764 15.849986727477047 16.136528429039128 16.590579503041027 11.433891967115533 7.677618502739209 7.674981321101504 7.674178473447378
16416000.0 279.0422974384 276.464817036 274.1831795491 273.1116455011 272.2207330821 271.4952189106 270.9469279536 15.84973890365838 16.135743768260525 16.59251825847315 11.862530672535788 7.6777626308991955 7.67504573666726 7.674220708814426
16502400.0 280.5023818767 277.3055527166 274.4429157483 273.120863738 272.2439647286 271.5267610201 270.983727381 15.850044652630459 16.135160437296687 16.594513966680807 12.494865049187172 7.6779235867852735 7.675110624201164 7.674262708120435
16588800.0 282.2925259369 278.322621975 274.7577284139 273.1378585739 272.2717382873 271.5583774079 271.0194729622 15.851120101612436 16.134889675150514 16.596584276512086 13.362717834480323 7.678129567530997 7.675178311353362 7.6743049291912495
16675200.0 280.5839966858 277.8125875189 274.8717367862 273.3832604223 272.3286918836 271.5957538706 271.0559011533 15.847695196793172 16.133601869344524 16.598655309735655 13.886746222705591 7.678610006979596 7.67526197315245 7.674349477277251
16761600.0 281.6876583955 278.3567253035 275.2511815856 273.5748130921 272.3756919979 271.6356504676 271.0933631098 15.847869214049185 16.13305708554185 16.600733980410443 14.473784657940826 7.679057060343624 7.675355949790445 7.6743969774683025
16848000.0 282.2432464589 278.7723333049 275.480225696 273.6404304546 272.4104147495 271.6743765901 271.1310836738 15.847403008245829 16.132470884439513 16.602860537452912 15.219432117297947 7.679420903394419 7.675452154519653 7.674446632080702
16934400.0 283.0054274946 279.2476660476 275.6929657015 273.6899384947 272.4374369286 271.7103977528 271.1681695262 15.84726743085191 16.131985210267676 16.605019586525557 16.08029940124593 7.679727312069331 7.675546405027703 7.674497340929749
17020800.0 283.4625669458 279.5815565549 275.8521521852 273.7280429505 272.460742895 271.7436893666 271.2040802722 15.84669982559447 16.131405665009204 16.60719225933538 17.02330516092304 7.680011529582844 7.675637916965074 7.674548331956252
17107200.0 282.5574270131 279.212607764 275.7552026969 273.7194339468 272.483786811 271.7750258492 271.2386988879 15.844073379287064 16.13013825164778 16.609290174646645 17.925837229320365 7.680315260032386 7.675728207065058 7.674599348434094
17193600.0 283.0985287882 279.4071795084 275.8146832096 273.7332223028 272.5103355037 271.8057190246 271.272295684 15.843639646570507 16.1294335198271 16.61140573382794 18.839450583934475 7.680699128485335 7.675820828831799 7.674650703620128
17280000.0 282.859879301 279.3323054831 275.8026643589 273.735780091 272.5433286664 271.8372823909 271.3054276402 15.842038047332666 16.12847461860226 16.61349122817906 19.7265092525345 7.68123354692152 7.675920709473046 7.6747032270855815
17366400.0 283.3932005014 279.5936090025 275.9185958714 273.7982051773 272.5885395883 271.8719084804 271.3389996653 15.84161261488797 16.127858455602652 16.61559810637886 20.544609326514138 7.682091814741025 7.676036102182759 7.674758458451195
17452800.0 282.5721039742 279.3744100834 276.1189897251 274.2908651265 272.6381288946 271.9096698543 271.3736147359 15.839144157271967 16.126756652869663 16.61769338679498 20.377427462002714 7.683233871336132 7.676169476842264 7.674817647531102
17539200.0 279.5397141253 277.8640364488 275.6411355938 274.221878869 272.6695745774 271.9460008809 271.4084960758 15.834288011530623 16.12464439327172 16.619561197051517 20.254382138714416 7.6840634813437285 7.6763058998803135 7.674879732863574
17625600.0 278.5911113653 277.0622362258 275.2476675061 274.0809100418 272.6913573732 271.978942456 271.4426087615 15.832407956853219 16.1233406744417 16.621423433314654 20.155599128182104 7.684696926889791 7.676437101011927 7.674942966257743
17712000.0 281.2317994472 278.1978696172 275.6072937223 274.1821590953 272.7083754072 272.0084515006 271.475304717 15.834032698633534 16.123172242524717 16.62336196136887 20.07440780773486 7.685234033705909 7.6765612258105875 7.675006053052976
17798400.0 276.5667898015 276.1029458123 274.8664617301 273.9503839215 272.7225634721 272.0350249245 271.5063262554 15.829177715443226 16.12133677303816 16.625175195835894 20.004086361223845 7.6857146299561085 7.676678768848078 7.675068288601735
17884800.0 277.7437788736 276.2251850593 274.7633181029 273.8763192185 272.7350072711 272.0592133293 271.5356557374 15.828723424329947 16.120544152305605 16.626972020920316 19.941230570293836 7.686164555699143 7.6767908687194115 7.675129385353451
17971200.0 279.3203151563 277.0268354758 275.0476394041 273.9619858701 272.7465776125 272.081536583 271.5634050905 15.828893119895179 16.120010177707947 16.62875009272966 19.88495334375225 7.686611518994971 7.67689894332049 7.675189323075969
18057600.0 280.679750716 277.8906311397 275.4425774642 274.1141564756 272.7582500875 272.1025246141 271.589766666 15.829246753239895 16.119679207565575 16.63059466928987 19.835049227028872 7.687097388742156 7.677004862316882 7.675248288284157
18144000.0 281.363842553 278.4410835635 275.7443811372 274.2471701503 272.7712901415 272.1227875643 271.6150058675 15.828981685637636 16.11926678175138 16.632495441942194 19.791019283464394 7.687691215993103 7.677111333445197 7.675306689070087
18230400.0 279.1065540902 277.4447435161 275.42659158 274.1641103138 272.7858949859 272.1427988508 271.6394045485 15.825457793234937 16.117796138296853 16.634279293368554 19.751482283205 7.68842341760264 7.677220794006548 7.675365047308846
18316800.0 277.3745696786 276.3555876761 274.9410364854 273.9842494548 272.8009050855 272.1626539421 271.6631618363 15.823267155715955 16.116551825320602 16.636030942479866 19.71490223878462 7.689251053594664 7.677333897332108 7.675423758662669
18403200.0 280.5506189673 277.6961416959 275.3600439631 274.0989642281 272.8178973707 272.1826963974 271.6864860627 15.824916663470953 16.116375349600368 16.63779942916297 19.680755784651485 7.690309498230279 7.67745289730115 7.675483301271325
18489600.0 279.4998031983 277.4620097621 275.3532252911 274.1188615997 272.8370254668 272.2032415493 271.7095932141 15.822763827628737 16.1154608570972 16.639567394552603 19.6488059861871 7.691682383205668 7.677580245111765 7.675544239566697
18576000.0 281.3519665632 278.3516749017 275.7039957982 274.2461099558 272.8591005149 272.2246718904 271.7327217389 15.823785607572892 16.115278774175287 16.64139493343725 19.618730942514656 7.693574165765157 7.67771925964534 7.675607274665554
18662400.0 281.9670724922 278.8670001786 275.9817397285 274.367522523 272.8829957858 272.2470569837 271.7560480375 15.823502654808365 16.114932719074172 16.64326405492995 19.59028197020962 7.696103254407167 7.677871694283064 7.675673021354075
18748800.0 278.5179683233 277.2608569357 275.4188255992 274.1950163678 272.9037879036 272.2694733483 271.7794574857 15.818724090059519 16.113054034693945 16.644929443947586 19.56282889729902 7.698800024216763 7.678032307848407 7.6757413096408
18835200.0 279.4373059579 277.3859207502 275.3968778362 274.2277760486 272.9257319265 272.2919999974 271.8028919068 15.81851506201792 16.11236799097471 16.6466441629305 19.53507686592762 7.702488606039852 7.6782023831542165 7.675812108465571
18921600.0 278.2921142628 276.8628422987 275.2511188366 274.2751386716 272.9432238612 272.3137532967 271.8261080566 15.816586919861974 16.11137413616411 16.648318764969574 19.50629368582859 7.706144403360252 7.6783755394187825 7.675884782333835
19008000.0 279.3021095235 277.2726548044 275.4108956103 274.3647706658 272.955514942 272.3338489702 271.848726755 15.816431813196486 16.110823730136353 16.650002396434846 19.476839056189146 7.709122863847994 7.678543913535238 7.67595814341708
19094400.0 278.4163187092 276.9245662658 275.315731788 274.3505037018 272.9646173377 272.3520621115 271.8704494742 15.814727189568107 16.109927060541096 16.65165637214365 19.447078179592523 7.7115861130587495 7.678704028550675 7.676031102180624
19180800.0 277.452343967 276.361127215 275.0699808208 274.2486100814 272.9718087052 272.3685438815 271.8911297278 15.813184913590394 16.109003756447834 16.653280360459387 19.41724576509622 7.71371494048898 7.678855520166066 7.676102958767997
19267200.0 278.7698244543 276.8921476575 275.2259724341 274.2899724173 272.9779538274 272.3835832676 271.9107490531 15.813119903384102 16.108472373083764 16.6549008382969 19.38728965839703 7.715678004986867 7.678999584531754 7.676173402212049
19353600.0 280.3650316598 277.8192986646 275.6370252752 274.4695229277 272.9836454247 272.3974923977 271.9293713674 15.813673606388262 16.10825064047313 16.656581172040013 19.35721539638034 7.717652727731951 7.679138078219645 7.676242413901701
19440000.0 279.852957767 277.7884187701 275.7289426815 274.5513655013 272.9893050099 272.4105626008 271.9471053205 15.812126208056092 16.107518472075757 16.658249013613215 19.3272483692197 7.719816547677858 7.6792730879363935 7.6763101702068814
19526400.0 281.8460039638 278.8107451131 276.178136641 274.7579622919 272.9956837525 272.4231352513 271.964100495 15.813484765887873 16.107577238157088 16.66003279796013 19.29731785266454 7.722602801697358 7.679407656403621 7.67637705370098
19612800.0 281.7720132831 279.0264853976 276.3828194987 274.8937844111 273.0038113532 272.4356533627 271.980560219 15.812331826302376 16.107060345610424 16.661795519291115 19.26757168291493 7.726801001443845 7.67954646698496 7.676443730087282
19699200.0 281.3599132662 278.8906548864 276.3910014404 274.9326830377 273.0147287487 272.4486417831 271.9967453847 15.81075194349316 16.106234806621686 16.66348815065845 19.238118304624106 7.73371420951229 7.6796958639566935 7.676511197264111
19785600.0 282.4338009379 279.4157440679 276.6163442767 275.0383083057 273.0297967506 272.4627418221 272.0129848419 15.81116823915523 16.106026475093426 16.665270249459017 19.208924068660632 7.746317041439373 7.679864602699279 7.676580870173843
19872000.0 279.3674305989 277.9899204232 276.0959383265 274.8512184992 273.0475602708 272.4781539709 272.0295435954 15.806484711906666 16.104140437578373 16.666741231402135 19.18024240201849 7.7674845316391385 7.680057352900646 7.676654045348318
19958400.0 280.5745099449 278.2705215356 276.0891105788 274.8066590773 273.0664778246 272.4946867937 272.0465441262 15.806775262750527 16.10365726346077 16.668360632411865 19.15194796157316 7.802651114445846 7.680274456342774 7.676731515670548
20044800.0 278.5308882721 277.281559471 275.6764868256 274.6265013462 273.0836257443 272.5116372605 272.0638907987 15.803860865616153 16.102359560746798 16.669855256481252 19.124162827713686 7.854265381475976 7.680509018984129 7.676813126676744
20131200.0 278.3644836903 276.9569432017 275.4408270236 274.4871805025 273.0977011961 272.528227271 272.0813290535 15.802828648195723 16.101541175330897 16.671370414254678 19.09682780990264 7.921588850840044 7.680751295670542 7.676897906891602
20217600.0 279.1000563339 277.2345425532 275.4870725703 274.473709764 273.1091218608 272.5439887854 272.09858367 15.802502121467452 16.101013393082614 16.672905051340653 19.069814107246096 8.005428209645057 7.68099407653973 7.676984632669064
20304000.0 279.1176335079 277.2985202656 275.5180692721 274.4838749237 273.1184439457 272.5587303722 272.1154386234 15.801594703296185 16.100393548840305 16.674433243018715 19.043113960472493 8.106355682560183 7.681233161899685 7.677072213791381
20390400.0 276.8709757484 276.1742247901 275.0672649507 274.2997813065 273.1257394694 272.5723549113 272.1317373802 15.799279656760355 16.099326938818162 16.67590255697572 19.016905444958397 8.213926526863467 7.681465259460402 7.677159732389319
20476800.0 278.2324983839 276.5956453495 275.1282783178 274.2818987473 273.1316085375 272.5848990221 272.147389924 15.799145353410596 16.098811196393335 16.67736955359412 18.990967068298488 8.32554194134699 7.681689100431081 7.677246527589141
20563200.0 276.4115696842 275.754165318 274.7909192914 274.1371409422 273.1363081739 272.5964385392 272.1623564006 15.797407170772004 16.09798812949632 16.67883126655252 18.965455987707763 8.433167353525343 7.6819042026601565 7.677332156712663
20649600.0 275.4561567345 275.0665285274 274.4257642177 273.9508175216 273.1400198202 272.607053916 272.1766282047 15.796459721201677 16.097353862025965 16.680294360841405 18.94036763648698 8.527548634171868 7.682110358775265 7.677416326359983
20736000.0 276.9357675628 275.6370420441 274.5602290265 273.961942691 273.1430681996 272.616852164 272.1902224962 15.795945575731668 16.096744200314696 16.681657969970857 18.9154557782199 8.611287598089694 7.682308117363133 7.677498887132562
20822400.0 276.521880162 275.5511551826 274.5567990263 273.974809886 273.1463000916 272.6260410024 272.2031984437 15.79497327728707 16.096128801857592 16.68304510223131 18.890778915281356 8.734823060581082 7.6825004679049 7.677579960197244
20908800.0 276.9373763917 275.7598823712 274.6694924985 274.0636793551 273.1505351681 272.6349003103 272.2156617012 15.794288391319288 16.095542248454315 16.6844074822147 18.8662331110845 8.997229851940551 7.682692583617067 7.67766000391381
20995200.0 277.0930098045 275.9020574689 274.7737268643 274.1435228773 273.1541515917 272.6434108401 272.2276743759 15.793520455312683 16.094959592848678 16.685773491129787 18.84186397619205 9.279152607581306 7.682883624860434 7.677739253049328
21081600.0 276.1643723801 275.4756254892 274.634970235 274.1077569662 273.1570319611 272.6514955047 272.2392529844 15.792407379695339 16.094319718775797 16.687158708490067 18.817780635704114 9.540296115930541 7.683071301543733 7.677817667355954
21168000.0 276.0367801398 275.3141798183 274.5379859163 274.0570650198 273.1593487388 272.6591261526 272.2503993367 15.791583094793928 16.093725431062758 16.68852385790355 18.793951893476784 9.77039253871778 7.683254253836285 7.677895109456108
21254400.0 273.5913934754 274.0236842551 273.9750158582 273.7951435831 273.1610446793 272.6662923054 272.2611126298 15.791237621322086 16.093393689774476 16.689991919200995 18.7705975356319 9.913302271038278 7.68343145873958 7.6779714195898565
21340800.0 273.228344709 273.5143865858 273.6092391246 273.5613820791 273.1622193075 272.6730026643 272.2713954664 15.619333861527343 16.092566605020107 16.691416476718253 18.747607095450494 9.962339907097052 7.683602342460883 7.678046458234223
21427200.0 273.2206975239 273.3537083028 273.4254942728 273.4132896818 273.1630119996 272.6792848704 272.2812572511 14.998522183669781 16.08783182007533 16.692726446340387 18.724875269573772 9.941587981621833 7.683766850667767 7.6781201352488555
21513600.0 273.181226482 273.2686228226 273.3231782918 273.3244835955 273.1635262518 272.6851766779 272.2907141188 14.415042281678563 16.071804834348512 16.693880148263 18.702361661711514 9.875478271688381 7.683925278939205 7.678192415730159
21600000.0 273.091910906 273.2307797546 273.2683782434 273.2737433162 273.1638291255 272.690717435 272.2997867589 14.318635708145843 15.994921786657729 16.69460870138167 18.680045958328947 9.781765751432692 7.684078070155414 7.678263308976459
21686400.0 273.0150947469 273.2299208117 273.2472166039 273.2506167272 273.1639982281 272.6959474179 272.3084988757 14.307367095394362 15.846270042444772 16.694808337727274 18.657911341532245 9.679954157026136 7.684225799186642 7.6783328602335095
21772800.0 273.664201317 273.3123847696 273.2723685994 273.2551771486 273.164066436 272.7009025788 272.3168750946 15.834199308582527 16.045119485693064 16.695710435040173 18.635937329459537 9.576568612941495 7.684369020026399 7.678401136148123
21859200.0 276.7378103253 274.9996993834 273.9141425681 273.4958766778 273.1640671266 272.7056928405 272.3250476758 15.832914148163201 16.04464114916098 16.696307758085357 18.613854378431192 9.47509449847337 7.684510588357115 7.678469122275373
21945600.0 277.8746295604 276.0537450133 274.5827583612 273.896233975 273.1647404873 272.7102812017 272.3328867834 15.832292073268002 16.044826416170284 16.697077753508697 18.591665848028608 9.512507139409712 7.684649155142443 7.678535644433591
22032000.0 276.3671561366 275.6423173656 274.6580743623 274.0663062717 273.1660263717 272.7148414328 272.3404999773 15.830463703551773 16.04487259060984 16.698054635753632 18.56964147938012 9.660612412501097 7.684789840882723 7.678601513861923
22118400.0 274.5137658897 274.5652488163 274.2187350425 273.9007432525 273.1672500375 272.7193896841 272.3479019915 15.829376226021857 16.045005947874266 16.699127128478676 18.548067734873612 9.792496183035444 7.684933200086168 7.678666785292049
22204800.0 275.1143899469 274.6105868674 274.1276618767 273.8173471862 273.1682771847 272.7238679374 272.3551499076 15.828213875841607 16.04506275817928 16.700109750242113 18.52669552672047 9.889013020900967 7.685077418492337 7.678731905587117
22291200.0 275.2613031895 274.6758684322 274.1193564406 273.7897643335 273.1691838411 272.7282459124 272.3622426331 15.82713893001921 16.04511435763392 16.701062843014185 18.50549474056205 9.967194426263537 7.685221442898797 7.6787968209101685
22377600.0 274.7397176438 274.418089006 274.0039675811 273.7303064188 273.1699690396 272.7325075627 272.3691773241 15.82614875538049 16.045225970437087 16.702048707116536 18.484522498412108 10.023631036033265 7.685364615072672 7.678861458827586
22464000.0 273.829743191 273.8883844385 273.7510194749 273.6018922081 273.1705673572 272.7366361565 272.3759498168 15.82542328328244 16.04544673534832 16.70308614157007 18.463838402147093 10.038398752518733 7.685506203563389 7.67892573096921
22550400.0 273.3806791348 273.5219642046 273.5268280712 273.4670902941 273.1709474474 272.7406145214 272.3825545698 15.824666912813704 16.04565326731303 16.704115178300427 18.443414930625988 10.004378128168943 7.6856454100571 7.678989531363962
22636800.0 273.9232640494 273.6933046947 273.5285005639 273.4296061291 273.1711897016 272.7444388905 272.3889881566 15.823395275149073 16.04559793220765 16.705026822464 18.42312973455874 9.946898690624618 7.685781867676452 7.679052769948453
22723200.0 274.4618689197 273.9953656488 273.6442452062 273.4688658387 273.1714063427 272.7481233712 272.3952528518 15.822202536412117 16.045500698767004 16.705882762604368 18.402945760318662 9.894653604611092 7.685915852292587 7.67911541057803
22809600.0 275.2271915453 274.4569765224 273.8635785198 273.5757632649 273.1717218124 272.7516982514 272.4013585289 15.821059470973234 16.04539254744551 16.706705754416255 18.382832286827835 9.873892390431795 7.686048280451906 7.679177495410231
22896000.0 276.2520262036 275.0983276473 274.1910103285 273.7498586284 273.1722622522 272.7552063511 272.407322958 15.820102739925247 16.045339843493764 16.707522134695978 18.362759673244685 9.909793443158234 7.686180625118716 7.679239154501342
22982400.0 275.4387712962 274.8545063049 274.1851501979 273.7957717302 273.1729252872 272.7586734006 272.413164712 15.818971802410553 16.04539738466771 16.70846444410303 18.34289667864978 9.973606599892697 7.686313811324798 7.67930053742307
23068800.0 274.289708389 274.2283153903 273.9363147735 273.7001697352 273.1735209757 272.7620933371 272.4188947315 15.81815209472519 16.045555300230788 16.709482243445564 18.323320633861616 10.017590791962078 7.6864475790201086 7.679361723280926
23155200.0 273.8657677464 273.8611890687 273.7211450846 273.5798288867 273.1739613381 272.7654433346 272.4245147017 15.81734539070007 16.045700926296433 16.71048975822287 18.303990967119564 10.022019019937465 7.686580976057165 7.6794226965279915
23241600.0 273.2277134898 273.4336307591 273.4795664437 273.4394378787 273.1741919108 272.7686958891 272.4300193458 15.542044572474412 16.045122693650892 16.711508620701952 18.284916109704795 9.977001915344946 7.686712792152939 7.6794833645899
23328000.0 274.1472077405 273.7831732371 273.5512242666 273.4316242737 273.1743203197 272.7718409307 272.435403399 15.816121468759743 16.044958439551902 16.71236244465919 18.265929137803806 9.916821207520096 7.686842461769179 7.67954363055819
23414400.0 274.9377199835 274.2569251091 273.7567471161 273.5187448369 273.1744955597 272.7748927348 272.4406677947 15.8149487153377 16.044796730061066 16.71316071211191 18.246998612491637 9.877783420243322 7.686970418280935 7.679603464041342
23500800.0 276.0862666868 274.959876062 274.102486468 273.6949579364 273.1748823212 272.777887904 272.4458230486 15.813973404475298 16.044680638736082 16.71393514527653 18.22808894280705 9.893944487100365 7.687098092398771 7.679662945886193
23587200.0 275.5855490385 274.8886787747 274.171461644 273.7740597174 273.1754309017 272.7808564661 272.4508841689 15.812912255251591 16.044708113167662 16.714831498985227 18.209350175820433 9.947248935166572 7.687226728202932 7.679722216462331
23673600.0 273.2239007541 273.6884661431 273.7041745993 273.5905063906 273.1758370103 272.7837863729 272.455858355 15.191157056573244 16.042775231489422 16.715906358912278 18.19099419525616 9.959304406548778 7.687355785423716 7.679781332329355
23760000.0 273.2136272488 273.393928816 273.4628771189 273.4350217678 273.1760154155 272.7866461144 272.4607424786 14.74307466735821 16.036132402847592 16.71686024027577 18.17286594469529 9.915976129044664 7.687483809717516 7.679840228971418
23846400.0 272.8269721411 273.2299354616 273.31773431 273.3269926022 273.1759709708 272.7894069692 272.4655276082 14.301929606309745 15.848641730975105 16.717094061209238 18.154921117755343 9.828322988947068 7.687609382139784 7.67989876753418
23932800.0 273.0622603225 273.2293047959 273.2671541803 273.2734249756 273.1757450846 272.7920519775 272.4702041735 14.312476153259194 15.751191540646579 16.717074819039485 18.13711933660806 9.715070073680089 7.687731548133066 7.67995679431869
24019200.0 273.421292113 273.2302385793 273.2469137708 273.2501851174 273.175413571 272.7945789756 272.4747660824 15.8375016073012 15.898940762168365 16.717362368428734 18.11945521366557 9.598020925743374 7.687850004739376 7.680014192395989
24105600.0 273.9740748065 273.6457522683 273.3981500965 273.2989127416 273.1750103787 272.7970312349 272.4792542738 15.836097459527409 16.01907636073316 16.71798477935218 18.1018240840749 9.482204446667295 7.6879666203110695 7.680071444076385
24192000.0 273.6289402503 273.5486043377 273.4126823125 273.3290715287 273.1745232484 272.7993550521 272.4836076086 15.835139444925327 16.01945882717417 16.718702839095037 18.084342998620322 9.369399868139991 7.688078671001818 7.6801277308379285
24278400.0 273.2116308945 273.2847912716 273.3021042598 273.2869404664 273.1739572878 272.8015744668 272.4878453621 14.695870192792722 16.015938467316307 16.71948135158101 18.0670615924806 9.259329546977199 7.68818711811312 7.680183251976475
24364800.0 271.643059828 273.2201376297 273.2511977499 273.2548822258 273.1732978291 272.8036675246 272.4919399138 14.299026667771114 14.97124294404779 16.702057049054908 18.049967578499288 9.152038649052729 7.688290696577359 7.680237593290863
24451200.0 270.808740452 272.6320013086 273.2320956994 273.2392173197 273.1725370448 272.8056587549 272.4959211808 14.298760438867113 14.300513695622362 16.266930711605518 18.032988855143337 9.046833048424979 7.688390434131194 7.680291099930287
24537600.0 270.3801291014 271.937338224 273.2260828033 273.2333771633 273.1716592635 272.8075441618 272.4997889977 14.298687208025083 14.299210859386765 15.370734058685375 18.015214432346642 8.94385150668231 7.688485967072076 7.680343725138559
24624000.0 270.8066100997 272.0006128637 273.2081913184 273.2329485055 273.170647461 272.8093174971 272.5035418218 14.298760006885429 14.299263126818573 14.63028835600348 17.94904230957092 8.843355200152176 7.688576810631629 7.680395402817239
24710400.0 271.5136295166 272.2726204889 273.1237894764 273.2327631935 273.1694822808 272.8109705219 272.50717665 14.298967091356829 14.299576296655065 14.330927914128148 17.79593317668445 8.745658807837769 7.688662368293222 7.680446045356194
24796800.0 272.0284580882 272.5048567095 273.0612511735 273.2325681977 273.1681415605 272.8124931316 272.5106892431 14.29928804525813 14.300059634595916 14.312317543528387 17.603267342442557 8.65112091429143 7.688741936039467 7.680495545740511
24883200.0 271.6241914506 272.3436878381 272.9976785033 273.232317211 273.1666001807 272.8138731614 272.5140739214 14.299017337328774 14.299693938137331 14.30628270808905 17.37026425242244 8.560147286583842 7.688814691322187 7.680543773851367
24969600.0 272.3054615256 272.6319001113 273.0598885088 273.2321180558 273.1648303614 272.8150963119 272.5173235398 14.299628138141319 14.300513243224918 14.312107497796502 17.194690700138434 8.473195104426033 7.6888796897288705 7.680590575249025
25056000.0 272.2157333046 272.6416634838 273.0666876022 273.2319220489 273.1628027266 272.8161462264 272.5204294915 14.299495325263182 14.3005577404935 14.313204298559823 17.029879835085787 8.390774124273449 7.688935871750775 7.680635770465714
25142400.0 271.9835633666 272.5327822961 273.0363398431 273.2316891451 273.1604886598 272.8170048583 272.5233817281 14.299248471043352 14.300142949032539 14.309152955762148 16.845027257125565 8.313441388016408 7.688982087974507 7.680679154717023
25228800.0 272.0194528235 272.5273971523 273.02779348 273.231437457 273.1578646411 272.8176533187 272.5261687701 14.299279848862524 14.300126286425668 14.308358017697365 16.657057336845984 8.24178466959065 7.689017153876238 7.6807204976325005
25315200.0 272.3783344349 272.6945026772 273.0681919315 273.2312237949 273.1549192682 272.8180741926 272.5287790242 14.299759355639 14.300832553507712 14.313464317229148 16.504629805428145 8.17638895772531 7.689039988050702 7.680759562939462
25401600.0 272.4990298835 272.7821122082 273.0943680924 273.2310362976 273.1516629427 272.8182545442 272.5312014996 14.300043173992254 14.30146736055202 14.319315548973194 16.37554642904354 8.117780627906729 7.689049791058443 7.680796120204925
25488000.0 272.49636455 272.7977717706 273.1015653587 273.2308530108 273.1481386653 272.8181906433 272.5334279264 14.300035744765218 14.30161501355275 14.321511780506157 16.253974359747982 8.066349760431557 7.68904631647702 7.680829978608797
25574400.0 272.3765004646 272.7448055704 273.0891958356 273.2306469397 273.1444297462 272.8178933341 272.535455381 14.299755742234241 14.301162639678886 14.317921631063392 16.12380811859005 8.022262826117009 7.68903016845221 7.680861029923966
25660800.0 272.5467957862 272.8135979572 273.1028849694 273.2304549696 273.1406582195 272.8173924141 272.5372890878 14.300187739266967 14.301778569952843 14.32195102607082 16.00616650140996 7.985391491530053 7.6890030284462965 7.680889295330218
25747200.0 272.4256031132 272.7700931742 273.0943486855 273.2302444922 273.1369695325 272.816737586 272.5389445001 14.299858965128694 14.301362489328714 14.319310048866614 15.882755883522053 7.955290855313238 7.688967675763645 7.680914961794588
25833600.0 272.2681634758 272.6875117141 273.0714749807 273.2299894391 273.1335060893 272.8159942264 272.5404476432 14.299569565898173 14.300792496995289 14.314055564377018 15.741833477645375 7.9312466159738655 7.688927715657685 7.680938391182091
25920000.0 272.0941739908 272.5887859362 273.0414791075 273.2296698875 273.1303800265 272.8152344724 272.5418331365 14.299352202011697 14.300335696375205 14.309692861173282 15.577560219589444 7.912378621799053 7.688887062203602 7.680960091913386
26006400.0 271.9151596818 272.4844302503 273.0090450552 273.2292679652 273.1276568422 272.8145265689 272.5431403208 14.29919383755047 14.300003227334853 14.306959281221916 15.387873316846187 7.897762749404269 7.688849353052248 7.680980659225559
26092800.0 271.6754795095 272.3504128568 272.9688303734 273.2287458738 273.1253545385 272.8139260907 272.5444085854 14.299043271214984 14.29970618150012 14.304954952661772 15.166262241383663 7.886531902915426 7.688817493956545 7.6810007011655514
26179200.0 271.6094248555 272.2933230242 272.9485111437 273.2281168245 273.1234543469 272.8134714859 272.5456733281 14.299010198588116 14.299608502137966 14.304252938686815 14.928988853355017 7.8779362314203984 7.688793451851295 7.681020773323897
26265600.0 271.7401773231 272.3441319653 272.9593379921 273.2274405808 273.1219155109 272.8131838667 272.546963285 14.299078747419994 14.299694740241518 14.304607908999323 14.701793756661123 7.871364070677071 7.688778275258494 7.681041334541411
26352000.0 271.1551528953 272.075872486 272.8888487315 273.2264280433 273.1206882668 272.8130697791 272.5482995185 14.298843298114503 14.29933352612274 14.30283562476806 14.417262555896016 7.866336148520527 7.6887722626433055 7.681062728678126
26438400.0 270.8242631089 271.868447765 272.8255493815 273.2249151301 273.1197226562 272.8131251711 272.549695717 14.298763610952351 14.299159960467428 14.301912932089538 14.08145626706392 7.862486597991891 7.688775181374439 7.681085187201235
26524800.0 270.6629309219 271.7523460643 272.7870990924 273.2226777335 273.1189733026 272.8133392578 272.5511592292 14.298732621580786 14.299085796338952 14.301512964325502 13.715882063924209 7.859540344991196 7.688786471368533 7.681108843736277
26611200.0 270.4671103941 271.636305363 272.7499371309 273.2190350921 273.1184013004 272.813697765 272.5526925827 14.29870013119509 14.299023300279703 14.301201101097679 13.323796146990004 7.857292017267015 7.688805410458911 7.681133756670765
26697600.0 270.5166412443 271.6350340437 272.7398002027 273.2126347115 273.1179743903 272.8141850147 272.5542946625 14.29870788148434 14.29902266989609 14.301126074057539 12.933395225796689 7.855588369817956 7.688831217162991 7.6811599266637085
26784000.0 270.2692339379 271.5081156508 272.6867038274 273.1962638652 273.1176663145 272.8147854493 272.5559620252 14.298671890920723 14.29896476700051 14.30078794785649 12.527761062311448 7.854314558901047 7.688863124361768 7.6811873167190345
26870400.0 270.2729812565 271.4587261433 272.6127248684 273.1515732301 273.1174558815 272.8154845105 272.5576899033 14.298672388758053 14.298944639374424 14.300430671850584 12.145655001880865 7.853383812328978 7.68890042051935 7.681215867655527
26956800.0 269.9955064285 271.2849320468 272.4966055174 273.1014030035 273.117326011 272.8162688671 272.5594726851 14.29863880009623 14.298882485054481 14.300036413870576 11.753487016114624 7.852729877609378 7.6889424580143935 7.681245505317484
27043200.0 269.8629016906 271.1726005709 272.4264407657 273.0777714195 273.1172915668 272.817131068 272.5613056125 14.298624798014153 14.29884825980719 14.29986085067683 11.33385950463615 7.852420404907988 7.688988901871503 7.681276168469687
27129600.0 269.6659793597 271.0477594624 272.3683355439 273.062481946 273.1173357191 272.8180641425 272.5631844953 14.29860601797486 14.29881461533506 14.299739866083511 10.888655753616248 7.852381538815109 7.689039442100025 7.681307804217996
27216000.0 269.1933973088 270.7871460004 272.2683360102 273.041045782 273.1174377581 272.8190595166 272.5651049585 14.298568747209845 14.298756097034648 14.299569825158573 10.404325219562741 7.852533203101305 7.689093678852755 7.681340355396712
27302400.0 268.1257736292 270.2067168592 272.0542769172 272.9984607461 273.1175821801 272.8201078925 272.5670622106 14.29851088560471 14.298663777080511 14.299312310871398 9.827711570088367 7.852820945160906 7.689151166387346 7.681373756345136
27388800.0 267.5928768278 269.8237436677 271.890543603 272.9625388577 273.117757394 272.8212002245 272.569051168 14.298490502529848 14.298620881974266 14.299175664094463 9.18747880848658 7.853205945950655 7.689211464012272 7.681407934697002
27475200.0 267.6874002912 269.7880284397 271.8511496719 272.9469095379 273.1179545145 272.8223282406 272.5710667051 14.298493820680516 14.298617391758832 14.299148048677495 8.559507542834625 7.853659109968752 7.689274163933702 7.681442815373026
27561600.0 268.2063376538 270.0294877426 271.9181735556 272.9419463485 273.1181664517 272.8234845836 272.5731038478 14.298514359662185 14.298642584737143 14.299196113789845 8.029780503371416 7.854157307533908 7.6893388993560565 7.68147832383749
27648000.0 268.1569891632 270.026720975 271.8734937352 272.8454225001 273.118386889 272.8246627051 272.5751578773 14.298512218027877 14.298642273433446 14.299163497569637 7.716363402177873 7.8546793424968655 7.689405339128135 7.681514387844387
27734400.0 267.7955901685 269.7938679922 271.6848203133 272.6443682105 273.1186101857 272.8258567356 272.5772243662 14.298497766078812 14.29861795721102 14.29904819481695 7.685675326481196 7.855205930492979 7.689473181244394 7.6815509381830065
27820800.0 266.4911817551 269.0614239845 271.3377086881 272.4703540234 273.1188322377 272.827061523 272.5792992168 14.298458931216688 14.29855991420328 14.298900068193522 7.681453478064519 7.855723541473711 7.689542155774419 7.681587909399496
27907200.0 265.7224967828 268.5009994215 271.045013199 272.3337584691 273.1190501098 272.8282726451 272.5813786884 14.29844257338659 14.298528118724684 14.298813921180082 7.679659005902693 7.8562226968577065 7.689612026705275 7.681625240465479
27993600.0 264.6051940629 267.8051615033 270.7168714854 272.1943381911 273.1192596248 272.8294860601 272.5834593513 14.298424162947136 14.298498123007242 14.298742514033382 7.6784303296984255 7.856687765367459 7.689682572738759 7.681662874080572
28080000.0 263.3966644321 267.036419579 270.3564553637 272.0445055816 273.119453371 272.8306974562 272.5855378896 14.298409105504735 14.298473097867769 14.29868383347771 7.677480156391041 7.857089172067422 7.68975354966998 7.68170075323782
28166400.0 262.3100351036 266.3049488625 269.9894160596 271.8693402332 273.1195962574 272.8318980379 272.5876099458 14.29839850066129 14.298454622095333 14.298638130602061 7.676621312056164 7.85727877784764 7.689824439731857 7.681738799947705
28252800.0 261.9324592968 265.8493367052 269.5561636934 271.4215780885 273.1192788324 272.8330186681 272.5896557498 14.298395308874174 14.298445029326725 14.29859646053068 7.675113392210927 7.855519118310416 7.68989110564612 7.681776647597435
28339200.0 261.4461074916 265.4242236473 269.2025504378 271.1292504178 273.1176146167 272.8338593538 272.5916129457 14.298391508923032 14.298437123768064 14.29856938229106 7.6745853442335275 7.848468553701187 7.689941435813317 7.681813122077505
28425600.0 260.7132077002 264.914006611 268.8816882062 270.9203636173 273.1046915801 272.8327227246 272.5930261794 14.298386358542317 14.298428739258084 14.298548784216504 7.674310125593435 7.807506557422296 7.689873453163919 7.681839622601119
28512000.0 261.7727302758 265.1943777878 268.6775528772 270.4716884385 272.6022510233 272.7404859431 272.5718516309 14.298394024077158 14.298433210092913 14.298537254379127 7.67383369392962 7.682181353677797 7.685640867635479 7.681456466665371
28598400.0 260.8616027885 264.6204068644 268.1278765974 269.8537535324 271.9792638492 272.5369393222 272.5073416553 14.298387350424479 14.298424380426296 14.29851097483363 7.673431564711827 7.676497757644543 7.680883909161394 7.680448358238699
28684800.0 261.0387005886 264.4272335316 267.7063057024 269.3414138025 271.4799529573 272.2828658913 272.4011696314 14.298388566860886 14.298421676635133 14.298494498518183 7.673205130143519 7.675043056965125 7.678132329248878 7.679175559068988
28771200.0 259.98327808 263.7092678172 267.1319521693 268.8106271197 271.0372887756 272.0120802011 272.2640604757 14.2983818137633 14.298412621215968 14.298475851350243 7.673031575282429 7.67434304698786 7.676576945059004 7.677992748845141
28857600.0 260.0239816703 263.4442225819 266.7285075986 268.373423332 270.6394712104 271.7395225806 272.1065612681 14.298382053525785 14.29840962537681 14.298464794345191 7.672918344190287 7.6739300599917355 7.675626220851135 7.677025724096849
28944000.0 260.2611998227 263.3935982421 266.4709452817 268.0412210082 270.2891000596 271.4741898062 271.9371968548 14.298383481825901 14.298409072162604 14.298458451041572 7.672845529889901 7.673663871703718 7.675003866748907 7.6762720624493825
29030400.0 259.7531618591 263.0303073852 266.1374475243 267.7076997516 269.9676869251 271.2184634498 271.7617191433 14.298380486445666 14.298405268744032 14.298450946774027 7.672782092942755 7.673472752225507 7.6745693060088 7.6756893480289
29116800.0 258.995073212 262.4765365861 265.7165637998 267.3374016572 269.6553996026 270.969765825 271.5830192561 14.298376427310613 14.298399981884309 14.298442460612298 7.672720712464662 7.673321809649012 7.674246607563742 7.67523300211255
29203200.0 259.582235611 262.5648945661 265.544543903 267.0842132512 269.3726490563 270.7304256707 271.4035115929 14.298379530493458 14.298400787373065 14.298439269328725 7.67268284589118 7.673207155701538 7.674000090499738 7.674870705287047
29289600.0 260.7366513772 263.1012147163 265.6322177898 266.9953080863 269.1453090363 270.5081758433 271.2268372424 14.298386513620509 14.298405988930222 14.29844087711926 7.672669879779055 7.673126853426124 7.673812082578653 7.674581656228374
29376000.0 260.3929916092 263.000745673 265.5413136116 266.870583177 268.948005717 270.3039410377 271.0557644628 14.298384298953488 14.298404971545887 14.298439210815868 7.672652916383048 7.673064434450714 7.673665801671303 7.674349307151101
29462400.0 261.0494534294 263.2766764768 265.5774986062 266.808458439 268.782504373 270.118158122 270.8922535899 14.29838864189502 14.298407816711254 14.298439869181118 7.672644547337638 7.673016523800921 7.673550254892246 7.674160898882541
29548800.0 262.6483818145 264.1265543903 265.8948713761 266.9089055798 268.6735992516 269.9564638794 270.7390949735 14.29840156124703 14.298417704294149 14.298445932489882 7.672657233908353 7.672986838661229 7.67346089131524 7.674008140313889
29635200.0 263.3188386224 264.6565059852 266.1699806806 267.041149558 268.6110360736 269.8214011668 270.5989068275 14.298408265896226 14.298424899692847 14.298451646461594 7.672674897242608 7.672970339830303 7.673393060676374 7.67388477510129
29721600.0 263.8778897346 265.0740555918 266.4069631641 267.1739072486 268.5796016571 269.7113937736 270.4730849596 14.298414618716155 14.29843125241079 14.298456952296565 7.672693535823446 7.672962135571602 7.673341846076392 7.67378531659821
29808000.0 263.5210118291 265.001252092 266.4375336622 267.2116717221 268.5495934268 269.619175511 270.3607712624 14.298410475923014 14.298430096667133 14.298457664738404 7.672699028574256 7.6729544916800725 7.67330143187739 7.673704297461889
29894400.0 264.4500058188 265.4669093289 266.6400221603 267.3127527954 268.5346239126 269.5421740871 270.2608286022 14.298421988971409 14.298437877054173 14.298462557050648 7.672713993268193 7.672950654468795 7.673269308017545 7.673637626766181
29980800.0 262.855715586 264.7642437438 266.396043724 267.2099806835 268.4893536182 269.4700279603 270.1700664593 14.298403538866868 14.298426476722701 14.298456699429236 7.672698795914105 7.672939573598016 7.673240459630868 7.673581049077231
30067200.0 259.1854527749 262.7161159727 265.4638428375 266.708564131 268.3389038769 269.3795234622 270.0806007144 14.298377404073767 14.298402198444395 14.298437822652511 7.672631602511126 7.6729045423305005 7.673205869944784 7.67352863385813
30153600.0 258.626571644 261.895036614 264.8273859076 266.2328444812 268.1227457484 269.2614983713 269.9849817905 14.298374611474364 14.29839500449896 14.298427420456047 7.672576734039932 7.672857924219997 7.6731632403393535 7.673475969349645
30240000.0 259.0086212669 261.8065752753 264.5394326414 265.9196236432 267.9012018883 269.12336524 269.8804583211 14.29837649592618 14.298394293210805 14.29842323189795 7.672544419696714 7.6728141348542 7.673116599047975 7.673422010113184
30326400.0 259.2321513188 261.8221948217 264.3872777724 265.711970989 267.7003156839 268.9766514503 269.768350758 14.298377647864589 14.298394417974494 14.298421132650406 7.6725244604411005 7.672777516416053 7.673070523766258 7.673367933130011
30412800.0 258.2378216443 261.2598287071 264.0421416731 265.4391171728 267.4982039296 268.8246485601 269.6503147847 14.298372795867577 14.298390138020334 14.298416637460715 7.672500095280396 7.672743371414051 7.673026164297228 7.673314831537732
30499200.0 259.555131477 261.7483409496 264.0928031402 265.3480300182 267.3311023784 268.6760124396 269.5294396923 14.29837938117094 14.298393831150454 14.2984172752891 7.672492158133271 7.6727169225868135 7.67298577312517 7.673264128100282
30585600.0 262.5848668008 263.3682160252 264.7294205784 265.600588065 267.2612275789 268.550036033 269.4125200725 14.29840097135712 14.298408796999201 14.298425962466075 7.67251371479585 7.672706189597483 7.672953633352826 7.673218280163326
30672000.0 262.7240528704 263.8191746166 265.0644792412 265.8091448879 267.2481253929 268.4527284822 269.3054687726 14.298402273663374 14.298413914764417 14.298431099168294 7.672532849713852 7.672704100124906 7.6729300169117 7.673178807129878
30758400.0 260.139934592 262.6316427565 264.6636288417 265.6554303104 267.1928697555 268.3666900314 269.2075685881 14.298382744990956 14.298401405072518 14.298425002683123 7.672518714341006 7.672695928845676 7.672909955696804 7.673144631000374
30844800.0 259.5545165854 262.0523014509 264.3104184956 265.4283306123 267.0911432159 268.2772278508 269.1143793359 14.298379377792747 14.298396297779702 14.298420100421142 7.672498738614898 7.672681348947489 7.672889866105903 7.673113677656741
30931200.0 260.8655305063 262.5482888742 264.3908211144 265.387133116 267.0010253784 268.1869652762 269.0237879397 14.298387377010222 14.29840063494006 14.298421180690864 7.672495114832161 7.672668812155323 7.672870349008959 7.673084960716532
31017600.0 260.5094685929 262.4518143877 264.336045814 265.3256730501 266.9181967937 268.0985161031 268.9353578938 14.298385035705572 14.298399758961798 14.29842044254926 7.672489915096432 7.672657611440539 7.67285191743009 7.673058148364724
31104000.0 261.3551630787 262.8466095698 264.4633271525 265.352777861 266.8582872543 268.0165483163 268.8501371576 14.298390834068375 14.298403450294465 14.298422172458295 7.672492096320818 7.672649676294501 7.672835417637102 7.67303337837815
31190400.0 261.2679700282 262.8837295796 264.4936369489 265.358247921 266.8097694982 267.9420226093 268.7690422376 14.298390197011235 14.29840381236667 14.298422592100014 7.672492522480403 7.672643359970918 7.672820877929036 7.673010724542118
31276800.0 258.1132246544 261.2740411869 263.8138030152 265.0076405587 266.6925912945 267.8587595689 268.6885058743 14.298372234392732 14.298390241061602 14.298413850814581 7.6724645373804 7.672628621727023 7.672805130102582 7.672989061970995
31363200.0 256.8771606198 260.2302711459 263.1648649053 264.570559956 266.5085511939 267.7543983367 268.6029130721 14.29836714303479 14.298383292545095 14.298406644350708 7.67243281936621 7.672606558996027 7.6727860953496165 7.672966901287703
31449600.0 257.7985018162 260.3824197961 262.991007144 264.3321402582 266.3242361117 267.6346960119 268.5101525316 14.298370857906454 14.298384232766397 14.298404874030833 7.672416731484678 7.672585647366842 7.672765171483008 7.672943830840547
31536000.0 257.9060181188 260.4056719092 262.8841108537 264.1742853127 266.1597534533 267.5093072607 268.4115127149 14.298371321566666 14.298384378487631 14.298403816095432 7.672406540285109 7.672567914672762 7.672744229606608 7.672920313602394
