single point
       alpha_p                      0.002500000000000000    1.000000000000000    0.000000000000000
       alpha_m                      0.002125541016552000    1.000000000000000    0.000000000000000
           n_p                      1.499920393968000    1.000000000000000    0.000000000000000
           n_m                      2.061262197788000    1.000000000000000    0.000000000000000
          wr_p                      0.1460291168624000    1.000000000000000    0.000000000000000
          wr_m                      0.1632874192678000    1.000000000000000    0.000000000000000
         tcs_p                      0.4788355964244600    1.000000000000000    0.000000000000000
         tcs_m                      0.9419089361421900    1.000000000000000    0.000000000000000
         tcd_p                      0.1150510938050000    1.000000000000000    0.000000000000000
         tcd_m                      0.9840661974886700    1.000000000000000    0.000000000000000
          af_p                      1.498599243008500    1.000000000000000    0.000000000000000
          af_m                      1.499484229006500    1.000000000000000    0.000000000000000
         auf_p                      0.4795216235526800    1.000000000000000    0.000000000000000
         auf_m                      0.6989617877753400    1.000000000000000    0.000000000000000
         por_p                      0.5282788410862100    1.000000000000000    0.000000000000000
         por_m                      0.4268976571139200    1.000000000000000    0.000000000000000
        perm_p                      4.273340306880000e-11    1.000000000000000    0.000000000000000
        perm_m                      1.716528922730000e-13    1.000000000000000    0.000000000000000
         den_p                      900.0000000000000    1.000000000000000    0.000000000000000
         den_m                      1900.000000000000    1.000000000000000    0.000000000000000
     albedo_bg                      0.5709473430513878    1.000000000000000    0.000000000000000
          e_bg                      0.8035887334724000    1.000000000000000    0.000000000000000
         pen_w                      0.01015875502219000    1.000000000000000    0.000000000000000
         pen_s                      0.01395411709380000    1.000000000000000    0.000000000000000
          z_bg                      0.04570678910130000    1.000000000000000    0.000000000000000
           z_s                      0.003458637600000000    1.000000000000000    0.000000000000000
