single point
       alpha_p                      0.002500000000000000    1.000000000000000    0.000000000000000
       alpha_m                      0.002120449588643000    1.000000000000000    0.000000000000000
           n_p                      1.499920106830000    1.000000000000000    0.000000000000000
           n_m                      2.061262117842000    1.000000000000000    0.000000000000000
          wr_p                      0.1460293009713000    1.000000000000000    0.000000000000000
          wr_m                      0.1632875587039000    1.000000000000000    0.000000000000000
         tcs_p                      0.4788358755037300    1.000000000000000    0.000000000000000
         tcs_m                      0.9419088677774200    1.000000000000000    0.000000000000000
         tcd_p                      0.1150512008911100    1.000000000000000    0.000000000000000
         tcd_m                      0.9840661928715800    1.000000000000000    0.000000000000000
          af_p                      1.498599182737700    1.000000000000000    0.000000000000000
          af_m                      1.499484222830700    1.000000000000000    0.000000000000000
         auf_p                      0.4795215196404700    1.000000000000000    0.000000000000000
         auf_m                      0.6989617857249500    1.000000000000000    0.000000000000000
         por_p                      0.5282781786427900    1.000000000000000    0.000000000000000
         por_m                      0.4268971751145000    1.000000000000000    0.000000000000000
        perm_p                      4.273062185770000e-11    1.000000000000000    0.000000000000000
        perm_m                      1.750000000000000e-13    1.000000000000000    0.000000000000000
         den_p                      900.0000000000000    1.000000000000000    0.000000000000000
         den_m                      1900.000000000000    1.000000000000000    0.000000000000000
     albedo_bg                      0.5709472810768766    1.000000000000000    0.000000000000000
          e_bg                      0.8035886397104000    1.000000000000000    0.000000000000000
         pen_w                      0.01015867734196000    1.000000000000000    0.000000000000000
         pen_s                      0.01395395782646000    1.000000000000000    0.000000000000000
          z_bg                      0.04570659071390000    1.000000000000000    0.000000000000000
           z_s                      0.003457110100000000    1.000000000000000    0.000000000000000
