single point
       alpha_p                      0.003261142230034000    1.000000000000000    0.000000000000000
       alpha_m                      0.002173991491315000    1.000000000000000    0.000000000000000
           n_p                      1.500764287507000    1.000000000000000    0.000000000000000
           n_m                      2.058736490365000    1.000000000000000    0.000000000000000
          wr_p                      0.1325288539692000    1.000000000000000    0.000000000000000
          wr_m                      0.1549355995042000    1.000000000000000    0.000000000000000
         tcs_p                      0.4650401524049100    1.000000000000000    0.000000000000000
         tcs_m                      0.9450194631695900    1.000000000000000    0.000000000000000
         tcd_p                      0.1163439891153900    1.000000000000000    0.000000000000000
         tcd_m                      0.9843408562706000    1.000000000000000    0.000000000000000
          af_p                      1.500789694504900    1.000000000000000    0.000000000000000
          af_m                      1.499803996784000    1.000000000000000    0.000000000000000
         auf_p                      0.4826373779615500    1.000000000000000    0.000000000000000
         auf_m                      0.6991474121334600    1.000000000000000    0.000000000000000
         por_p                      0.5571576235403000    1.000000000000000    0.000000000000000
         por_m                      0.4435813816013100    1.000000000000000    0.000000000000000
        perm_p                      3.327931213740000e-11    1.000000000000000    0.000000000000000
        perm_m                      1.750000000000000e-13    1.000000000000000    0.000000000000000
         den_p                      900.0000000000000    1.000000000000000    0.000000000000000
         den_m                      1900.000000000000    1.000000000000000    0.000000000000000
     albedo_bg                      0.5653015174835427    1.000000000000000    0.000000000000000
          e_bg                      0.7889705055130000    1.000000000000000    0.000000000000000
         pen_w                      0.01021037073581000    1.000000000000000    0.000000000000000
         pen_s                      0.02258688937781000    1.000000000000000    0.000000000000000
          z_bg                      0.04524380280380000    1.000000000000000    0.000000000000000
           z_s                      0.002570158290000000    1.000000000000000    0.000000000000000
