single point
       alpha_p                      0.002500000000000000    1.000000000000000    0.000000000000000
       alpha_m                      0.001661270465482000    1.000000000000000    0.000000000000000
           n_p                      1.484592519289000    1.000000000000000    0.000000000000000
           n_m                      2.057491157928000    1.000000000000000    0.000000000000000
          wr_p                      0.1561162596494000    1.000000000000000    0.000000000000000
          wr_m                      0.1734850727591000    1.000000000000000    0.000000000000000
         tcs_p                      0.4919551709860100    1.000000000000000    0.000000000000000
         tcs_m                      0.9381644144950300    1.000000000000000    0.000000000000000
         tcd_p                      0.1206577608727700    1.000000000000000    0.000000000000000
         tcd_m                      0.9844002926944601    1.000000000000000    0.000000000000000
          af_p                      1.496549155257500    1.000000000000000    0.000000000000000
          af_m                      1.499086459932700    1.000000000000000    0.000000000000000
         auf_p                      0.4771380713950900    1.000000000000000    0.000000000000000
         auf_m                      0.6992001682973300    1.000000000000000    0.000000000000000
         por_p                      0.5011989751682699    1.000000000000000    0.000000000000000
         por_m                      0.4073666218072000    1.000000000000000    0.000000000000000
        perm_p                      5.242244534580000e-11    1.000000000000000    0.000000000000000
        perm_m                      1.750000000000000e-13    1.000000000000000    0.000000000000000
         den_p                      900.0000000000000    1.000000000000000    0.000000000000000
         den_m                      1900.000000000000    1.000000000000000    0.000000000000000
     albedo_bg                      0.5697917904095116    1.000000000000000    0.000000000000000
          e_bg                      0.8028679872338000    1.000000000000000    0.000000000000000
         pen_w                      0.01062310389936000    1.000000000000000    0.000000000000000
         pen_s                      0.01450528130774000    1.000000000000000    0.000000000000000
          z_bg                      0.04696662073600000    1.000000000000000    0.000000000000000
           z_s                      0.003134668160000000    1.000000000000000    0.000000000000000
