single point
       alpha_p                      0.004941191276591000    1.000000000000000    0.000000000000000
       alpha_m                      0.001992267058768000    1.000000000000000    0.000000000000000
           n_p                      1.502272630732000    1.000000000000000    0.000000000000000
           n_m                      2.055521695424000    1.000000000000000    0.000000000000000
          wr_p                      0.1170535964121000    1.000000000000000    0.000000000000000
          wr_m                      0.1599012170546000    1.000000000000000    0.000000000000000
         tcs_p                      0.4492340028908800    1.000000000000000    0.000000000000000
         tcs_m                      0.9498487692737400    1.000000000000000    0.000000000000000
         tcd_p                      0.1041983785944900    1.000000000000000    0.000000000000000
         tcd_m                      0.9846081518902799    1.000000000000000    0.000000000000000
          af_p                      1.504018545692100    1.000000000000000    0.000000000000000
          af_m                      1.499349600946900    1.000000000000000    0.000000000000000
         auf_p                      0.4866427407520700    1.000000000000000    0.000000000000000
         auf_m                      0.6988840535193800    1.000000000000000    0.000000000000000
         por_p                      0.6015367268173000    1.000000000000000    0.000000000000000
         por_m                      0.4661041989122200    1.000000000000000    0.000000000000000
        perm_p                      3.285551122180000e-11    1.000000000000000    0.000000000000000
        perm_m                      1.750000000000000e-13    1.000000000000000    0.000000000000000
         den_p                      900.0000000000000    1.000000000000000    0.000000000000000
         den_m                      1900.000000000000    1.000000000000000    0.000000000000000
     albedo_bg                      0.5566719262424898    1.000000000000000    0.000000000000000
          e_bg                      0.7659681599169000    1.000000000000000    0.000000000000000
         pen_w                      0.01023288493726000    1.000000000000000    0.000000000000000
         pen_s                      0.02516718921480000    1.000000000000000    0.000000000000000
          z_bg                      0.04279224227290000    1.000000000000000    0.000000000000000
           z_s                      0.003837936170000000    1.000000000000000    0.000000000000000
