single point
       alpha_p                      0.006569896082229000    1.000000000000000    0.000000000000000
       alpha_m                      0.003193600000000000    1.000000000000000    0.000000000000000
           n_p                      1.498942748100000    1.000000000000000    0.000000000000000
           n_m                      2.050064024561000    1.000000000000000    0.000000000000000
          wr_p                      0.1117489493350000    1.000000000000000    0.000000000000000
          wr_m                      0.1627409098306000    1.000000000000000    0.000000000000000
         tcs_p                      0.4404292249482700    1.000000000000000    0.000000000000000
         tcs_m                      0.9519607656991800    1.000000000000000    0.000000000000000
         tcd_p                      0.1010765419434200    1.000000000000000    0.000000000000000
         tcd_m                      0.9844395614091700    1.000000000000000    0.000000000000000
          af_p                      1.505010680653600    1.000000000000000    0.000000000000000
          af_m                      1.499384678612700    1.000000000000000    0.000000000000000
         auf_p                      0.4868524599987500    1.000000000000000    0.000000000000000
         auf_m                      0.6988838821263400    1.000000000000000    0.000000000000000
         por_p                      0.6400774656614500    1.000000000000000    0.000000000000000
         por_m                      0.4817887755628400    1.000000000000000    0.000000000000000
        perm_p                      2.798931983330000e-11    1.000000000000000    0.000000000000000
        perm_m                      2.500000000000000e-14    1.000000000000000    0.000000000000000
         den_p                      900.0000000000000    1.000000000000000    0.000000000000000
         den_m                      1900.000000000000    1.000000000000000    0.000000000000000
     albedo_bg                      0.5500000000282779    1.000000000000000    0.000000000000000
          e_bg                      0.7499999999968000    1.000000000000000    0.000000000000000
         pen_w                      0.01001320315133000    1.000000000000000    0.000000000000000
         pen_s                      0.02000660157567000    1.000000000000000    0.000000000000000
          z_bg                      0.04000330078780000    1.000000000000000    0.000000000000000
           z_s                      0.008750000000000001    1.000000000000000    0.000000000000000
