single point
       alpha_p                      0.008821484696341000    1.000000000000000    0.000000000000000
       alpha_m                      0.002340706249782000    1.000000000000000    0.000000000000000
           n_p                      1.499665233353000    1.000000000000000    0.000000000000000
           n_m                      2.050000033886000    1.000000000000000    0.000000000000000
          wr_p                      0.1042701600167000    1.000000000000000    0.000000000000000
          wr_m                      0.1606439377590000    1.000000000000000    0.000000000000000
         tcs_p                      0.4399353530654700    1.000000000000000    0.000000000000000
         tcs_m                      0.9520375881847100    1.000000000000000    0.000000000000000
         tcd_p                      0.1010715135845500    1.000000000000000    0.000000000000000
         tcd_m                      0.9844395206077400    1.000000000000000    0.000000000000000
          af_p                      1.505057333423600    1.000000000000000    0.000000000000000
          af_m                      1.499384597824100    1.000000000000000    0.000000000000000
         auf_p                      0.4868757565389000    1.000000000000000    0.000000000000000
         auf_m                      0.6988824954610600    1.000000000000000    0.000000000000000
         por_p                      0.6384416596342100    1.000000000000000    0.000000000000000
         por_m                      0.4812497354338500    1.000000000000000    0.000000000000000
        perm_p                      3.722879230940000e-11    1.000000000000000    0.000000000000000
        perm_m                      1.750000000000000e-13    1.000000000000000    0.000000000000000
         den_p                      900.0000000000000    1.000000000000000    0.000000000000000
         den_m                      1900.000000000000    1.000000000000000    0.000000000000000
     albedo_bg                      0.5500000000000000    1.000000000000000    0.000000000000000
          e_bg                      0.7500000000000000    1.000000000000000    0.000000000000000
         pen_w                      0.01000000000000000    1.000000000000000    0.000000000000000
         pen_s                      0.02000000000000000    1.000000000000000    0.000000000000000
          z_bg                      0.04000000000000000    1.000000000000000    0.000000000000000
           z_s                      0.007094137640000000    1.000000000000000    0.000000000000000
