single point
       alpha_p                      0.006862840080758000    1.000000000000000    0.000000000000000
       alpha_m                      0.003193600000000000    1.000000000000000    0.000000000000000
           n_p                      1.499108206569000    1.000000000000000    0.000000000000000
           n_m                      2.050050515799000    1.000000000000000    0.000000000000000
          wr_p                      0.1109302416254000    1.000000000000000    0.000000000000000
          wr_m                      0.1624936540323000    1.000000000000000    0.000000000000000
         tcs_p                      0.4403427124053000    1.000000000000000    0.000000000000000
         tcs_m                      0.9519749146631000    1.000000000000000    0.000000000000000
         tcd_p                      0.1010639965500900    1.000000000000000    0.000000000000000
         tcd_m                      0.9844496000668100    1.000000000000000    0.000000000000000
          af_p                      1.505018471821100    1.000000000000000    0.000000000000000
          af_m                      1.499381529314500    1.000000000000000    0.000000000000000
         auf_p                      0.4868810674168000    1.000000000000000    0.000000000000000
         auf_m                      0.6988824949700900    1.000000000000000    0.000000000000000
         por_p                      0.6398792437253700    1.000000000000000    0.000000000000000
         por_m                      0.4817202355676000    1.000000000000000    0.000000000000000
        perm_p                      1.873017174650000e-11    1.000000000000000    0.000000000000000
        perm_m                      1.750000000000000e-13    1.000000000000000    0.000000000000000
         den_p                      900.0000000000000    1.000000000000000    0.000000000000000
         den_m                      1900.000000000000    1.000000000000000    0.000000000000000
     albedo_bg                      0.5500000000000000    1.000000000000000    0.000000000000000
          e_bg                      0.7500000000000000    1.000000000000000    0.000000000000000
         pen_w                      0.01000000000000000    1.000000000000000    0.000000000000000
         pen_s                      0.02000000000000000    1.000000000000000    0.000000000000000
          z_bg                      0.04000000000000000    1.000000000000000    0.000000000000000
           z_s                      0.008750000000000001    1.000000000000000    0.000000000000000
