single point
       alpha_p                      0.007996837068603000    1.000000000000000    0.000000000000000
       alpha_m                      0.003193600118500000    1.000000000000000    0.000000000000000
           n_p                      1.499482561275000    1.000000000000000    0.000000000000000
           n_m                      2.050006143472000    1.000000000000000    0.000000000000000
          wr_p                      0.1085143242211000    1.000000000000000    0.000000000000000
          wr_m                      0.1617732667101000    1.000000000000000    0.000000000000000
         tcs_p                      0.4401983742818200    1.000000000000000    0.000000000000000
         tcs_m                      0.9520058612921199    1.000000000000000    0.000000000000000
         tcd_p                      0.1010459519382100    1.000000000000000    0.000000000000000
         tcd_m                      0.9844675907656100    1.000000000000000    0.000000000000000
          af_p                      1.505030191251800    1.000000000000000    0.000000000000000
          af_m                      1.499375712725800    1.000000000000000    0.000000000000000
         auf_p                      0.4869015081500200    1.000000000000000    0.000000000000000
         auf_m                      0.6988824948556600    1.000000000000000    0.000000000000000
         por_p                      0.6393877538206800    1.000000000000000    0.000000000000000
         por_m                      0.4815242063738400    1.000000000000000    0.000000000000000
        perm_p                      2.998780153470000e-11    1.000000000000000    0.000000000000000
        perm_m                      1.750000000000000e-13    1.000000000000000    0.000000000000000
         den_p                      900.0000000000000    1.000000000000000    0.000000000000000
         den_m                      1900.000000000000    1.000000000000000    0.000000000000000
     albedo_bg                      0.5500000000000000    1.000000000000000    0.000000000000000
          e_bg                      0.7500000000000000    1.000000000000000    0.000000000000000
         pen_w                      0.01000000000000000    1.000000000000000    0.000000000000000
         pen_s                      0.02000000000000000    1.000000000000000    0.000000000000000
          z_bg                      0.04000000000000000    1.000000000000000    0.000000000000000
           z_s                      0.007494575210000000    1.000000000000000    0.000000000000000
