0.0 270.15 270.15 270.15 270.15 270.15 270.15 270.15 7.343583311193447 7.343583311193447 7.343583311193447 7.828766876709516 7.828766876709516 7.828766875495579 7.828766873554242
86400.0 269.3489939102 269.6908606523 269.9050889217 270.0286384223 270.1311539148 270.1477782413 270.1496460144 7.316353920760401 7.326813782626606 7.334194857410207 7.828728475660812 7.828760697460864 7.828766142614715 7.8287667567127865
172800.0 268.5377721778 269.0959388807 269.4936129726 269.7620699612 270.0529002309 270.1293910151 270.1445447383 7.296367741684575 7.309479010940176 7.320599489224078 7.828654110224398 7.828735884767546 7.828760119723102 7.82876507604082
259200.0 267.7130528521 268.450270746 269.0131259449 269.4237401771 269.9280761767 270.0910664142 270.1314474126 7.280827949316627 7.294527045472454 7.307367346320003 7.828575421620409 7.828698895084623 7.8287478046914964 7.828760787643874
345600.0 266.7941036722 267.7246466995 268.4596512935 269.0191629463 269.7587538764 270.0296524183 270.1073112715 7.267213766133745 7.281021519098178 7.29472190830852 7.828498607711199 7.8286532037601475 7.828728716598443 7.828752983983465
432000.0 265.2593916248 266.6031809265 267.6524019441 268.451640289 269.5246248795 269.9390490702 270.0686401207 7.250033526162044 7.264751465239602 7.279825330425913 7.828413692616169 7.828597259204145 7.828701921998493 7.828740742067489
518400.0 264.4425472037 265.8117385439 266.9648157345 267.8988658738 269.249379453 269.8189844738 270.0130305705 7.242805989132341 7.255591550077019 7.269511334645748 7.828348822442385 7.828540261104803 7.828668714852359 7.82872368021386
604800.0 263.5906573339 265.0555769186 266.3117731444 267.3584051297 268.9495724799 269.672877186 269.9397636592 7.236279939119855 7.248127965148077 7.2611940886239905 7.828297574619044 7.82848683429309 7.828631472747572 7.828702125453404
691200.0 261.893556711 263.7980647779 265.3730020708 266.6594295572 268.5976965371 269.497988091 269.8476281204 7.22556742038313 7.237786188145066 7.251128135038343 7.828244344373632 7.828433316599873 7.828590906164969 7.828676410467541
777600.0 260.489550572 262.6007620264 264.3976253862 265.8940815439 268.1938222517 269.2914614408 269.7349450093 7.218391306568302 7.229715463753237 7.242438178896807 7.828198014470018 7.828381450853594 7.828547849344349 7.828646892775225
864000.0 259.674627201 261.7565144563 263.6046744469 265.2014616575 267.7698476089 269.0574270746 269.6015587593 7.214753103010766 7.224808766723042 7.236380182458106 7.828163853723224 7.828335515985377 7.828504434763911 7.828614433530019
950400.0 260.178064727 261.7797921103 263.3490575788 264.8134715674 267.3973547103 268.8131931525 269.4516951868 7.216960036705052 7.224936658508606 7.234586159251432 7.828147096789423 7.828300778531703 7.82846424323973 7.82858082512465
1036800.0 261.0539270138 262.2245708762 263.4650322723 264.7068317855 267.1185343812 268.580318752 269.293594081 7.221124772288699 7.2274586227631215 7.235391291911119 7.828142622371054 7.8282775657738926 7.828430017691811 7.828548269092039
1123200.0 261.7383607991 262.676292049 263.6911401091 264.7437802306 266.9292229633 268.3733798134 269.1362187725 7.224709299862503 7.230183225054481 7.237003471226581 7.828143951497406 7.828262966117293 7.828402471703272 7.828518471168101
1209600.0 262.1295474493 262.9820130018 263.8812424242 264.813159522 266.8021495672 268.1967203685 268.9863388043 7.226906979454143 7.232129675288538 7.2384044342396106 7.82814666179526 7.8282536420631645 7.828380821643931 7.8284922375131165
1296000.0 262.0290627035 262.9762243101 263.8988238763 264.8094296833 266.6980972267 268.0451612956 268.8468658461 7.22633136627116 7.232092004841689 7.238536182965614 7.828146483702964 7.828246301794377 7.828363471186366 7.8284695065823975
1382400.0 261.3755792877 262.5742403966 263.654790191 264.6517660955 266.5754332821 267.9065934635 268.7166326099 7.222770233765289 7.229552407446229 7.236740402937089 7.828140235004581 7.828238006079938 7.828348507319703 7.828449604332494
1468800.0 261.4300336031 262.5067630888 263.5423195276 264.5275940598 266.4486000839 267.7750978759 268.593410607 7.223055515810806 7.22914031340976 7.235935939606856 7.828135444211055 7.828229763297015 7.828335038305907 7.828431846685709
1555200.0 260.1099929829 261.6684546094 263.005231819 264.1773035004 266.2730787883 267.638881524 268.473023663 7.216654132181466 7.224328486512796 7.2322810986800725 7.828122765118719 7.8282189106165525 7.8283217802859575 7.828415423488295
1641600.0 259.7145336017 261.2224819252 262.5968020831 263.8371803394 266.0675300881 267.4926508252 268.3515611574 7.214923477604352 7.221978705388988 7.229691078672546 7.828111344696206 7.828206903664865 7.828308275730777 7.828399709283194
1728000.0 260.2556024476 261.4059774061 262.5687225154 263.6995661794 265.8884994326 267.344379536 268.2286822647 7.217311442494815 7.22292924156396 7.229518560537973 7.828106900655171 7.828196987498415 7.828295294536681 7.828384620592957
1814400.0 260.1782346848 261.3542551207 262.4904423605 263.5848946151 265.7336298228 267.2003695929 268.1059675255 7.216960803501345 7.222659058892714 7.2290412302289155 7.828103315787822 7.828188795546703 7.828283321175407 7.828370303860801
1900800.0 259.2261739272 260.7414266443 262.0866354844 263.3036847024 265.5568865264 267.0555994161 267.9831705377 7.212889446984903 7.219588066629671 7.226660201487453 7.828094983558922 7.828179886726537 7.82827186913272 7.828356675098649
1987200.0 260.1666588421 261.1529831997 262.2051901997 263.2666198927 265.4167639152 266.9167090991 267.8616810132 7.216908611685709 7.2216244215120025 7.227345526420637 7.828093858720859 7.828173099040036 7.828261394661136 7.828343829725821
2073600.0 261.4613419358 261.9859562699 262.6803843859 263.4850701158 265.358762816 266.7986018359 267.7462582473 7.223220443318588 7.226086830572862 7.23020871400215 7.828100173362045 7.828170322770477 7.828252856978183 7.828332174127062
2160000.0 261.1929955662 261.9931665992 262.7750416123 263.5707163147 265.3260852634 266.701397191 267.6400976887 7.221828013843389 7.226127634509468 7.230802497161551 7.82810275217894 7.828168769475206 7.82824607079947 7.828321895682249
2246400.0 262.3980385656 262.7348028399 263.2268623051 263.8288961756 265.3444818826 266.6286151622 267.5460253594 7.228484521088675 7.230549088096845 7.233753196174764 7.828110804017249 7.828169581122289 7.8282411254409086 7.828313121180381
2332800.0 261.7430140747 262.5048418758 263.1967815194 263.8722857507 265.3523256648 266.5714908369 267.463658098 7.224734773203448 7.229128637852544 7.233550508220717 7.828112224603171 7.828169925374647 7.82823732257067 7.828305682804271
2419200.0 261.4980225216 262.3277188551 263.097684181 263.8292940186 265.3334803403 266.5196209882 267.3900619657 7.223414519413236 7.228065664304853 7.232889242866608 7.828110844857565 7.8281690429675495 7.828233927708581 7.828299221002103
2505600.0 261.7412435162 262.4360385814 263.1373918606 263.8363852227 265.3103086541 266.4702282966 267.3227117658 7.224725078823539 7.228712586663705 7.233153025718821 7.828111065567725 7.828167965020219 7.828230745222876 7.828293454227154
2592000.0 261.7728189026 262.4716799115 263.1609412835 263.844388766 265.2872890155 266.423094292 267.2600946065 7.22489830507082 7.228927605023891 7.233310211779604 7.828111318847052 7.828166900378026 7.828227752959205 7.828288214002282
2678400.0 261.6121959634 262.3803122562 263.1091023276 263.8118260272 265.2563983493 266.3765952062 267.2009255609 7.2240245443603825 7.228378547113673 7.232964934249319 7.828110271118086 7.8281654875526305 7.828224842853069 7.828283366254868
2764800.0 261.7279419878 262.427573237 263.1201516984 263.8030905715 265.2257666903 266.3308994794 267.1444354878 7.224652321025024 7.22866167473381 7.233038304350997 7.828109984474756 7.828164096924943 7.828222022669813 7.828278829386175
2851200.0 261.7909209389 262.4694741962 263.1402957474 263.8044876301 265.1983993636 266.2868373352 267.0903529856 7.224997941749665 7.228914266969841 7.233172378318903 7.828110023050982 7.828162862461607 7.828219339777073 7.828274567132234
2937600.0 262.6263883214 262.9784043806 263.4341903704 263.958430874 265.2065329353 266.2512391274 267.0402411984 7.229873602464065 7.232106188071188 7.235175767896917 7.828115016952582 7.8281632109579276 7.828217197910131 7.828270686868683
3024000.0 263.0035425302 263.3150709322 263.6934474604 264.1347616808 265.2439487743 266.2282381176 266.996190031 7.232270064271906 7.234352922379774 7.237020221074301 7.828120971613216 7.828164878469274 7.828215826006943 7.828267329402603
3110400.0 262.5653375521 263.1388369725 263.658676339 264.1626156481 265.2677197577 266.2119986161 266.958010793 7.229497810173073 7.233162655432246 7.236768455086008 7.828121948466554 7.828165950159048 7.828214863012722 7.828264459105899
3196800.0 260.6028960372 261.9318615154 262.9619663429 263.793608151 265.1957197327 266.1815145306 266.9201126651 7.218925372514854 7.225781963438905 7.231999357140507 7.828109711936221 7.828162721269149 7.828213067753753 7.828261645618566
3283200.0 259.0478869965 260.7264050603 262.1012505013 263.2262016523 265.0171693945 266.1186158757 266.8741315699 7.212173502126391 7.21951566934072 7.226744087456056 7.828092686544061 7.8281549592342605 7.828209414000287 7.828258278845634
3369600.0 259.4622761525 260.6718317238 261.8420929447 262.9188819121 264.8276563951 266.0296529483 266.8163572087 7.213859141747709 7.219253756729459 7.225280898924412 7.828084213830835 7.828147077245998 7.828204359199504 7.828254119612571
3456000.0 258.3951991925 259.9512502959 261.3160045364 262.5196178031 264.6147216517 265.9189044798 266.7457364741 7.20966490650589 7.215950031828236 7.222460393666155 7.828073999758415 7.828138645705473 7.828198244761611 7.828249140066261
3542400.0 259.3886903623 260.3577474602 261.39296173 262.4259666599 264.4492839568 265.8022770975 266.6656054056 7.2135542255859875 7.217779263477861 7.2228610827963315 7.82807166203812 7.82813236888903 7.8281920100572275 7.828243624610033
3628800.0 260.1783245092 260.8749318693 261.6680672727 262.5175440615 264.3555731379 265.6966138332 266.5823790253 7.216961208764262 7.220237357204905 7.224326386234238 7.828073849225384 7.8281289028430106 7.828186534212926 7.828238042184936
3715200.0 260.6220917631 261.2376939173 261.9181541471 262.6529419686 264.3158331454 265.6100665909 266.5021402172 7.219016540219972 7.2220566666702 7.2257050626918575 7.828077199595714 7.828127441479396 7.828182166279007 7.828232795837388
3801600.0 260.8346116882 261.4461680985 262.0889847409 262.7671078038 264.3042163997 265.5424675727 266.4285609389 7.220040146065586 7.223140426883302 7.226673674281472 7.828080105067692 7.828127004958177 7.828178825533467 7.828228097799261
3888000.0 261.6144557363 261.9699445585 262.432048095 262.976832531 264.3308284738 265.4951702513 266.3642125284 7.224036709932897 7.225996360467191 7.228688579702133 7.828085618828262 7.828127944420322 7.828176524081955 7.828224074787294
3974400.0 261.8595924069 262.2397946437 262.6703594194 263.1584059874 264.3777737895 265.4661799465 266.3102731323 7.225378105497481 7.227547673335186 7.230146300511776 7.828090595710655 7.828129634972389 7.8281751278036795 7.82822076234287
4060800.0 262.1954707644 262.5201367249 262.8989092208 263.3332973944 264.436857233 265.4523656956 266.2667559968 7.227288921869385 7.2292216753698915 7.231591941281939 7.828095570353042 7.828131796744048 7.828174466251261 7.828218128735016
4147200.0 262.945086655 263.0507048443 263.2713213916 263.5877892082 264.5224380585 265.4544452946 266.2339410628 7.231889925396307 7.232579170189535 7.234054464816654 7.828103139868089 7.828134986860214 7.828174565688132 7.828216165287939
4233600.0 263.2208557989 263.3514454259 263.5457046421 263.8120016511 264.6207927522 265.4707732544 266.2117213873 7.233712649841886 7.23460259182002 7.235959945231074 7.828110168309167 7.828138739318338 7.828175348311518 7.828214846614935
4320000.0 262.8484262064 263.2202851661 263.5540300888 263.8875635409 264.6958749668 265.4929443545 266.197950629 7.231268474849081 7.2337087997545835 7.236019039486721 7.828112626329674 7.828141668895642 7.828176416489545 7.828214033696108
4406400.0 260.9986861496 262.0994242483 262.9269169662 263.5784464314 264.6727780958 265.4998695324 266.185867261 7.220848800975389 7.226733596160604 7.231772434382077 7.828102910279807 7.828140773077427 7.828176751439869 7.8282133231092965
4492800.0 260.1585657461 261.3528088957 262.3576343004 263.1943763837 264.5689610418 265.4790017214 266.167869999 7.216872164136703 7.222651529873769 7.228243352571468 7.828091679761391 7.8281367731061815 7.828175744011691 7.828212269416625
4579200.0 259.9746728279 261.0461643866 262.0292621235 262.9062035538 264.436489983 265.4326645731 266.1397913216 7.216053116825223 7.221085877331503 7.226332500865276 7.82808379834156 7.828131802346466 7.828173526991438 7.828210636565111
4665600.0 259.8882018293 260.8857491471 261.8298833287 262.7031214698 264.3055059919 265.3694906096 266.1013170978 7.215673914768985 7.220290432038618 7.225213210585292 7.828078501692694 7.828127030947031 7.82817054803772 7.828208420845505
4752000.0 260.195499315 261.0041686115 261.8236313195 262.6251267977 264.2015656316 265.300598088 266.055092559 7.2170387748734965 7.220876105601263 7.225178592894278 7.828076506317141 7.828123339638585 7.8281673554936795 7.828205791385272
4838400.0 260.2620928927 261.0444425447 261.820949806 262.5828208643 264.1215799215 265.2330726015 266.0045235869 7.2173410021099365 7.221077255067623 7.2251637540288 7.8280754349790245 7.8281205545535295 7.828164281597548 7.82820295475124
4924800.0 260.6829382965 261.2945094776 261.9492250875 262.6255926543 264.0735376391 265.1728795142 265.9531473975 7.219306920180441 7.222349176951691 7.225879579453321 7.828076488228515 7.828118900250975 7.828161586488362 7.828200114706622
5011200.0 261.058147655 261.5660822158 262.1246427739 262.719776642 264.0567737193 265.1240426922 265.9041429852 7.22114593576787 7.223777070323565 7.226878700511818 7.828078863161765 7.82811831992637 7.828159430319119 7.828197444256738
5097600.0 261.1779210497 261.697627838 262.2370744334 262.7979190468 264.056321927 265.0863870675 265.8594341352 7.221751190822817 7.2244869818427055 7.227531747898743 7.828080873485123 7.8281182960715405 7.828157786098989 7.828195040010758
5184000.0 261.6015217722 261.9887244725 262.4330718068 262.9218912364 264.0759747328 265.0602815173 265.8203059632 7.223967127913947 7.226102491398868 7.228694737121038 7.828084127665379 7.828118955865677 7.828156655427281 7.828192960550787
5270400.0 261.7617116162 262.154695248 262.577246515 263.0318662584 264.106551551 265.0444622336 265.7872918446 7.22483728676014 7.227052272544977 7.229570858286087 7.82808708770191 7.8281199947068885 7.828155973902706 7.82819122365233
5356800.0 261.8358167576 262.2468534071 262.6708981969 263.1137532405 264.1384700231 265.036126044 265.7600568466 7.2252460909196685 7.227589026655352 7.230149652553258 7.828089337373219 7.828121089369941 7.828155615858672 7.828189802782192
5443200.0 261.6984145264 262.1941730611 262.6695461367 263.137846906 264.1593483161 265.0308570861 265.7373015288 7.224491264259938 7.227281369955459 7.2301412411177255 7.8280900106121925 7.828121810867735 7.828155389945923 7.828188623832395
5529600.0 261.947925306 262.3416874249 262.7609847337 263.1974269122 264.1813271908 265.0278545938 265.7180316669 7.225872264346957 7.228148541077033 7.230713804289969 7.828091677010764 7.828122573832083 7.828155261345655 7.828187631255681
5616000.0 262.0069603978 262.4122578542 262.8259202083 263.2503472787 264.2039902079 265.0268847885 265.7016309204 7.226205805646407 7.228569719109892 7.231125036597237 7.828093176194304 7.8281233648711375 7.828155219826113 7.828186790608988
5702400.0 262.2175477876 262.5613427376 262.9319353185 263.3246046426 264.2320451523 265.0286832161 265.6879353213 7.227417604523606 7.2294733341587385 7.231804853233496 7.828095306143465 7.82812434995709 7.828155296829232 7.828186091530494
5788800.0 262.5192505034 262.7820425636 263.0889502384 263.4325831634 264.2714414321 265.0349815978 265.6773053269 7.229216279045931 7.23084673762967 7.232831432412781 7.82809846289081 7.828125744342199 7.8281555667664735 7.828185550740739
5875200.0 262.7646351003 262.9867794871 263.2502972432 263.5529225735 264.3213342077 265.0468879253 265.6702662125 7.230736819171962 7.23216071786238 7.233911745050007 7.828102069079134 7.8281275294609385 7.828156078229047 7.828185193501181
5961600.0 262.9668801023 263.1654635919 263.4004285901 263.6723158278 264.3780209031 265.0643669322 265.6671367847 7.232031264514982 7.233340460771687 7.2349410160148455 7.828105741480026 7.828129583987027 7.828156831876908 7.828185034899321
6048000.0 262.9464639833 263.2057218796 263.4696446678 263.7488885083 264.4301097862 265.0850740893 265.6675075602 7.23189884446949 7.233610653137148 7.235423612169507 7.828108150268637 7.828131497407368 7.828157729053574 7.828185053686445
6134400.0 263.15133389 263.352081553 263.5820504296 263.8386504677 264.482216892 265.1080729699 265.6708590178 7.233246017778944 7.234606970507511 7.236218496305003 7.828111022795708 7.828133435313591 7.82815873107684 7.8281852235605776
6220800.0 263.3398719973 263.5078498542 263.7077196061 263.9383847312 264.5373954441 265.1334953135 265.6769119567 7.2345230024484355 7.235692218983955 7.237123964113223 7.828114281667929 7.828135513713777 7.828159845553083 7.828185530758947
6307200.0 263.5610290503 263.6869225201 263.8506463374 264.0504934649 264.597749207 265.1619252205 265.6856585896 7.236068777988057 7.236972870190573 7.238176052159706 7.828118032483382 7.828137818619229 7.8281611004992016 7.8281859755705865
6393600.0 263.7224772184 263.8361581988 263.9812626452 264.1598151934 264.6612304744 265.1933847324 265.6971082849 7.237231484164912 7.238068300240346 7.2391590043002285 7.828121783558966 7.828140279645677 7.82816249989903 7.828186559464746
6480000.0 263.8769323686 263.9760526006 264.1047904684 264.2654247421 264.7261476764 265.2274818709 265.71115993 7.238372193640142 7.2391193937692995 7.240108174307758 7.82812549772026 7.828142836115528 7.828164029508074 7.828187278568387
6566400.0 264.0338154903 264.1152914445 264.226570191 264.3695910779 264.7919963835 265.2638049353 265.7276356788 7.23956044974543 7.2401897606361425 7.241063177473947 7.828129251156277 7.8281454712167164 7.828165673896807 7.828188125289583
6652800.0 264.1647969667 264.2385988739 264.3387970247 264.4684396474 264.8576643142 265.3018505081 265.7462902218 7.240576317394647 7.241158569942921 7.241960772684937 7.82813289885451 7.828148142172406 7.828167413015998 7.828189088649914
6739200.0 264.2184971058 264.3117887687 264.4199328866 264.5491394898 264.9195910945 265.3405578206 265.7666930881 7.240999262845804 7.24174319530833 7.242620472465152 7.828135941477306 7.828150701494046 7.828169200225407 7.828190148012444
6825600.0 264.3215351927 264.4032346574 264.5040909909 264.6266919971 264.9786047007 265.3792811095 265.7883967577 7.241821596732431 7.2424839512746235 7.243314550985216 7.8281389208212175 7.8281531776513535 7.828171006453165 7.828191281526304
6912000.0 264.4574844337 264.5167552033 264.6005379514 264.7095693272 265.0372438739 265.4180992824 265.8111349513 7.242928924295317 7.243419875870233 7.244122569871426 7.8281421663834845 7.828155674681637 7.828172835736095 7.828192476449972
6998400.0 264.5460474665 264.6062623632 264.6855960379 264.7873362474 265.0948259747 265.4569813308 265.8347309451 7.243664383720863 7.244170958586302 7.2448466240963345 7.828145272227359 7.828158163103565 7.828174687019228 7.8281937245074795
7084800.0 264.5702449831 264.6521590261 264.7430264447 264.8487298618 265.1482514837 265.4952562578 265.8588910352 7.24386731010777 7.244560693959048 7.245341710787628 7.82814776701764 7.828160505063004 7.828176528239208 7.8281950109918785
7171200.0 264.6143715501 264.6998643771 264.7946630946 264.9024573523 265.1973285154 265.5323334006 265.883259087 7.24423958935655 7.24496915418196 7.245791209540713 7.828149981571481 7.82816268504372 7.828178329943605 7.828196317433984
7257600.0 264.7012075584 264.7720014403 264.8578576227 264.9598002016 265.2445137855 265.5682781224 265.9076125427 7.244980704827793 7.24559342663476 7.246347032188318 7.828152377478868 7.828164807131196 7.82818009387625 7.8281976321087035
7344000.0 264.8475690651 264.8845482445 264.9462843745 265.0312714824 265.2936907016 265.6039385519 265.9320208992 7.246256107004909 7.246583702865592 7.247135553880293 7.8281554116522765 7.82816704635879 7.828181860896726 7.828198958874622
7430400.0 265.0725614627 265.0536739036 265.0732714988 265.1273473568 265.3495986924 265.6408800164 265.956924688 7.248283998435696 7.2481105132025405 7.2482905321180615 7.828159577533091 7.828169626900246 7.828183709554481 7.828200322097195
7516800.0 265.0642772249 265.096176465 265.1371944011 265.1959755042 265.4040243968 265.6786447547 265.9824826407 7.248207831454229 7.248501765108618 7.248882302534772 7.82816261781954 7.828172176129829 7.828185618793481 7.8282017312277885
7603200.0 265.4560351518 265.3544737433 265.3125058923 265.3191154361 265.468907396 265.7190148081 266.009222316 7.2519434463918895 7.250947985394912 7.250542302637768 7.828168208303833 7.828175263119141 7.828187681768957 7.828203216585932
7689600.0 265.3513480401 265.3583262282 265.3661030096 265.3900120761 265.5299287885 265.7607186847 266.0371654133 7.250917657780518 7.2509853898491805 7.251060980693618 7.828171510848889 7.828178216233337 7.828189837186714 7.828204781037865
7776000.0 265.3663129329 265.383847633 265.4069816054 265.4418970273 265.583725727 265.8018775497 266.0658179762 7.251063022736507 7.251233885061016 7.251460196514497 7.828173967438684 7.828180860636559 7.828191989044552 7.828206398358689
7862400.0 265.4191925806 265.4317499877 265.4550394516 265.4917130302 265.6326611979 265.8416329557 266.0946353441 7.251580062054346 7.251703625159204 7.251933591292798 7.828176357994151 7.828183299898847 7.828194091135782 7.828208038575719
7948800.0 266.5333505425 266.1258448644 265.8753975086 265.7429440222 265.7223635314 265.8883755762 266.1254263438 7.263877621274108 7.259041059933633 7.256272543616397 7.82818891971032 7.828187855029588 7.828196592886933 7.828209806376583
8035200.0 266.1393947338 266.0481915527 265.9389499006 265.852811633 265.8096721735 265.9405055756 266.1590262323 7.259195064436718 7.25816699645659 7.256961381259056 7.828194689279252 7.828192399711799 7.828199422237342 7.828211753676368
8121600.0 266.0314647079 265.9945389921 265.9452376131 265.9007809308 265.8796721138 265.9928385013 266.1945609477 7.257980595849895 7.257571421691349 7.257030028627844 7.828197263274117 7.828196124817798 7.828202305131051 7.8282138341045995
8208000.0 266.0076086797 265.9830201204 265.9557202439 265.9329961881 265.935431303 266.0421652947 266.2306023816 7.257715883837709 7.257444429106479 7.2571446750782735 7.828199012287858 7.828199145300691 7.82820506230037 7.828215966592433
8294400.0 265.9709075277 265.9672730103 265.9600313455 265.954981935 265.980620324 266.0872453025 266.2659472497 7.257311221020608 7.257271316259101 7.257191897550466 7.8282002154056025 7.828201628654913 7.828207616641013 7.828218080110088
8380800.0 266.2194053643 266.1216642876 266.0585827983 266.0237675141 266.0294216419 266.1301199046 266.3003838314 7.26011364164992 7.25899363451644 7.258283126678388 7.828204029692631 7.828204346602498 7.828210077248364 7.828220160836987
8467200.0 266.1747401827 266.1342314865 266.096272299 266.0704506055 266.0762310367 266.1713839958 266.3339621339 7.259598903891948 7.25913632757441 7.2587064891343 7.828206661335061 7.828206989786967 7.8282124747117106 7.828222210473605
8553600.0 266.4426845782 266.3100115759 266.2159181963 266.1567541733 266.1296913235 266.2128821501 266.3671618122 7.262763484367655 7.261173278500503 7.260073275207092 7.8282116227012155 7.828210052642049 7.828214915289096 7.828224257460756
8640000.0 266.3468401481 266.298041209 266.2457976562 266.2041909711 266.1793000466 266.2539871538 266.4001172121 7.261610031141656 7.261032080482225 7.2604201429275355 7.828214402477705 7.828212938059979 7.828217362446794 7.8282263098191
8726400.0 273.1377817107 270.4637740134 268.5304742876 267.3797524896 266.4125526965 266.3186757625 266.4370877048 9.475863136527584 7.357439513245629 7.296212225466471 7.828299238093568 7.828227106118548 7.828221274821874 7.8282286368259175
8812800.0 273.1155226654 271.5378478565 269.8583360884 268.531894274 266.8751975207 266.4580597785 266.494999058 9.083113846325181 7.432410688926344 7.332522753489715 7.828426536100652 7.828258495123961 7.828229968577649 7.828232335206027
8899200.0 272.2543758159 271.401196562 270.2015723824 269.084716452 267.3187350173 266.6607266881 266.5870618043 7.546049332780437 7.419147450338215 7.345707930859849 7.8285131260821785 7.828293420405515 7.828243293315973 7.828238352427783
8985600.0 271.9032823746 271.1465081676 270.1942019559 269.2823300464 267.6485434856 266.878050761 266.704671086 7.478036446012359 7.398151614750179 7.345400891671761 7.828549258590557 7.82832309452231 7.82825856383666 7.828246295946283
9072000.0 270.7950559568 270.4643541783 269.875979383 269.2161938589 267.8435512325 267.0713874748 266.8332023256 7.374977504065019 7.357467360683474 7.33314955396305 7.82853507879726 7.828342342570858 7.828273090873803 7.828255324252553
9158400.0 270.0527920848 269.8750074113 269.5068963256 269.0441179611 267.9465038109 267.2300327265 266.9576247751 7.339723851801174 7.333114891685052 7.321002072347627 7.82850295161205 7.828353035054965 7.828285738601277 7.828264430270073
9244800.0 269.5749055724 269.4524023014 269.1972949626 268.8602873786 267.9898898635 267.3534387042 267.0710669582 7.323098273551815 7.319364335540327 7.3121532779441765 7.828472034047819 7.828357622046741 7.828296068137431 7.828273066007359
9331200.0 269.1685815632 269.098852417 268.9269935622 268.6820840551 267.9966005114 267.4459616893 267.1703816263 7.311385322516628 7.309554480622941 7.305237265874318 7.828444723693163 7.828358282654987 7.828304113429149 7.828280902275471
9417600.0 268.8596527643 268.8188142059 268.7010721784 268.5214269036 267.9821820391 267.5134705915 267.2549882717 7.30361677625029 7.302652497769365 7.299947084409048 7.828422022282313 7.8283566672128755 7.828310154597261 7.82828779170147
9504000.0 268.628469182 268.6022649848 268.5181885037 268.3835674293 267.957097048 267.561756697 267.3258137532 7.298331779480778 7.297758298135337 7.295951249169064 7.828403824014862 7.828353931306727 7.828314567413135 7.828293716827783
9590400.0 268.6681097462 268.5741923967 268.4516483418 268.3118316853 267.9373027075 267.5976507814 267.3849810361 7.299208857026385 7.297149400628425 7.294555625812037 7.828394791527252 7.828351799700444 7.828317898741028 7.828298781137739
9676800.0 268.4691923843 268.4295067911 268.3460903752 268.234617819 267.9181563033 267.6250014064 267.4346518838 7.294920706726534 7.294097781966394 7.292401415131498 7.828385361908759 7.828349758397602 7.828320466950422 7.82830311565948
9763200.0 268.8211231515 268.6255140238 268.4291622399 268.2592719968 267.9192001799 267.6499022892 267.4775888141 7.302706652340102 7.29826685641767 7.294090682788238 7.8283883573325195 7.828349865498656 7.828322827913761 7.828306925288265
9849600.0 268.616795433 268.5255626508 268.3881448847 268.2430796712 267.9239474579 267.673740333 267.5158290697 7.298075684242284 7.296107767032983 7.293251069353104 7.828386391361225 7.828350363906585 7.828325108733158 7.8283103683369175
9936000.0 268.8020270105 268.6305399156 268.440852844 268.2700890909 267.9384158674 267.6981903066 267.5510031281 7.30226006455138 7.298377310200728 7.2943319927001875 7.828389672556401 7.828351898207594 7.828327469349656 7.828313577900166
10022400.0 269.3022941119 268.979376154 268.6539992139 268.3958266702 267.980280981 267.7280371471 267.585343521 7.315034343619895 7.306524844994653 7.29889532149305 7.828405459751884 7.828356396413351 7.828330380621558 7.82831675154147
10108800.0 269.0584346123 268.8921443679 268.659717165 268.4364739786 268.021744574 267.7616856744 267.6199075399 7.308514741289624 7.304393855129358 7.299022196064468 7.828410711981245 7.828360921971235 7.828333702372835 7.82831998666484
10195200.0 270.9505241787 270.1412647418 269.3843960673 268.8500581284 268.1417812414 267.8126537088 267.6587742268 7.384542506030571 7.343228864543256 7.317370577627379 7.828470623467245 7.828374487425597 7.828338815707549 7.828323674403732
10281600.0 270.79037234 270.2863033916 269.6506193504 269.1130087154 268.283809698 267.8812751341 267.7048047982 7.374704099952224 7.349322355970503 7.325503442638269 7.82851514356873 7.828391426348817 7.828345860382627 7.828328111705489
10368000.0 270.1419233934 269.9250242765 269.5435548636 269.1460686518 268.3873211713 267.9546210585 267.7564881205 7.343255536543311 7.334918870356322 7.322124608615036 7.8285208366355326 7.8284044005483215 7.828353601120626 7.828333186502514
10454400.0 269.9399258365 269.7477236222 269.4452429423 269.1240182237 268.453211164 268.02277627 267.8102440872 7.335464463682597 7.328704834186391 7.319151860775405 7.828516644260056 7.828412944358767 7.828360997664072 7.828338571710988
10540800.0 269.5309710816 269.4491286743 269.2654603873 269.0361376029 268.4827522026 268.0796812639 267.8623243698 7.3217373538603585 7.3192671046645374 7.314010374698789 7.828500939930238 7.828416832267233 7.82836732950752 7.828343896155162
10627200.0 269.2584562825 269.2131660315 269.0946711554 268.9304933925 268.4857180496 268.1233271685 267.9099350225 7.313817308792381 7.312581358525827 7.309446198292526 7.828483055253597 7.828417197917642 7.828372285637367 7.828348858624458
10713600.0 269.0642075293 269.0347992008 268.9520197759 268.8302437796 268.4729835805 268.1546514398 267.9516056417 7.3086623034727065 7.307913834994883 7.305849411045148 7.828466953918142 7.828415476944886 7.8283758973558495 7.828353278468642
10800000.0 270.1097888787 269.6960267023 269.2911822139 268.9900417403 268.5058796994 268.1862317549 267.9896122486 7.341964372675577 7.326983656038951 7.314723891895873 7.828493097895925 7.828419888474564 7.828379585913667 7.828357373517185
10886400.0 269.6662466803 269.5166906756 269.2672006356 269.0195425836 268.5416549402 268.2196864438 268.0258946112 7.326009604466223 7.321300325762767 7.314058425076014 7.828498077615654 7.828424752648668 7.828383546258535 7.828361340909634
10972800.0 269.3625830085 269.2945297469 269.1467301398 268.9695766561 268.558618439 268.2505705348 268.0604253895 7.3167424782958 7.3148172762932955 7.3108064382628415 7.828489535255188 7.828427074823821 7.828387251527258 7.828365170645457
11059200.0 269.447828316 269.3143059882 269.1350463351 268.9565269738 268.5706820668 268.2780021333 268.0928409689 7.319228518162499 7.315371455486957 7.3104988534025095 7.828487351613391 7.828428736019805 7.828390582990033 7.8283688145958985
11145600.0 269.6634969517 269.4613679486 269.2166725045 269.0009076042 268.5928241481 268.3047709782 268.1236239242 7.325920295464981 7.319631288861082 7.3126762856917455 7.828494842492284 7.828431823129547 7.828393871252059 7.828372319637243
11232000.0 269.3554998098 269.2820212941 269.1361065665 268.9720329662 268.6059223172 268.3294965007 268.1527765646 7.316539685682641 7.314468954466417 7.310526709369983 7.828489926706581 7.828433657668055 7.828396941790593 7.828375679873219
11318400.0 269.1949968998 269.1457027962 269.0440778048 268.9190419667 268.6066548188 268.3500729707 268.1797338083 7.312091507330531 7.310779338719175 7.308149115445149 7.82848113365845 7.82843375103524 7.828399521802155 7.828378823031211
11404800.0 269.1416095717 269.0833244338 268.9871138433 268.8767583006 268.6016205505 268.3662869904 268.2040624438 7.310671469982941 7.309153193567752 7.306717096702302 7.828474291571184 7.828433033704334 7.828401570860708 7.828381689859523
11491200.0 268.999088789 268.9723985178 268.9084520805 268.823630692 268.5906390992 268.3781630142 268.225509516 7.307015686804197 7.306351935828141 7.304787236070295 7.828465891173931 7.828431485139562 7.828403080757726 7.82838424122313
11577600.0 268.9080888608 268.8878571348 268.8393325197 268.7720537402 268.5757061798 268.3860810051 268.2440129599 7.3047784496510655 7.304290811782297 7.303135262692926 7.8284579414604964 7.828429395736867 7.828404091726552 7.828386460791688
11664000.0 268.8381555063 268.8211827611 268.7815327606 268.7260600503 268.5590983289 268.3907577442 268.2597111173 7.303107476223046 7.302708051013553 7.3017840414446304 7.82845101542851 7.828427090643543 7.828404690472173 7.828388357361424
11750400.0 268.881318156 268.8341448537 268.7715210269 268.7069403517 268.5468523137 268.3938738079 268.2731124151 7.304133946903924 7.303012879658603 7.3015527133732165 7.8284481829758175 7.828425403005888 7.828405090079103 7.828389986335082
11836800.0 268.8179345306 268.7900125633 268.74050127 268.6832655805 268.5362547374 268.3961740466 268.2847309998 7.302631877038175 7.301980596071332 7.300840988869774 7.828444706336751 7.828423950149468 7.828405385412681 7.828391406068357
11923200.0 271.7156849671 270.5023208149 269.5626683063 269.049799932 268.5795070695 268.4039351342 268.2961620851 7.452432286211264 7.35930957070303 7.322716700342136 7.828503600687893 7.828429933592939 7.828406384034997 7.828392809688063
12009600.0 272.5267743863 271.5712108082 270.5122119394 269.7297227909 268.7696423259 268.4423306529 268.3133526326 7.634721614780944 7.435907561427719 7.359796022204824 7.828648239421775 7.8284577169447385 7.828411374073192 7.8283949333170435
12096000.0 272.7170510451 271.9961793602 271.0476248282 270.2417364412 269.0261267852 268.5223091756 268.3438554986 7.741524147098623 7.492968164152081 7.3910473548748294 7.828803479748624 7.828499428713306 7.828422041112791 7.828398739829093
12182400.0 272.4392048676 271.9350183075 271.1839317902 270.4804566478 269.254095499 268.6386733903 268.3978688298 7.600702027716636 7.482944592509844 7.400979042758305 7.828895612577041 7.828541198066816 7.828438253990768 7.828405603193979
12268800.0 272.4224196345 271.9302677221 271.2433585784 270.5992692579 269.4184677791 268.7576407489 268.4681453945 7.594892608586641 7.482197720838558 7.4056386695044765 7.828947707063772 7.828574504731715 7.828455740693514 7.828414776242992
12355200.0 271.7560163528 271.5201412048 271.062426971 270.5637720506 269.5242337084 268.8640508529 268.5419790313 7.457497909327188 7.430598547509714 7.392078611867282 7.828929504899198 7.82859747900867 7.828472225435617 7.828424722733787
12441600.0 271.5094483059 271.2874285841 270.9101314229 270.4969058583 269.5865382249 268.9533345692 268.6139506262 7.429518320207163 7.40923718164359 7.381961928039858 7.82889910480942 7.828611593393875 7.828486718646302 7.828434738038442
12528000.0 271.9509337294 271.5323523198 271.0200320605 270.5556866822 269.6492523545 269.0310725044 268.6821565911 7.485478881059624 7.431845081003581 7.38915374518166 7.828925131907209 7.828626396712525 7.828499862522436 7.828444534766961
12614400.0 272.7856549889 272.167443847 271.4077226715 270.7764718784 269.732444565 269.1050594025 268.7482384365 7.799292268982993 7.525854943907338 7.419745186253999 7.829036041694647 7.828647018716393 7.828512853476202 7.8284543233977475
12700800.0 272.6027253275 272.2169534103 271.5789927547 270.9706794075 269.8574655804 269.1836294442 268.8123188364 7.670615339357176 7.5370105959269855 7.4367391828764235 7.829151141733172 7.828680102190266 7.82852719341768 7.828464107693043
12787200.0 272.0388052639 271.8351370055 271.4181716212 270.9507691632 269.9491901255 269.2671036477 268.878529999 7.500437800298697 7.468104048390874 7.420709243540485 7.829135684820135 7.828705901409883 7.828543080599197 7.828474533607139
12873600.0 272.8200491162 272.282628759 271.6169199073 271.045048732 270.0191784349 269.3446855107 268.9449452334 7.834817136514999 7.55325723344795 7.440882463866548 7.829199611080671 7.828726615282784 7.828558487350616 7.828485329959952
12960000.0 272.863879926 272.3897440521 271.7578703444 271.1818955829 270.1110036863 269.4182562056 269.0097206133 7.889062424071066 7.584140168285104 7.457736171922301 7.829301959421855 7.828755450096886 7.828573704530325 7.8284962019477975
13046400.0 272.8735625561 272.4304214664 271.8310371364 271.2729840322 270.2032738051 269.4942242573 269.0739363326 7.9027536033754195 7.597636806466905 7.467531136700457 7.829377926547244 7.828786241878918 7.82859007683872 7.828507329575403
13132800.0 272.5969728502 272.3034694209 271.8090875543 271.3063649037 270.2803196625 269.5689924758 269.1383857659 7.667640457728362 7.558803675222095 7.464508723088488 7.829406185333693 7.828813439876943 7.8286068862849385 7.828518865201518
13219200.0 272.8707612922 272.4360287141 271.8695345709 271.350621173 270.3426958461 269.6392561949 269.2020271542 7.898719555228551 7.599587144074193 7.473018547868025 7.829447707597993 7.828836539945733 7.828623352369984 7.828530635262031
13305600.0 272.891522422 272.4836062936 271.9312226299 271.415082124 270.4065975471 269.7047763019 269.2636672591 7.930155448754683 7.617113622679066 7.482347497819895 7.829511965509062 7.828861395377349 7.8286393274896895 7.828542412109995
13392000.0 272.8976979559 272.5057438294 271.9704922222 271.4659254858 270.4690099313 269.767996586 269.3232405311 7.940246675538958 7.625922447571341 7.488663499660283 7.8295657973229815 7.828886838937453 7.82865534367612 7.828554163826567
13478400.0 272.6942434511 272.4219832284 271.9584620959 271.4894073463 270.5241614881 269.8284500676 269.3809834509 7.725271842033281 7.5947443356545365 7.486695488471501 7.829590642855229 7.828910316930907 7.828671243473913 7.828565918101079
13564800.0 272.8895912859 272.4981133219 271.9853283656 271.5107913333 270.5691051289 269.8853631101 269.4370805281 7.927073718624026 7.622835560918933 7.491132390034509 7.829614960570472 7.828930158960853 7.828686764162008 7.828577696423109
13651200.0 272.906491999 272.5348867605 272.0304570376 271.5564325289 270.6157826763 269.9381515305 269.490760986 7.955273580777499 7.638235764751208 7.498941471416594 7.829669643807186 7.828951611596433 7.828701664316236 7.828589314120051
13737600.0 272.9124478393 272.5523034007 272.060022126 271.5942256003 270.6631489076 269.9892572258 269.5422539418 7.965920952607568 7.64602048998167 7.504318167236505 7.829717009811018 7.828974228234003 7.82871657577646 7.828600791568709
13824000.0 272.9051533335 272.5628846284 272.0830767466 271.6262056424 270.7079537838 270.0388934476 269.592133707 7.952934022755367 7.650918128604358 7.508664968244941 7.829758847419591 7.828996436747811 7.828731539431165 7.828612234309362
13910400.0 272.6491509219 272.4316085998 272.0363439152 271.6227884849 270.7450462983 270.0858489981 269.6401890968 7.696469342492872 7.598047815404136 7.499994971247712 7.829752223147343 7.82901540188155 7.828746152575955 7.828623573995417
13996800.0 272.8902027494 272.5223339501 272.0554414474 271.6281792823 270.7726006471 270.1293417857 269.6866115686 7.9280457832541105 7.632826989882858 7.503470895276694 7.82975953488379 7.829029819221161 7.82876010369624 7.828634834804456
14083200.0 272.8813609495 272.5619386356 272.1032846057 271.6698610483 270.8058680726 270.1693694873 269.7306812505 7.914314188491961 7.6504748943288465 7.512592482532783 7.829818045967981 7.829047842932151 7.828773312277153 7.828645815020582
14169600.0 272.9174155352 272.5813640548 272.1278543597 271.7004192644 270.842492088 270.2089987559 269.7727867697 7.975112679763802 7.6597969436579705 7.517523687744184 7.829862467909154 7.829068304243489 7.8287867525900054 7.828656580365008
14256000.0 272.9264029131 272.599194093 272.1525249596 271.7295893956 270.8782476082 270.2483534026 269.8138341209 7.992513429762077 7.6687836475593105 7.522657236281939 7.829906784049921 7.8290889229716525 7.828800472334823 7.82866734340199
14342400.0 272.9308376914 272.6107474974 272.1720065618 271.7551652944 270.9127735461 270.2870069204 269.8539680477 8.001491274393613 7.674843155290709 7.526847487022826 7.829947063362957 7.829109466772915 7.82881432416757 7.8286781327313095
14428800.0 272.9326413308 272.6193155687 272.1882783937 271.7777713645 270.9455643135 270.3246730319 269.8931986293 8.005220904891694 7.679464066937741 7.530444450762479 7.829983871918743 7.829129580517654 7.828828196054365 7.828688942755368
14515200.0 272.9344894409 272.6262538183 272.202284443 271.7980454966 270.9765802991 270.3611498645 269.9314710697 8.00909092796288 7.6832887334392845 7.53361441114917 7.830017904031549 7.82914917166243 7.828841996179168 7.8286997491761525
14601600.0 272.9367644615 272.6331286933 272.2153958372 271.8169156326 271.0059823068 270.396353338 269.9687295716 8.013923794867368 7.687154128217777 7.536646195699852 7.830050530612218 7.829168275941313 7.828855670073771 7.828710525436378
14688000.0 272.9379120864 272.6392319724 272.2276555127 271.8347269128 271.0340231953 270.4302954286 270.0049423242 8.016391151821777 7.6906508480048945 7.53953928838802 7.830082198582326 7.829187001173121 7.828869197727478 7.828721250133176
14774400.0 272.9398057111 272.6449489224 272.2390606801 271.8514903838 271.0608332954 270.4630366582 270.0401114376 8.020506450934828 7.693983524198141 7.542282973549967 7.830112802025855 7.829205384662341 7.828882578851258 7.828731910900765
14860800.0 272.9419029624 272.6508755598 272.2502243276 271.8676204498 271.0865463893 270.4946425953 270.0742639136 8.02512963851445 7.697498672634007 7.545018893397316 7.830143036610711 7.829223475274758 7.828895816961674 7.828742502753333
14947200.0 272.9435709286 272.6564349692 272.2609492417 271.8831557178 271.1113106873 270.5251860477 270.1074309467 8.028856667923863 7.700853366996922 7.547695649907347 7.830172901734744 7.829241340581393 7.828908920657448 7.828753022367002
15033600.0 272.9442731209 272.6613250712 272.2710598982 271.8980178741 271.1351904737 270.554739568 270.1396525468 8.030439231717704 7.703851356648965 7.550263806340717 7.830202172304129 7.829258993738053 7.828921900709865 7.828763469736956
15120000.0 272.9458311353 272.6660246204 272.280586037 271.9121580777 271.1582044168 270.5833594087 270.1709718979 8.033979693479202 7.70677520991494 7.552724343969397 7.830230677163358 7.82927641633817 7.828934762822503 7.828773846664833
15206400.0 272.9473926929 272.6709616251 272.2900381084 271.9259104724 271.1804238293 270.6110896031 270.2014288826 8.037569081354144 7.709892995730817 7.555206025797601 7.830259063263879 7.829293633238555 7.828947508729557 7.828784154663236
15292800.0 272.9487471932 272.6756027991 272.2991530558 271.9392323348 271.2019441432 270.6379834884 270.2310584382 8.040716282754085 7.712868206655747 7.55763823387568 7.830287188536507 7.829310692471623 7.828960145854349 7.828794394286143
15379200.0 272.9495261931 272.6798757423 272.3078861703 271.9520904669 271.2227960742 270.6640914395 270.2598967514 8.042540721699714 7.715646204208171 7.560005478955611 7.8303149373344505 7.8293275942493255 7.8289726818755145 7.8288045672003115
15465600.0 272.9507012884 272.6839453238 272.316198306 271.9644371406 271.2429955044 270.6894555097 270.2879822634 8.04531302587572 7.71832740980552 7.562293049802794 7.830342153483727 7.829344327829287 7.828985121942652 7.828814676609187
15552000.0 272.9523444092 272.6882934232 272.3244474469 271.9764729978 271.2625798526 270.7141070564 270.3153472853 8.049230854985158 7.721231172815349 7.56459733646877 7.830369261342097 7.829360902248593 7.828997467096279 7.828824724251779
15638400.0 272.9533830321 272.6924347421 272.3325336082 271.9882444428 271.2816237477 270.7380837121 270.3420208183 8.051732607898641 7.724035216755116 7.566889846162618 7.830396334974184 7.829377361353498 7.829009722485994 7.828834711250502
15724800.0 272.954369545 272.6962379641 272.3402356208 271.9996087053 271.3001422005 270.7614221095 270.3680289053 8.054127256568608 7.7266440605961675 7.569105281355838 7.830422999991154 7.829393699344082 7.829021893935805 7.828844638178602
15811200.0 272.9554765986 272.7000142901 272.3477256197 272.0106325262 271.3181444578 270.784156657 270.3934086783 8.056836152666321 7.7292670916467845 7.571290240757169 7.8304493872573655 7.829409906152374 7.829033987207097 7.828854510450626
15897600.0 272.9566737259 272.7037755483 272.3550585051 272.0213768889 271.335663883 270.8063115434 270.4181854168 8.059791583908273 7.731912666056687 7.573459196669241 7.830475616832173 7.829425994794476 7.829046003576432 7.828864329583993
15984000.0 272.9577880832 272.7074586741 272.3622280217 272.0318563889 271.352720471 270.8278987675 270.4423663546 8.062567436185631 7.734535881073402 7.575609026697851 7.83050169951576 7.829441967389964 7.8290579381976935 7.8288740902653196
16070400.0 272.9591274536 272.7111237594 272.3692407391 272.0420864399 271.3693616918 270.8489711596 270.4660036042 8.065935888723574 7.737178939134221 7.577740406193746 7.830527649880193 7.829457853424984 7.829069809641231 7.828883805775659
16156800.0 272.9599999034 272.7146487338 272.3761162603 272.0520971272 271.3855994885 270.8695401039 270.4891054703 8.068149178206609 7.739752361214832 7.579858135117182 7.8305535262667165 7.829473650635449 7.829081614414568 7.828893472246789
16243200.0 272.9605156149 272.7177483308 272.3826307978 272.061771074 271.4014414432 270.8896282132 270.5116931609 8.069464647937632 7.742041181015857 7.581890865521837 7.83057898177832 7.82948935234952 7.8290933558463935 7.82890309138882
16329600.0 272.9613578892 272.7208155143 272.388911866 272.0711239787 271.4168731006 270.9092501741 270.533786711 8.071624690714627 7.744330415390085 7.583875393449296 7.830604032234729 7.8295049295964905 7.829105033204496 7.828912664858872
16416000.0 272.9622689438 272.7239441696 272.3951128997 272.0802705352 271.4319187435 270.9284165846 270.5554017557 8.07397746011975 7.746690937248178 7.585858867446174 7.830628970098462 7.829520393195817 7.829116643651536 7.828922192758107
16502400.0 272.9631288664 272.7270082971 272.4011932923 272.0892226434 271.4466126334 270.9471451201 270.5765526586 8.076213939210977 7.749028097612952 7.587827614563339 7.830653806217878 7.829535765696865 7.829128188945795 7.828931674922739
16588800.0 272.9641537107 272.730065317 272.4071563711 272.0979796775 271.4609728979 270.9654567318 270.5972565959 8.078899580112582 7.7513852667000975 7.589781793478746 7.830678521391576 7.82955105413276 7.8291396734709355 7.828941112740126
16675200.0 272.9646468842 272.7329505943 272.4129919411 272.106559237 271.4750172681 270.9833689102 270.6175295742 8.080199884996599 7.753633729099828 7.59171708871246 7.830703148554827 7.829566266341107 7.829151100049844 7.828950507424205
16761600.0 272.9654120398 272.7356386231 272.4185570963 272.1148645934 271.4887448869 271.0008978318 270.637387187 8.082227599096866 7.7557495620334596 7.5935842253961034 7.830727375340393 7.829581389903136 7.829162471211557 7.8289598603141615
16848000.0 272.9662130449 272.7384550708 272.4240917509 272.1230102588 271.5021583061 271.0180535126 270.656844174 8.084363860733072 7.757988665876195 7.5954623716029 7.830751534391153 7.829596416595866 7.829173785881834 7.828969172676919
16934400.0 272.9671713863 272.7412366922 272.4295245473 272.1309976575 271.515286635 271.0348479384 270.675911816 8.086938146859257 7.760222744584168 7.597326948982175 7.830775609227429 7.829611368862684 7.829185044571302 7.8289784443920505
17020800.0 272.9682724743 272.7441217225 272.4349397382 272.1388688181 271.528146723 271.0512971309 270.6946035399 8.089920964964728 7.7625640830398 7.5992065783972444 7.830799722490598 7.829626256458443 7.829196250912136 7.828987676615683
17107200.0 272.968918218 272.7468473772 272.4402609641 272.1466158774 271.5407602836 271.0674169149 270.7129325219 8.091682902225036 7.76479911574157 7.601074496101762 7.830823835060088 7.829641096012157 7.829207408921891 7.828996870677371
17193600.0 272.9701049509 272.7495387623 272.4454111698 272.1541640277 271.553123113 271.0832218961 270.7309123437 8.09494563832132 7.767028386407573 7.602902482847998 7.830847691744142 7.829655873621352 7.829218522285732 7.829006028383567
17280000.0 272.9708013912 272.7522863107 272.4505902088 272.161634292 271.565244617 271.098720345 270.7485550842 8.096875456081227 7.7693274653548325 7.604761015178061 7.830871681908299 7.829670592470206 7.829229590613468 7.829015151073455
17366400.0 272.9717352846 272.7547915704 272.4555336667 272.1689030564 271.5771381124 271.1139246332 270.7658714545 8.099480968440206 7.771444654057822 7.6065543547283205 7.830895371367687 7.829685260497482 7.829240616737617 7.829024239609316
17452800.0 272.9724889018 272.757384454 272.4604632009 272.176056588 271.5887958713 271.1288425966 270.7828723374 8.101598484615648 7.773657186259608 7.6083618018100285 7.830919046992043 7.82969985998548 7.829251600523298 7.829033295195452
17539200.0 272.9728924513 272.7596830368 272.4651928955 272.1830354359 271.6002332381 271.14348219 270.7995666628 8.102737928327336 7.775636984991368 7.610114279181613 7.830942480749047 7.8297144022690945 7.82926254214393 7.829042318188339
17625600.0 272.9727961828 272.7616467891 272.469662031 272.1897796981 271.6114344462 271.1578502425 270.8159632931 8.102465755801981 7.777342286103045 7.611786967135278 7.830965443748912 7.829728858420975 7.829273441127425 7.829051309103417
17712000.0 272.9736476709 272.7636895326 272.4739449617 272.1962825737 271.6223814146 271.171947309 270.8320693769 8.104880824344153 7.779129954250437 7.613405493306735 7.830987890912177 7.829743195322794 7.829284292324187 7.829060267661288
17798400.0 272.9740935903 272.7659986441 272.4783831891 272.2027700789 271.6331022332 271.185772809 270.8478888829 8.106152568283411 7.781167870310674 7.615099004680637 7.831010624212965 7.82975744182483 7.8292950895826365 7.8290691919350675
17884800.0 272.9746548463 272.767933751 272.4825730233 272.2090873267 271.6436332395 271.1993416121 270.8634285383 8.107760133620344 7.782889908203678 7.616713202561716 7.831033052362697 7.829771638748128 7.829305838943555 7.8290780815923675
17971200.0 272.9756995485 272.7703043143 272.486879616 272.2153479272 271.6539616014 271.2126636922 270.8786971088 8.110773038207045 7.785017360352908 7.618388292671109 7.831055604733853 7.8297857613563115 7.829316543037141 7.829086937644803
18057600.0 272.9762735237 272.7725248605 272.4911655032 272.2215734421 271.6641281649 271.2257484851 270.8937021125 8.1124399220335 7.787028320689375 7.62007159931435 7.831078344499338 7.829799860157837 7.829327204397249 7.829095760545193
18144000.0 272.9764166966 272.7744373707 272.4952509443 272.2276428438 271.6741284309 271.2386104078 270.9084530899 8.112856998127869 7.788774586904758 7.621691532983232 7.831100803638189 7.829813922599054 7.829337830013648 7.829104552124074
18230400.0 272.9769464267 272.7762808708 272.4991506982 272.2335152763 271.6839362304 271.2512538167 270.9229591373 8.114404646608744 7.790470506404489 7.62325203788531 7.831122812555673 7.829827904597662 7.829348418951803 7.829113314173452
18316800.0 272.9773480915 272.7782324194 272.5030624336 272.2393054739 271.6935551022 271.2636774238 270.9372259765 8.115582884201853 7.792279543945105 7.624831482893885 7.831144807469525 7.829841804491724 7.82935896556594 7.82912204661625
18403200.0 272.978015746 272.780113312 272.506872363 272.2449827931 271.7030051745 271.2758864847 270.9512578665 8.117550491477868 7.794036608420175 7.626383645410107 7.831166649513999 7.829855644979937 7.829369469711544 7.829130748580554
18489600.0 272.9787590488 272.7821607245 272.5107302244 272.2506140045 271.7122924832 271.2878864845 270.9650587245 8.119754552331964 7.795964519555437 7.627969444863679 7.831188605129042 7.8298694289719 7.829379931600573 7.829139419045114
18576000.0 272.9792899733 272.7841155663 272.5145437196 272.2561870936 271.7214409498 271.2996899431 270.9786387631 8.121337664056831 7.797820335099753 7.629551170706339 7.831210614402999 7.829883187018363 7.8293903578615085 7.829148061078494
18662400.0 272.9796886903 272.7859359479 272.5182425864 272.2616486837 271.7304456985 271.3113041956 270.9920031401 8.1225314200062 7.799561916962373 7.631099006378317 7.831232451697703 7.829896906440428 7.8294007509511285 7.829156674738501
18748800.0 272.9800006373 272.7876500196 272.5218237184 272.2669835218 271.7392975528 271.3227332895 271.0051586438 8.123468312321078 7.80121376614503 7.632610573546693 7.83125404336763 7.829910567569422 7.829411110575581 7.829165261258341
18835200.0 272.9807509127 272.7894541458 272.5253514323 272.2722125157 271.7479936693 271.3339786566 271.0181103101 8.125732257761976 7.802965101749421 7.634112277406291 7.83127546810674 7.829924160178402 7.829421434148028 7.829173820869238
18921600.0 272.9810469219 272.7912478258 272.5288986544 272.277406476 271.7565507515 271.345043133 271.0308621114 8.126629604922678 7.804719369216726 7.635635160108629 7.831297018835189 7.829937705516093 7.829431720372636 7.829182353190635
19008000.0 272.9811957763 272.7927637965 272.5322559149 272.2824615431 271.7649739697 271.3559342506 271.0434187028 8.127081745544118 7.806212313948065 7.637088547668807 7.83131823161701 7.829951206405375 7.829441972462487 7.829190858376683
19094400.0 272.9813481221 272.7942384309 272.5355035245 272.2873804972 271.7732444271 271.3666543082 271.0557851586 8.12754511042674 7.807673691056719 7.638505778224835 7.831339112078704 7.829964626495576 7.829452188900157 7.829199336976543
19180800.0 272.9810168564 272.7955122056 272.5386204443 272.2921721416 271.7813633957 271.377202262 271.067964437 8.126538354340033 7.808943343317435 7.6398765768061985 7.831359680264689 7.82997796197628 7.829462364959964 7.829207788171287
19267200.0 272.981736252 272.7968781637 272.5416076888 272.2968045615 271.7893234684 271.3875791452 271.0799594547 8.128728462021435 7.810312502431321 7.641200213160267 7.831379780343001 7.829991193915848 7.829472497833474 7.829216211161261
19353600.0 272.9827252479 272.7987686333 272.5448633178 272.3015073347 271.7971486869 271.3977851548 271.0917724474 8.131762351477022 7.812220554691799 7.642653910199414 7.831400454348661 7.8300043577689555 7.82948258386924 7.829224604708441
19440000.0 272.98343734 272.8006086703 272.548185133 272.3062616379 271.8048939909 271.4078328487 271.1034060981 8.133963500266155 7.814092548630742 7.644149295044286 7.831421606028978 7.830017543497019 7.829492631800867 7.829232967907189
19526400.0 272.984022979 272.8023535732 272.5514525989 272.3109721716 271.8125551966 271.4177354916 271.1148643876 8.135784368349828 7.815881460062619 7.645632334490582 7.831442802143248 7.830030740752667 7.829502651599979 7.829241300868305
19612800.0 272.9846491096 272.8040405313 272.554649128 272.3156108548 271.8201248681 271.4275081936 271.1261651177 8.137741817120261 7.8176238092334405 7.647094968653985 7.8314639102904255 7.830043933484955 7.82951265571907 7.829249613992145
19699200.0 272.984830814 272.8056049399 272.55777937 272.3201784219 271.8275921196 271.4371482249 271.1373094159 8.138311954115604 7.819251005455171 7.648538726052819 7.831484928717047 7.830057099351657 7.829522638685788 7.829257905766105
19785600.0 272.9855070183 272.8070887577 272.5607605457 272.3246137574 271.8349465348 271.4466560589 271.148301229 8.140441980228902 7.820804648607339 7.649924405751074 7.831505553428187 7.830070215514373 7.829532598226407 7.829266176811606
19872000.0 272.9860397638 272.808758262 272.5638214904 272.3290323325 271.8421879398 271.4560296005 271.1591431328 8.142129381279222 7.822564809881327 7.651358141175968 7.831526343571991 7.830083277806217 7.829542529297309 7.829274426776991
19958400.0 272.9864823749 272.8102514959 272.5667898939 272.3333857529 271.8493361214 271.4652723184 271.1698369546 8.143537557055874 7.824150101607663 7.652759291162541 7.831547045618637 7.830096318502506 7.829552432693333 7.829282654795162
20044800.0 272.9868952516 272.8117449639 272.5697114702 272.3376668176 271.8563824532 271.4743886866 271.1803863399 8.144856292661858 7.825746123958148 7.6541488163985365 7.83156762457109 7.830109317765961 7.829562310428074 7.829290861429734
20131200.0 272.9869423295 272.8130692225 272.5725368189 272.3418638291 271.863327272 271.4833798662 271.1907941665 8.145006978262954 7.82717017950286 7.655502586623503 7.831588009707869 7.830122272393138 7.829572161037098 7.8292990467288766
20217600.0 272.9871089243 272.8142431979 272.5752031573 272.3459244959 271.8701584298 271.4922453234 271.2010615047 8.145540734135448 7.8284396608766675 7.6567893053072 7.8316079251183925 7.83013515484404 7.829581981157993 7.829307209363042
20304000.0 272.9870875422 272.8154161434 272.5778235056 272.349900337 271.8768718066 271.5009850323 271.2111928208 8.145472181885129 7.829714691544645 7.658062577796776 7.831627625584957 7.830147952584286 7.829591767953422 7.829315350738853
20390400.0 272.9868927821 272.8163784575 272.580299883 272.3537595581 271.8834715313 271.5095972872 271.2211871388 8.144848390367702 7.8307657732805716 7.659273952592127 7.831646927716334 7.830160668692072 7.829601516601357 7.829323467932266
20476800.0 272.9876954959 272.8176164125 272.5827684275 272.3575334697 271.8899507394 271.5180821016 271.2310455933 8.147426592872971 7.832124625487426 7.660489377802662 7.831665993043248 7.830173284621135 7.829611224153663 7.829331559705254
20563200.0 272.9881419287 272.8191262687 272.5854486675 272.3613915604 271.8963424413 271.5264409091 271.2407690649 8.148868758840276 7.833792237781239 7.661818045395968 7.831685711559902 7.830185862128122 7.829620889251887 7.829339624603024
20649600.0 272.9879670594 272.8201568113 272.5879550282 272.3651856532 271.9026737972 271.5346859013 271.2503602936 8.148303147609322 7.834937020854583 7.663069100725346 7.831705276263005 7.830198452082784 7.829630523216477 7.8293476627363665
20736000.0 272.9883345958 272.8212606415 272.5903558015 272.3688553648 271.9089082836 271.5428234853 271.2598252691 8.149492998217571 7.83616917815611 7.664275319370078 7.831724374154266 7.8302109770773525 7.829640131038062 7.829355677048603
20822400.0 272.9889259453 272.8226441984 272.5928670174 272.3725303778 271.9150500601 271.5508502 271.2691670789 8.151415949140508 7.837722369634714 7.665545356385491 7.831743705352695 7.83022344256973 7.829649706165234 7.829363668156331
20908800.0 272.989343703 272.8239563862 272.5953889329 272.3762116781 271.9211279006 271.5587705552 271.2783876928 8.152780805258555 7.839204561333234 7.666829470909085 7.831763263258713 7.83023590495019 7.829659251488321 7.829371635794607
20995200.0 272.9894850422 272.8251588099 272.597856215 272.3798486043 271.9271405087 271.5665919819 271.2874905355 8.15324377973632 7.840570641436923 7.668094266458401 7.831782769350809 7.830248358794551 7.829668773655075 7.829379580994314
21081600.0 272.9892636244 272.8260966178 272.6001678813 272.3833789737 271.9330744479 271.5743168556 271.296479315 8.152518768695733 7.841641362907219 7.669287001226355 7.831801867921297 7.83026077293064 7.829678273402528 7.829387505142809
21168000.0 272.9894539542 272.8270482438 272.6023681109 272.3867867208 271.9389089169 271.581942831 271.305356904 8.153141894703804 7.842732622071206 7.670429242374528 7.8318204635123205 7.830273099393489 7.829687745648523 7.82939540898194
21254400.0 272.9877252738 272.8278970218 272.6045573515 272.3901493192 271.94464859 271.5894656556 271.3141238195 8.14752260269378 7.843710017174986 7.6715726274718925 7.83183898525068 7.830285344541813 7.82969718275778 7.829403291191794
21340800.0 272.9873508879 272.8268736899 272.6055445645 272.392841841 271.9502233463 271.5968777397 271.3227750625 8.14631742424136 7.84253209489657 7.672090477174792 7.831853768341862 7.830297347769795 7.829706572615013 7.829411145413652
21427200.0 272.9772594202 272.8269120333 272.6074488286 272.3958246881 271.9556138537 271.604157765 271.3313130464 8.115322423930952 7.842576129796171 7.673093360100048 7.831870447935337 7.8303090619313895 7.8297158850355775 7.829418971922094
21513600.0 272.9407390333 272.7975135791 272.5953469107 272.3921337361 271.9601009765 271.6112292543 271.3397072126 8.02255529120274 7.810952115769087 7.666808002225357 7.831847883795735 7.830318846939634 7.8297250171912856 7.829426740373508
21600000.0 272.9788412154 272.812759995 272.5957827934 272.3905530709 271.962975635 271.6178425891 271.347932254 8.11999907550777 7.82683689834747 7.667030808116848 7.831838974917762 7.83032509280068 7.829733635880461 7.82943442427805
21686400.0 272.985815367 272.8228966746 272.6034242236 272.3958447068 271.9669481532 271.6239719818 271.3558550072 8.14141763364404 7.838006863339109 7.670979966217746 7.831869398221681 7.830333912781839 7.829741692266218 7.82944189407201
21772800.0 272.9856527102 272.8273648993 272.6093319468 272.4016424408 271.9722637531 271.6302182333 271.3635497122 8.140902625548687 7.843096810247818 7.674090309302777 7.831902788445924 7.830345847875186 7.829749970783213 7.829449213877283
21859200.0 272.9899852408 272.8309308016 272.613642499 272.4065642899 271.9779729905 271.6367389263 271.3711925174 8.154887164162071 7.847235318543058 7.676392096794102 7.831931362224991 7.830358780612957 7.829758687782032 7.829456548577375
21945600.0 272.9919443117 272.8341464935 272.6177457829 272.4112689428 271.9837346253 271.6434287363 271.3788547087 8.161398513267654 7.851027284593877 7.67860911707762 7.831959030830822 7.8303719564946395 7.829767711247006 7.82946396702468
22032000.0 272.9921930112 272.8363622045 272.6212840968 272.4156528387 271.9894911076 271.6501983735 271.3865364193 8.162233770692717 7.853673912588823 7.680541556600787 7.831985077245627 7.830385250263114 7.8297769263936265 7.829471470707721
22118400.0 272.9923937461 272.8376687969 272.6240729179 272.4195348961 271.9951437472 271.6569903067 271.394221346 8.162909379458007 7.855247790104981 7.682078377796924 7.832008322813461 7.830398430118995 7.829786257986691 7.8294790448858285
22204800.0 272.9929258259 272.8390627972 272.6266122513 272.4231031301 272.0006248524 271.6637468058 271.4018847939 8.164706446295797 7.856937875895754 7.683488379585878 7.832029894463059 7.830411331135429 7.829795627645359 7.82948666588241
22291200.0 272.9931647241 272.8402987275 272.6290044908 272.4265100431 272.0059683693 271.6704378872 271.4095098835 8.16551628196721 7.85844584541031 7.68482611888984 7.832050685262003 7.830424027685338 7.829804993040794 7.829494317015463
22377600.0 272.9931749157 272.8413181965 272.6312127641 272.4297537469 272.0111895715 271.6770481952 271.417075795 8.165550871273055 7.859696514884394 7.686069183589341 7.832070649056596 7.830436549616161 7.829814331035932 7.829501976992918
22464000.0 272.9929050127 272.8421325737 272.6332395748 272.4328348138 272.0162902756 271.6835716452 271.4245718391 8.164635979582279 7.860700038069263 7.687217102264053 7.832089763808095 7.830448894769788 7.8298236309462 7.829509634152304
22550400.0 272.9937595135 272.8431423351 272.635193202 272.435790503 272.0212715417 271.6900037043 271.4319912354 8.16754060257443 7.861949865228169 7.688329978653995 7.832108254538067 7.830461059417698 7.8298328839801865 7.829517280468147
22636800.0 272.9941583348 272.844379506 272.6373144705 272.4387968112 272.026166636 271.6963426556 271.4393286507 8.1689044427197 7.863489597919773 7.689545543058078 7.83212725863341 7.830473121695054 7.82984208520025 7.829524909172267
22723200.0 272.9939207993 272.8452486551 272.6393115527 272.4417529181 272.0310076507 271.7025980777 271.4465821254 8.16809151856144 7.864576904992856 7.6906968548675 7.832146090214789 7.830485157810136 7.829851246172514 7.829532516820356
22809600.0 272.9654892378 272.8376046161 272.6386080791 272.4435739036 272.0356712649 271.7087628958 271.4537458481 8.082432878848492 7.8551702497574 7.690290535562059 7.832157373602096 7.830496846209286 7.829860354218081 7.829540095806041
22896000.0 272.9863853866 272.8364150044 272.635690184 272.4429144638 272.0395871485 271.7147780018 271.4608259069 8.143228498246364 7.853737322925897 7.688614093228256 7.832152372209736 7.83050669773358 7.829869318388002 7.829547651028421
22982400.0 272.9916954213 272.8423504176 272.6391318976 272.4455018839 272.0432765464 271.7204957628 271.467769528 8.160564584615324 7.860969153007672 7.690593008129289 7.832169379272406 7.830516064078005 7.829877911131677 7.829555123982472
23068800.0 272.9937674218 272.8456470607 272.6427877615 272.4492142462 272.0475671016 271.726093827 271.4745502486 8.167567595744101 7.865076866299449 7.6927170642643405 7.83219382915747 7.830527077648503 7.829886392530336 7.829562482898683
23155200.0 272.9944110276 272.8478820897 272.6459289367 272.4528676126 272.0521705985 271.731747983 271.4812336481 8.169771281160182 7.867899916426335 7.694560502204813 7.832218038422838 7.8305389975146475 7.8298950285855575 7.82956979618627
23241600.0 272.9858936293 272.8456710055 272.6470428578 272.4555198054 272.0567410027 271.7374535642 271.4878676362 8.141665702323278 7.86510694599793 7.6952183625608 7.832235503650458 7.830550923474563 7.829903815029293 7.82957711503292
23328000.0 272.9319614359 272.8232457786 272.6391012165 272.453396649 272.0604090285 271.7430364841 271.4944452828 8.003809563343232 7.83840078142266 7.6905752789036494 7.8322199143508255 7.830560516825245 7.829912483297205 7.8295844310855855
23414400.0 272.913453644 272.8017184258 272.62521367 272.4457301048 272.0617045144 271.7479317602 271.5007754394 7.967758604363125 7.815228738446062 7.682710531594142 7.832167582240704 7.830563796180249 7.829920142128162 7.829591528359793
23500800.0 272.9471253751 272.7925161097 272.6115061309 272.436384891 272.0617249633 271.7523358709 271.5069093157 8.036951688990273 7.8059677406630925 7.675247847209646 7.832106007781171 7.830563672320116 7.829927079514316 7.829598459050023
23587200.0 272.9812438635 272.8229182747 272.6231739084 272.4395623599 272.0619614693 271.7560570707 271.5127039271 8.127227936811835 7.838031217955013 7.681581633439908 7.832127838577456 7.830564218606306 7.829932976194997 7.829605055300553
23673600.0 272.9894873153 272.8371675489 272.6359474417 272.4486840432 272.0654692061 271.7597617854 271.5181311982 8.153251230446495 7.854642838533308 7.688761323984413 7.832188282779563 7.830573615824239 7.829938878902009 7.829611276945479
23760000.0 272.9925873962 272.8445988131 272.6447911919 272.4567754771 272.0707487957 271.7641966862 271.5235067675 8.163562366670421 7.863763513899841 7.6938908180501295 7.832242714976956 7.83058784972445 7.829945987559286 7.829617481277348
23846400.0 272.972848886 272.8440625381 272.6497123471 272.4628033979 272.0764067451 271.7692972597 271.529081315 8.102614732015684 7.8630942233494245 7.696803838560377 7.8322837495901565 7.830603226161159 7.829954221093164 7.829623959824143
23932800.0 272.9004416997 272.8073414991 272.6359161736 272.4585034509 272.0803085203 271.7745658643 271.5348721186 7.944849778365418 7.821070288301371 7.688743423059215 7.832252233034628 7.830613824805995 7.829962791600594 7.829630738242329
24019200.0 272.9371417834 272.8084509392 272.6303516509 272.4546434451 272.082185749 271.779239153 271.5405816523 8.014732824031405 7.82223983059446 7.685583510312134 7.832225464630673 7.830618869712223 7.829970450224411 7.829637470487546
24105600.0 272.9792141358 272.8266975342 272.6345438584 272.4554170241 272.0840308578 271.7836344645 271.5462021567 8.121111080128761 7.842329892113916 7.687959381053719 7.832231122777512 7.830623880474062 7.8299777023045145 7.829644145754791
24192000.0 272.958209186 272.8322023572 272.6426157595 272.4615403462 272.087448234 271.787858157 271.5516328116 8.063622688109872 7.848727868966261 7.692616617085254 7.832273331865319 7.830633378694459 7.829984716419206 7.829650641258169
24278400.0 272.9854780374 272.8383508146 272.6463445218 272.4655029856 272.0916139586 271.7923495003 271.5569993158 8.140350421978154 7.856073252336714 7.6948056836657095 7.832300590940765 7.830645031176482 7.829992224100531 7.829657104630749
24364800.0 272.9869744801 272.8470073886 272.6537072639 272.4714543741 272.0961382574 271.7970743259 271.5624070469 8.14510992233231 7.866791369875286 7.69920035831594 7.83234265976102 7.83065780162241 7.830000177214916 7.82966366296501
24451200.0 272.9183281416 272.8201221378 272.6467463937 272.4710901225 272.1003375383 271.8019946633 271.5678998853 7.976833323430536 7.834898416448644 7.695043063396318 7.8323387183333395 7.830669709296192 7.830008520176562 7.829670371572173
24537600.0 272.8165657975 272.7556406508 272.6127405427 272.4528322855 272.0994716979 271.8059453462 271.5731906091 7.830970922905779 7.772166780618763 7.675908172468198 7.83221001558414 7.830666989503615 7.830015264310656 7.829676878627223
24624000.0 272.7025816622 272.6690175407 272.5586583671 272.4193527943 272.0923550569 271.8079351041 271.5778312043 7.731069305670446 7.7086595546978565 7.648946203672804 7.831993894543599 7.830646431038762 7.830018676399093 7.829682623050312
24710400.0 272.6806452861 272.6238712799 272.5159506183 272.3871646006 272.0814177603 271.8077168602 271.5814814043 7.716150537745844 7.681966852768077 7.630138309131839 7.831806468083327 7.8306156241499565 7.830018301644155 7.829687165983876
24796800.0 272.8430588794 272.6944735007 272.533516548 272.3869816732 272.0749063531 271.8067527388 271.584294829 7.861846334706885 7.725429655779993 7.637637348531992 7.831807305444683 7.8305977275699865 7.830016647601729 7.829690682307127
24883200.0 272.9138624372 272.7502839518 272.564400588 272.402154538 272.0747425035 271.806596144 271.5867746936 7.968508840118473 7.767649600153637 7.651630651431085 7.831895158754276 7.830597390239961 7.830016379177093 7.829693792496127
24969600.0 272.9714052487 272.8013355709 272.5987556841 272.4230185027 272.0780385669 271.8071738195 271.5891986451 8.098557852607385 7.814836151541199 7.668557468183889 7.832021569787547 7.83060656865053 7.830017369706494 7.829696842349557
25056000.0 272.9623977092 272.8224026904 272.6242598276 272.4440122178 272.0861264679 271.8097174302 271.5919375107 8.074311373542624 7.83745054260729 7.682181813916404 7.8321554108872355 7.830629102586219 7.830021741600158 7.829700300138876
25142400.0 272.8782458427 272.785694218 272.6178284705 272.4479137566 272.0936978331 271.8142111137 271.5956058881 7.909636631040479 7.7993299000706955 7.678654056725694 7.832179179469316 7.830650356165001 7.830029506939654 7.8297049509924195
25228800.0 272.7768457337 272.7185724086 272.5829239041 272.430502271 272.0945127518 271.8181583372 271.5997081847 7.7909926615923695 7.742653845099061 7.660566194469204 7.832064344232886 7.83065245126164 7.830036372279598 7.829710178706994
25315200.0 272.7341963574 272.6703262904 272.5473584184 272.4075677774 272.0904684866 271.8205532439 271.6035471689 7.754611759356961 7.709489077902829 7.64377597741406 7.831923715976589 7.830640792921888 7.830040558069946 7.829715096626722
25401600.0 272.6168546368 272.5866223871 272.4928804195 272.3720235149 272.0807383551 271.8207310594 271.6066435068 7.67812545374042 7.662402871268427 7.6207497484179045 7.8317237224723115 7.830613434467377 7.8300408694737405 7.829719081452657
25488000.0 272.5231474618 272.5033187381 272.4308095158 272.3282766976 272.0654998151 271.8182478492 271.6085853847 7.633172589376212 7.624935470873268 7.597771044897303 7.831503309412283 7.830571787201266 7.8300365284487645 7.829721588921837
25574400.0 272.3895711386 272.3955606437 272.3525131761 272.2726434195 272.0440701324 271.8126595362 271.6089976729 7.584085021711574 7.586003029001528 7.572702940039426 7.831256535778208 7.830515367099817 7.8300268196777045 7.829722122124482
25660800.0 272.7294083467 272.5609829136 272.4080925314 272.2854946293 272.033072942 271.8067818115 271.6083380553 7.750876532162245 7.650028185685596 7.590090722091449 7.831312621878324 7.830487502631 7.8300166974405965 7.8297212691939
25747200.0 272.5800577986 272.5143651188 272.397892252 272.2802415831 272.0255029884 271.8016032711 271.6071728157 7.659155183778171 7.629476774963266 7.58675582251273 7.831290369889185 7.830468658996959 7.830007854245297 7.829719764287514
25833600.0 272.444202337 272.4223580158 272.3470257539 272.2499829707 272.0140438107 271.7961689143 271.6056054886 7.602471552954622 7.594871737738344 7.571084784788416 7.831166538790401 7.830440471914696 7.829998648762002 7.829717743751668
25920000.0 272.3268141835 272.3248969378 272.2792136901 272.2040000787 271.9963535587 271.7891829573 271.603346166 7.565264727522829 7.564723887003901 7.552367389640525 7.830994748371163 7.830398061597529 7.829986925659663 7.829714838510916
26006400.0 272.2211008475 272.2308243739 272.206115988 272.1501310657 271.9729239434 271.7798330797 271.5999935817 7.537985249513574 7.5402964832193415 7.534493857672619 7.8308147241820025 7.830343967366033 7.829971427390869 7.829710543456585
26092800.0 272.1337568351 272.1479349688 272.1360128294 272.0947887672 271.9454725406 271.7679351965 271.5952482025 7.518734752107141 7.521687805899212 7.519200595182677 7.830649755670732 7.830283418153541 7.829952016303809 7.829704496522272
26179200.0 272.1118094695 272.1084274896 272.0891310671 272.0508015522 271.9177880748 271.7541305827 271.5890855545 7.514283484653895 7.513610223398403 7.509829885297573 7.830530987166978 7.830225240083155 7.829929919424051 7.8296966998420015
26265600.0 272.0252467521 272.038779763 272.0327258028 272.0041215854 271.8893245417 271.7388314604 271.5815998957 7.498015830122767 7.500433329365807 7.499346497891479 7.830415143158367 7.8301681943560455 7.829905947873598 7.829687313819267
26352000.0 271.9415180656 271.9647487235 271.9715658301 271.9541403417 271.8593513719 271.7221376993 271.5728703097 7.483973458045396 7.487720183857134 7.488840593873171 7.830301416829484 7.83011093637298 7.829880391696733 7.829676483418407
26438400.0 271.866346257 271.8947804581 271.9110002627 271.9033938219 271.8280092318 271.7041091761 271.562952097 7.47255460801936 7.476753274182244 7.479212698652857 7.8301955528972655 7.830053934376514 7.829853471338671 7.829664326531024
26524800.0 271.8038053741 271.8335512597 271.8550423214 271.8546498618 271.7960531162 271.6849313515 271.55192051 7.463792301978541 7.467882140625076 7.470924140202122 7.8301018956912944 7.829998623669149 7.829825580047623 7.82965098662812
26611200.0 271.7357300358 271.7706737583 271.7993188053 271.8063288837 271.7636597119 271.6647840094 271.5398664708 7.454922875172452 7.459393792380619 7.46318732542587 7.830015934582227 7.8299452398558635 7.829797073738414 7.829636624522651
26697600.0 271.669666931 271.7089005825 271.7442740073 271.7583735124 271.7309029722 271.6438070745 271.5268815062 7.446907067930831 7.451601241488279 7.456000733695524 7.829936679117737 7.829893809489125 7.82976822401986 7.829621397833768
26784000.0 271.6105044897 271.6518525297 271.69196774 271.7118981899 271.6980846561 271.6221550422 271.5130615611 7.440170761656596 7.444836911674252 7.449552117035937 7.829865041219976 7.829844677187397 7.829739297197025 7.829605463978292
26870400.0 271.5677450336 271.6065048937 271.6468109016 271.6696118351 271.6660070697 271.6000955506 271.4985351622 7.435539043207453 7.4397295066963345 7.444257692966898 7.829803862364271 7.829798813859584 7.829710677697808 7.829589010220491
26956800.0 271.493761512 271.5434710276 271.5939332833 271.624219541 271.6336575581 271.5776413455 271.483389919 7.4279527293495295 7.432992433081906 7.438353251475727 7.829742065171347 7.829754579409085 7.8296823911786735 7.829572168508592
27043200.0 271.4465442887 271.4945061285 271.5469498559 271.5812897739 271.6015033865 271.5548663963 271.4676996627 7.423371464047627 7.428026660672586 7.433353865465557 7.8296869878530435 7.8297124928855775 7.8296545341909844 7.829555048472687
27129600.0 271.4012207447 271.4494447722 271.503549235 271.5408711747 271.5699647256 271.5319196108 271.4515512708 7.419149542688635 7.423647493423837 7.428927070884824 7.829637881617246 7.829672920103261 7.82962727969189 7.829537767050576
27216000.0 271.3447644736 271.398152766 271.4577852248 271.4998622962 271.5386372461 271.5088421145 271.43501441 7.414114520704702 7.418869806923443 7.424444834405783 7.8295905813924325 7.8296351856361435 7.829600657591454 7.829520415552494
27302400.0 271.2923235465 271.3484146545 271.4124149302 271.4589866773 271.5073866778 271.4856299415 271.4181348715 7.40964464322813 7.414433005303618 7.420177035510752 7.829545774079188 7.829599014816486 7.829574643254456 7.829503054709023
27388800.0 271.2515586634 271.3066074753 271.3715394742 271.4205896266 271.4766643774 271.4623684799 271.4009658734 7.406298636473854 7.410843354635503 7.4164726706670905 7.829505655477948 7.829564805936117 7.8295493093051745 7.829485748439737
27475200.0 271.2193242014 271.2720581348 271.3358980172 271.3856956616 271.4470125049 271.4392366363 271.3835905014 7.403728150274615 7.407967746046946 7.413345303167337 7.829470743559338 7.829532988642099 7.829524816590286 7.82946858515491
27561600.0 271.1892996312 271.2406743054 271.3035636777 271.3536152978 271.4186339445 271.4164124252 271.3661112163 7.401391106541148 7.405423518880665 7.41058677714348 7.829439870708461 7.82950358334977 7.829501306090291 7.829451664941739
27648000.0 271.14826783 271.2030046662 271.2688716406 271.3211662595 271.3909688666 271.3939178329 271.3486028246 7.398282675436575 7.402451280547141 7.40770652354211 7.829409777094471 7.82947585345938 7.829478747866225 7.829435053901994
27734400.0 271.108344492 271.1650552117 271.2336628181 271.2885180592 271.3636774447 271.3716923398 271.3310999383 7.395348568604138 7.399542890453996 7.404863665187105 7.829380585031174 7.829449360855213 7.82945703386804 7.829418775654463
27820800.0 271.0381953205 271.1070820907 271.1872145301 271.2497910443 271.3353131535 271.3494172261 271.313547193 7.390395962011807 7.3952573004055395 7.401230908926537 7.829347303984203 7.829422693848733 7.829435822541017 7.829402770383832
27907200.0 270.9865822866 271.0573249333 271.1424357513 271.2103851364 271.3060567986 271.3268809012 271.295856751 7.38690682010503 7.391721920837088 7.397848712303768 7.829314832700788 7.8293960699322085 7.829414903006923 7.829386953774459
27993600.0 270.9350406202 271.0087260218 271.0983546178 271.1709822643 271.2762550058 271.3040188364 271.277959945 7.383544870272761 7.38838843257589 7.3946279055495 7.829283686502084 7.829369826079188 7.82939421592735 7.829371264392448
28080000.0 270.8637984304 270.9472540613 271.0471236964 271.1275694084 271.2452405689 271.2806724766 271.2597773278 7.379086342211908 7.3843309514544755 7.391012631891218 7.829250818362365 7.82934340938945 7.829373625750796 7.829355636246824
28166400.0 270.7866452798 270.8792718274 270.9903265567 271.0799766614 271.2124823425 271.2566140319 271.2412016523 7.374487022342719 7.380036949375397 7.387155827907205 7.829216412515868 7.829316450382903 7.829352951933007 7.829339985359146
28252800.0 270.7338498718 270.8257903184 270.9399002924 271.0345208519 271.1790036932 271.2318689253 271.2221699269 7.3714674512597265 7.3767920566981084 7.383856927646492 7.8291850213041725 7.8292898471322125 7.829332242458221 7.829324270792756
28339200.0 270.6988090468 270.7865783648 270.8987394737 270.9943972722 271.1462063432 271.2067468973 271.202721485 7.369517399302198 7.374483224092264 7.381246708775633 7.829158427495216 7.8292646665484815 7.829311770409318 7.829308537352532
28425600.0 270.6770898979 270.7591873069 270.8666033098 270.9605183904 271.1151720065 271.1816949362 271.1829963127 7.368329563721016 7.372904209621949 7.379258021384285 7.829136740637199 7.829241602560603 7.829291888728906 7.829292905719247
28512000.0 270.6653689537 270.741196685 270.8423636175 270.9327228444 271.0865422428 271.1571580844 271.1631968669 7.36769501471719 7.371881783091809 7.3777855455081225 7.82911944777421 7.8292209530263746 7.8292729123903335 7.829277535106547
28598400.0 270.6361976699 270.71397121 270.815420777 270.9053530479 271.0595185616 271.1332965478 271.1434928489 7.366135043041647 7.370356113728601 7.376175838191518 7.829102856749977 7.829201992931437 7.829254912168066 7.829262547206818
28684800.0 270.6053232374 270.6843658748 270.7869797472 270.8776353136 271.0333934315 271.1100633779 271.1239788613 7.364513288281159 7.3687258327761285 7.374506566427514 7.829086476208968 7.829184135231177 7.829237800600818 7.829247998304355
28771200.0 270.5697518145 270.65124254 270.7563735956 270.8488550214 271.0076129817 271.087310717 271.1046777195 7.36268100517466 7.366936264262138 7.372743543588059 7.829069899024583 7.8291669514105795 7.829221425787473 7.829233887965609
28857600.0 270.5428082868 270.6232016879 270.7281592999 270.8212093394 270.9823177925 271.0649624411 271.0855868421 7.361318165043505 7.365448863155614 7.371147981600738 7.829054368143269 7.829150498105595 7.829205698537364 7.8292201973360145
28944000.0 270.5146007612 270.5952464555 270.7005975262 270.7942687187 270.9575388404 271.0429867676 271.0667012134 7.3599138342478945 7.363990437266306 7.369616004971039 7.829039592663282 7.82913475769005 7.829190566896873 7.829206906915503
29030400.0 270.4938196198 270.572385488 270.6761789282 270.769311321 270.9335524015 271.021421721 271.0480317888 7.3588935679596625 7.362815448924022 7.368280172432496 7.829026207950679 7.82911986365368 7.829176029271501 7.829194009208493
29116800.0 270.4639458378 270.5445239876 270.6498372585 270.7439236484 270.9100262743 271.0002398254 271.0295829474 7.357447679862277 7.361404400153606 7.366861127548413 7.8290128877068135 7.829105573131969 7.829162040923809 7.829181492542881
29203200.0 270.4445145916 270.5228589529 270.6266799838 270.7202827244 270.8871834074 270.979457891 271.0113639885 7.356520086243426 7.360322714687768 7.365632018773101 7.829000737616517 7.829091988620719 7.829148588625735 7.829169349037711
29289600.0 270.440357995 270.5125648761 270.6107749516 270.7011201425 270.8657890085 270.9592413072 270.9934250779 7.356322957981634 7.359813430376027 7.364797587723752 7.828991058972294 7.8290795165143106 7.829135753267888 7.829157597653527
29376000.0 270.4192511835 270.4933248078 270.5918217639 270.6816152229 270.845318502 270.9396233501 270.9758104951 7.355328911655161 7.358869501770607 7.3638134158400055 7.828981370973048 7.829067805074439 7.829123528014646 7.829146252104926
29462400.0 270.4140813187 270.4834187467 270.5777260357 270.6648997661 270.8260454112 270.9206651672 270.9585649811 7.355087186581318 7.3583874921382595 7.363088535604114 7.828973188549779 7.829056971224454 7.829111923425335 7.829135325369477
29548800.0 270.4158459455 270.4799343277 270.5685738859 270.6517504422 270.8083742979 270.9024949832 270.9417514853 7.355169617406876 7.358218584890269 7.362621062499361 7.828966826589129 7.829047197334334 7.829100989483338 7.829124840752845
29635200.0 270.4097293631 270.4727068448 270.5588234195 270.6394276475 270.791980368 270.8851512157 270.925423035 7.354884234432758 7.357869284075799 7.362125754875982 7.828960928627069 7.829038263744069 7.8290907205669695 7.829114814069937
29721600.0 270.4155808734 270.4730999572 270.5535658743 270.6300280777 270.7770772093 270.8686947803 270.909630738 7.3551572300320345 7.357888246642157 7.3618598383497655 7.828956465822996 7.8290302515225045 7.829081124971466 7.829105259117245
29808000.0 270.3893064637 270.4536175599 270.5384241635 270.6162297288 270.762271359 270.852909737 270.8943555625 7.3539382352777 7.356953468139345 7.361098489531945 7.828949989265709 7.829022394574105 7.829072053266941 7.829096147506943
29894400.0 270.3934589045 270.4509484775 270.530580388 270.6054642458 270.7481913067 270.8377385709 270.8795711516 7.3541297269973995 7.356826192355463 7.360706689426089 7.8289449804644775 7.829015014587412 7.829063453991126 7.829087448302902
29980800.0 270.3754495428 270.4363573735 270.5176814351 270.5927609606 270.7342871513 270.8230595765 270.8652334211 7.35330232965987 7.35613373342174 7.360066191342566 7.8289391311562495 7.8290078139454895 7.829055243083689 7.829079122134053
30067200.0 270.327174089 270.3995636156 270.4912071852 270.5723007896 270.7188682983 270.8084563981 270.8512118524 7.3511236072339825 7.3544121126038755 7.358766236134909 7.8289298446474636 7.828999930083332 7.829047179279427 7.829071082526644
30153600.0 270.2750555873 270.3557857068 270.4573161413 270.5457553727 270.7011606252 270.7934567689 270.8373025034 7.3488333005389626 7.352408144489275 7.357130148399716 7.828918020296982 7.828991003569549 7.829039003195609 7.829063205977013
30240000.0 270.2363726178 270.3189958481 270.4249992938 270.5181885293 270.6817980517 270.7778454628 270.8233200436 7.347173274226398 7.350760117379884 7.355598558732308 7.828905995873271 7.828981393551316 7.829030606242661 7.829055385316663
30326400.0 270.2136628068 270.2936985976 270.3990509971 270.4934751012 270.6620447692 270.7617351781 270.8091762534 7.346214027323848 7.349645424511884 7.354388370758249 7.828895428164564 7.828971746772945 7.829022058862662 7.829047571843596
30412800.0 270.1806829694 270.2635995717 270.3717631089 270.4685803857 270.6420392241 270.7452541322 270.7948487956 7.344840618663474 7.348338278239005 7.353134033787215 7.828884985929758 7.828962135189119 7.829013436237825 7.829039754969575
30499200.0 270.1750769325 270.2511163229 270.354178743 270.4488857392 270.6229454613 270.7287026652 270.7803971131 7.344609434546331 7.347802133193991 7.352335480964587 7.828876857960244 7.828953105673728 7.829004897841925 7.829031968472888
30585600.0 270.1879767422 270.2543294594 270.3478624505 270.436670816 270.6060631371 270.7125524878 270.7659758912 7.34514238390505 7.347939803420773 7.352050477222984 7.828871869540633 7.828945235347933 7.82899668102377 7.829024294833823
30672000.0 270.1933046192 270.2559025521 270.3437691999 270.4278248722 270.5913463594 270.6971400275 270.751768049 7.3453635192691875 7.34800728779748 7.351866295439401 7.828868284225283 7.828938459911601 7.828988942954507 7.829016827241329
30758400.0 270.1708953101 270.2392488888 270.3305067491 270.415241462 270.5771956553 270.6823806388 270.7378664692 7.3444374159676995 7.347295637046845 7.351272288666808 7.828863236929717 7.828932020837035 7.828981625634913 7.829009607884541
30844800.0 270.1518410864 270.2216986836 270.3148349414 270.4006572465 270.5629332062 270.6680475094 270.7242684829 7.343658145927621 7.346552252201804 7.350575747784511 7.828857447966692 7.828925604952523 7.828974605016987 7.829002628241813
30931200.0 270.1482402017 270.2140521936 270.3040616854 270.3882509483 270.5491072854 270.6540841452 270.7109568641 7.343511712682098 7.346230451055666 7.350100264744637 7.828852569393946 7.828919454082063 7.828967844990913 7.828995872849895
31017600.0 270.1360230466 270.2023870875 270.2921459839 270.3757913707 270.5356386464 270.6404611924 270.6979164617 7.343016847402803 7.345741940701279 7.349577492748822 7.828847716101922 7.828913526296649 7.82896132407193 7.828989327989373
31104000.0 270.1296667173 270.1940932412 270.2820043837 270.3643750328 270.522656946 270.6271854734 270.6851425908 7.342760567270381 7.34539637140396 7.349135122998796 7.828843307289151 7.828907871618202 7.828955038806096 7.828982985721481
31190400.0 270.1189650454 270.1835353481 270.2710728938 270.3528692217 270.5100150881 270.6142375552 270.6726292455 7.342330909737734 7.344958566572705 7.348660917944214 7.8288389021519125 7.828902419811784 7.828948973715715 7.8289768377991535
31276800.0 270.0784665248 270.1526916107 270.2485741879 270.3351313242 270.4962802126 270.6013268014 270.6603007718 7.340725321054143 7.343692839527847 7.347693374752914 7.828832191179498 7.828896558571325 7.828942988923424 7.828970842654678
31363200.0 270.0455570042 270.1230908774 270.2239280994 270.3146103368 270.4812172491 270.5881749972 270.648036504 7.339443800497329 7.34249635306086 7.346646314099977 7.828824533928586 7.828890202661091 7.828936955963841 7.828964938820437
31449600.0 270.0255999622 270.1018805886 270.2031017812 270.295235113 270.4655845295 270.5747359446 270.6357474414 7.338676537134248 7.341649751607886 7.3457717871819375 7.828817404658462 7.8288836835244755 7.828930856483389 7.828959082257491
31536000.0 270.0067989338 270.0827950797 270.1841629357 270.2770064566 270.4498840982 270.5610946944 270.6233998903 7.3379604103508616 7.340895475771449 7.344984525443378 7.828810786012718 7.828877213643844 7.828924731606599 7.82895325663549
