  single point
       alpha_p    1.0000000000000000E-02     1.000000         0.000000    
       alpha_m    1.8249144000000001E-03     1.000000         0.000000    
           n_p     2.050000000000000         1.000000         0.000000    
           n_m     2.050000000000000         1.000000         0.000000    
          wr_p    0.2243241400000000         1.000000         0.000000    
          wr_m    0.1594880600000000         1.000000         0.000000    
         tcs_p    0.4395766100000000         1.000000         0.000000    
         tcs_m    0.9521050599999999         1.000000         0.000000    
         tcd_p    0.1010234100000000         1.000000         0.000000    
         tcd_m    0.9844054300000000         1.000000         0.000000    
          af_p     1.505114200000000         1.000000         0.000000    
          af_m     1.499389100000000         1.000000         0.000000    
         auf_p    0.4869354100000000         1.000000         0.000000    
         auf_m    0.6988840300000000         1.000000         0.000000    
         por_p    0.6373949600000000         1.000000         0.000000    
         por_m    0.4810307700000000         1.000000         0.000000    
        perm_p    5.3466221000000000E-11     1.000000         0.000000    
        perm_m    1.0000000000000000E-13     1.000000         0.000000    
         den_p     900.0000000000000         1.000000         0.000000    
         den_m     1900.000000000000         1.000000         0.000000    
