single point
       alpha_p                      0.005458148437535000    1.000000000000000    0.000000000000000
       alpha_m                      0.001764086265103000    1.000000000000000    0.000000000000000
           n_p                      2.049691706808000    1.000000000000000    0.000000000000000
           n_m                      2.049961217314000    1.000000000000000    0.000000000000000
          wr_p                      0.2269623795736000    1.000000000000000    0.000000000000000
          wr_m                      0.1609655984401000    1.000000000000000    0.000000000000000
         tcs_p                      0.4402677675693100    1.000000000000000    0.000000000000000
         tcs_m                      0.9520413205931400    1.000000000000000    0.000000000000000
         tcd_p                      0.1017289059440000    1.000000000000000    0.000000000000000
         tcd_m                      0.9844074279257000    1.000000000000000    0.000000000000000
          af_p                      1.505114150512800    1.000000000000000    0.000000000000000
          af_m                      1.499389146850500    1.000000000000000    0.000000000000000
         auf_p                      0.4866273533882800    1.000000000000000    0.000000000000000
         auf_m                      0.6988841607375900    1.000000000000000    0.000000000000000
         por_p                      0.6382859087416800    1.000000000000000    0.000000000000000
         por_m                      0.4815965474083200    1.000000000000000    0.000000000000000
        perm_p                      1.336655531800000e-11    1.000000000000000    0.000000000000000
        perm_m                      2.500000000000000e-14    1.000000000000000    0.000000000000000
         den_p                      900.0000000000000    1.000000000000000    0.000000000000000
         den_m                      1900.000000000000    1.000000000000000    0.000000000000000
