  single point
       alpha_p    1.0000000000000000E-02     1.000000         0.000000    
       alpha_m    1.8249099999999999E-03     1.000000         0.000000    
           n_p     1.500000000000000         1.000000         0.000000    
          wr_p    0.1000000000000000         1.000000         0.000000    
         por_p    0.6373900000000000         1.000000         0.000000    
         por_m    0.4810310000000000         1.000000         0.000000    
        perm_p    5.3466200000000001E-11     1.000000         0.000000    
        perm_m    1.0000000000000000E-13     1.000000         0.000000    
         pen_s    2.0000000000000000E-02     1.000000         0.000000    
          z_bg    4.0000000000000001E-02     1.000000         0.000000    
           z_s    5.0000000000000001E-03     1.000000         0.000000    
          b_bc     268.4500000000000         1.000000         0.000000    
