0.0 270.15 270.15 270.15 270.15 270.15 270.15 270.15 14.298656560979635 10.167944388917194 10.167944388917194 7.673568863359098 7.673568863359098 7.6735688619544895 7.673568857245197
86400.0 262.5272842486 264.2175079619 266.2426940457 268.4230549871 269.8040155015 270.0849633849 270.1438310932 14.298400288017962 10.16640679463662 10.166628912878597 7.672922857208331 7.673384581096451 7.673530964998732 7.6735651904534645
172800.0 261.8550563024 263.1135249611 264.7997914379 267.0545805951 269.1417695134 269.840637789 270.0940956416 14.298394526802513 10.166324290564443 10.166459349195975 7.672675527781959 7.673122466804538 7.673402219402847 7.6735361819890855
259200.0 262.1175293208 263.0164477005 264.3163553459 266.2913310283 268.5488788917 269.5305877041 270.0022660249 14.298396690490696 10.166317917245864 10.166415215401663 7.672581374075617 7.672953190229418 7.6732644393323675 7.673485089589658
345600.0 262.1176382673 262.9021818135 264.0349871322 265.8151991555 268.0655182777 269.2094508061 269.8767708164 14.298396691414919 10.166310574245584 10.166391738099248 7.672532796461763 7.67284505323278 7.673145116345188 7.673420014318432
432000.0 261.111475963 262.0685014583 263.3577977385 265.257611618 267.6172719524 268.8886331397 269.7267246185 14.298388922583813 10.16626169860246 10.16634090175274 7.672483537559218 7.67276204689021 7.673044285450727 7.673348621347811
518400.0 260.807312098 261.6804224216 262.9062806619 264.7840216921 267.2030754419 268.5735556114 269.5595606247 14.298386829888681 10.166241432546844 10.166310834742532 7.672446981168873 7.672696730218501 7.672959339813367 7.67327627895233
604800.0 259.9605720762 260.9380186111 262.2695130329 264.2565966055 266.7930626295 268.2603118722 269.3798295331 14.298381525870262 10.16620634460444 10.166272779796701 7.672410963710971 7.672640655186911 7.672885995907012 7.67320582582925
691200.0 258.7881796935 259.9101726713 261.4147676102 263.6104876859 266.3527434633 267.937737878 269.1886939941 14.298375241200574 10.166164427064272 10.166228352902689 7.672372401884105 7.672588148306883 7.672819898685914 7.673138084526754
777600.0 258.3733968748 259.4074528545 260.853529424 263.0593597333 265.9166484271 267.6085235171 268.9870885067 14.29837326308356 10.166146269186115 10.166202627132188 7.6723435082080975 7.672542597141412 7.672760563742466 7.673073534815315
864000.0 255.6786881652 257.2546245799 259.2736653742 262.0622818674 265.3690666802 267.2441972732 268.770991756 14.298362758840113 10.16608183464278 10.166141664695916 7.672298712770828 7.67249280491524 7.67270279506407 7.673011102779308
950400.0 254.6992159092 256.172451621 258.1829212316 261.1340372334 264.7672676104 266.8417029754 268.5365966947 14.298359722290524 10.166055782781017 10.16610727989576 7.672263856978184 7.67244576549348 7.672646916812546 7.672950154569296
1036800.0 255.9588193354 256.8830176345 258.3306754834 260.7993017929 264.2856200452 266.4466414274 268.2885067527 14.298363692999793 10.166072485990025 10.166111632914527 7.672252606481416 7.672412831404332 7.672598752129936 7.6728922008672225
1123200.0 256.710483065 257.464650036 258.6489478926 260.7482123055 263.9500837077 266.0949145513 268.0370115023 14.29836636195096 10.166087320229531 10.166121319890154 7.672250944231486 7.672391977017603 7.672560519583063 7.672839329726645
1209600.0 256.5625538296 257.3978684808 258.6146685815 260.6424035296 263.6848201978 265.7875317203 267.7905748539 14.298365816984644 10.16608555964904 10.166120255580799 7.672247546008854 7.672376563367882 7.672530171678883 7.672792451353986
1296000.0 256.208678133 257.1064178632 258.3837844101 260.4398138257 263.4343759149 265.5097712444 267.5528590373 14.298364553094178 10.16607805266616 10.166113219479818 7.672241201694028 7.672362803083449 7.672504900616744 7.6727512381191865
1382400.0 255.7302354046 256.6863946944 258.0315663919 260.1548657202 263.1726965798 265.2462000062 267.3235927163 14.298362928406295 10.166067715273593 10.166102911566767 7.672232622144662 7.672349182499974 7.672482603830391 7.672714753137859
1468800.0 256.8690627617 257.4585223805 258.4263211342 260.1937062664 262.9896446855 265.0122016865 267.1047690087 14.298366957488195 10.166087158044382 10.166114498706005 7.672233768768087 7.672340082412782 7.672464049444186 7.672682574305502
1555200.0 255.7109280369 256.662871485 257.952715688 259.9413648867 262.7834241607 264.7909951562 266.895649497 14.298362864775156 10.166067152377357 10.166100671295581 7.672226443054285 7.672330225553549 7.6724474886370935 7.672653978363491
1641600.0 256.5361552395 257.1696811851 258.1661879778 259.9151437397 262.6197526431 264.5890365166 266.6965241536 14.298365720782622 10.16607965819395 10.166106792479834 7.672225698298395 7.6723226844485986 7.672433135155138 7.672628514104964
1728000.0 257.6777723317 258.0677320607 258.7615130963 260.1480679788 262.5525003629 264.425683786 266.5110494413 14.298370190361805 10.166103947161481 10.166124851536278 7.672232422189791 7.672319655133274 7.672422023988932 7.672606203604423
1814400.0 258.8210147614 259.0412835731 259.497799443 260.5435558567 262.587206568 264.3144846788 266.3446649938 14.298375402831187 10.166133880344244 10.16614943110492 7.672244424306758 7.672321213494987 7.672414701368157 7.672587250030023
1900800.0 258.9516862556 259.2840939497 259.8069166786 260.8074956255 262.6509271103 264.2439734224 266.1997977263 14.298376053668807 10.16614202032406 10.166160582699433 7.672252874391503 7.672324102190588 7.672410155290659 7.672571505113651
1987200.0 260.4651980579 260.4780810082 260.660141533 261.291246612 262.7897096961 264.2192425475 266.0788294374 14.298384599235783 10.16618672340768 10.16619431264638 7.672269366132197 7.672330520035777 7.672408578264951 7.672558864375424
2073600.0 262.8389604058 262.438474242 262.1199911275 262.1426123451 263.0733521877 264.2631184521 265.9874308824 14.298403221207586 10.166282424678764 10.166264497569452 7.672302013329784 7.672344201657245 7.672411382308758 7.67254960390776
2160000.0 262.4376214647 262.440714369 262.4503139852 262.6061879667 263.3496864306 264.3492695463 265.9259805489 14.298399476646049 10.166282554649971 10.16628311225583 7.672322070244461 7.6723583132143975 7.6724169715928765 7.672543512870067
2246400.0 264.3814454132 263.9640571541 263.56096681 263.3126820339 263.6839779074 264.4780705438 265.8943260064 14.298420898859632 10.166386052561702 10.166355379937045 7.67235637631033 7.672376515837231 7.672425540525893 7.672540416523103
2332800.0 262.4647715953 262.7673082641 263.0522657922 263.3531960513 263.8906613645 264.6013619893 265.8845231348 14.29839972085118 10.166302120399743 10.16632025413338 7.672358497694508 7.672388445376276 7.672433991207116 7.672539463245185
2419200.0 260.0731704903 260.864032003 261.7655666354 262.7997616322 263.8682134973 264.6613152036 265.8803871194 14.298382190507482 10.166203086381632 10.166245757399127 7.67233099173936 7.672387123311307 7.672438191587041 7.6725390618346285
2505600.0 259.8779102901 260.458919666 261.253026957 262.3868939001 263.7466858553 264.6573974468 265.8690121999 14.298381045312704 10.166185937678165 10.166220683282111 7.672312361205984 7.672380078394406 7.672437915244484 7.672537960274165
2592000.0 259.8993603919 260.37921195 261.070552932 262.1562617387 263.6172138805 264.614557943 265.845370772 14.298381169426252 10.16618269517989 10.1662122837232 7.672302579070073 7.672372775707546 7.672434910533882 7.672535682069145
2678400.0 260.1878506728 260.5573097517 261.1226410798 262.0874116345 263.5231944853 264.5588108673 265.8107993697 14.29838287963979 10.166189998355732 10.166214654717718 7.672299739992795 7.672367598998709 7.672431046529155 7.672532377700425
2764800.0 261.7653586647 261.7494382651 261.8878455378 262.4062749378 263.5467239195 264.5269665008 265.772844187 14.298393810867745 10.166244933075347 10.166252086017199 7.672313202889574 7.672368884769906 7.672428862298307 7.672528786488248
2851200.0 263.0173686382 262.8466600017 262.7474668848 262.9093083374 263.6870959864 264.5411706198 265.7412306228 14.298404983636521 10.166307066629251 10.166300895734564 7.672336194058277 7.672376691836769 7.672429834524026 7.672525824108353
2937600.0 265.2506687383 264.6970865117 264.1397139203 263.7373806528 263.979142121 264.623920505 265.726945776 14.298433992169537 10.166449539623802 10.166400300691045 7.672379546672614 7.672393721143779 7.672435564567369 7.672524494019792
3024000.0 266.7636231585 266.1233320685 265.383079312 264.6244481697 264.3793233472 264.7778704856 265.7386478061 14.298465545030258 10.166612172209888 10.16652011563967 7.67243560147205 7.672418947927037 7.672446534257616 7.672525583227385
3110400.0 265.5818251404 265.4963864794 265.2900978415 264.925906123 264.6965894179 264.9537232059 265.7743931415 14.298439793521748 10.166533023053335 10.166509808727334 7.672457480117597 7.672440691499143 7.672459582217251 7.672528932303105
3196800.0 259.701121978 261.0639489835 262.4623646834 263.7551863734 264.5882001796 265.029341394 265.8115341665 14.29838003794184 10.16621198461924 10.166283813696236 7.672380565082098 7.672433077157257 7.672465371273449 7.6725324476038175
3283200.0 258.2228865914 259.3689023062 260.8133212876 262.6038094139 264.226239193 264.9750934122 265.8262269099 14.298372573250115 10.16614493298319 10.166200876367581 7.672321962710032 7.672409023511842 7.6724612071055205 7.672533848326936
3369600.0 257.4473303174 258.4643255053 259.8283839617 261.7302726403 263.7912493277 264.8235554643 265.8062125108 14.298369234205625 10.166115648082094 10.166161376912676 7.6722855770038345 7.672382639921739 7.672449869633579 7.672531941684515
3456000.0 256.7576457167 257.7406929768 259.0812337476 261.0364196687 263.3567308823 264.613741832 265.7500701314 14.298366537827352 10.166094764422633 10.166135199777308 7.672260510043052 7.672358683641763 7.67243485359427 7.672526649807291
3542400.0 256.8418328809 257.6394312329 258.7928287183 260.6082653535 262.9831751936 264.3837727235 265.6639347301 14.298366854376813 10.16609200195925 10.166125844170573 7.672246462174375 7.672339766947991 7.672419241702148 7.672518689089579
3628800.0 257.7134554085 258.2241599702 259.0508087325 260.5262905757 262.728795904 264.1715858005 265.5590836264 14.298370341048347 10.166108485917139 10.166134194235767 7.672243884205409 7.672327681535736 7.672405564448438 7.672509248653875
3715200.0 259.3700011656 259.5108187895 259.8917674012 260.8433301201 262.6441174933 264.0138167592 265.4501970026 14.298378222621873 10.166149890303371 10.166163737307317 7.672254050367426 7.672323791767001 7.672395817264222 7.67249972394639
3801600.0 259.4187245149 259.7114993172 260.1703601631 261.049469806 262.6307508191 263.9067890479 265.3477497152 14.298378484087658 10.166157084172351 10.166174393206145 7.672260954270157 7.67232318363347 7.672389399284344 7.672491011425688
3888000.0 262.0603642675 261.7409412138 261.5488264849 261.7474028084 262.7834449979 263.8735368001 265.2627768227 14.29839621029008 10.166244499748759 10.166234876448888 7.672286235530148 7.672330226530042 7.672387436231444 7.672483961102
3974400.0 263.063492384 262.7812926966 262.5128224951 262.4362467399 263.0387555149 263.913000395 265.2034653486 14.298405449686967 10.166302986447397 10.166286768436182 7.672314510672738 7.672342490669279 7.672389767580742 7.672479131591552
4060800.0 263.7378134545 263.4815424358 263.2043623088 263.0123201593 263.3278770267 264.0061575546 265.1725870248 14.298412799392642 10.166349645657906 10.16633036992284 7.672341191376309 7.67235716984274 7.672395352853065 7.672476646442285
4147200.0 265.6725639225 265.0792209533 264.4292131434 263.8112051925 263.6979930312 264.1546104196 265.172083814 14.298441475186367 10.166487335557816 10.16642506927916 7.672383795126754 7.6723773078543935 7.672404498840214 7.672476606107856
4233600.0 267.3320974211 266.5873644845 265.7048662619 264.7201590139 264.1518872991 264.3613565861 265.2040778166 14.298481766069099 10.166680762670344 10.166557825678343 7.672442373860967 7.672404328281135 7.672417764769324 7.6724791810848085
4320000.0 267.2156105118 266.7713695552 266.1494364654 265.2911434572 264.5743738967 264.5976026772 265.2656482612 14.298478182462537 10.166710798212364 10.166615783364659 7.672486297333762 7.672432120064766 7.672433729839048 7.672484196807077
4406400.0 264.6815280269 264.9681743842 265.1453651044 265.0769803511 264.7797153455 264.795536761 265.3430675833 14.298425107476572 10.166475978804987 10.166494253798094 7.672469075479755 7.672446668224684 7.672447819600694 7.672490618842046
4492800.0 263.5235242874 263.8982033271 264.3002826477 264.6566319571 264.8030705902 264.9225750596 265.4197539494 14.298410349176303 10.16638085398753 10.166413833032223 7.672437861282453 7.672448369438106 7.672457229370687 7.672497110207977
4579200.0 262.6318969081 263.0692377225 263.5957941806 264.2091316808 264.7153085561 264.9785956788 265.4832370493 14.298401252632374 10.166321367388296 10.166357925271836 7.672407936093684 7.672442026854992 7.672461474231528 7.672502584751825
4665600.0 262.7052582981 262.9851920235 263.3822186312 263.9614263813 264.6124507925 264.9888011702 265.5288934805 14.298401940916946 10.166315891840517 10.166342609346586 7.672392656473566 7.672434763535691 7.672462253972785 7.67250657983744
4752000.0 262.3734420068 262.6952840536 263.1271028757 263.7517814874 264.5085652901 264.971556214 265.5570419592 14.29839890438648 10.166297697643593 10.166325192083127 7.672380370033742 7.672427607678663 7.672460937550308 7.6725090674880665
4838400.0 261.116798826 261.6963140103 262.4099705721 263.3350767554 264.3464123451 264.921477133 265.5673140609 14.298388960177368 10.166242234740272 10.166280775738002 7.672357546715917 7.672416784423803 7.672457146768084 7.672509980013058
4924800.0 260.728774764 261.2523421938 261.958016703 262.9661921045 264.1563610752 264.8423955931 265.5597129154 14.29838630663841 10.166220651265762 10.16625578192638 7.672338940777645 7.672404608544092 7.672451256084515 7.6725093045159785
5011200.0 261.5879940808 261.8036117897 262.1930775439 262.9285706208 264.0327509648 264.762213993 265.5386861466 14.298392428778758 10.16624771143536 10.166268516924704 7.672337120653417 7.672396968765299 7.672445399780217 7.672507443133742
5097600.0 260.4556227572 261.0002980575 261.6906721737 262.6597099552 263.8891480187 264.675318251 265.5069648589 14.298384538574906 10.166209118885126 10.166241949684498 7.672324503173027 7.672388356039241 7.6724391814377295 7.672504654901417
5184000.0 260.8425933205 261.1771140477 261.6903940352 262.5476247261 263.768344905 264.5887318436 265.4673953467 14.298387067178076 10.166217156939112 10.166241935636313 7.672319437048354 7.672381320247494 7.672433114028266 7.6725012099322125
5270400.0 260.430815724 260.8677125509 261.466412603 262.3851960548 263.6488043266 264.5017375592 265.4219267387 14.298384381871355 10.166203247508703 10.166230847832287 7.672312287622707 7.672374538685319 7.6724271435465035 7.672497296059025
5356800.0 260.6488069173 260.97890015 261.4774930936 262.3159368094 263.5520512782 264.4196122788 265.3727486671 14.298385780800317 10.166208162416623 10.166231386074086 7.672309306049686 7.672369176779634 7.672421619235211 7.672493115718843
5443200.0 261.0612418173 261.2884240985 261.6635667017 262.3618496242 263.498564727 264.3514655178 265.3230271707 14.29838856950525 10.166222343421902 10.166240584180528 7.672311278179637 7.672366259991838 7.672417115531713 7.672488943960249
5529600.0 261.2105774575 261.4355379971 261.785986126 262.4209882088 263.4744108379 264.2993530763 265.2755844976 14.2983896280908 10.166229353587282 10.166246804492445 7.67231384394966 7.672364953651765 7.672413719521822 7.672485013784927
5616000.0 260.8308531972 261.1717961404 261.6365934049 262.3620832202 263.4371630593 264.2531296565 265.2308286776 14.298386988064614 10.166216911631288 10.166239231889755 7.672311288257231 7.672362952212609 7.672410741445894 7.672481350466237
5702400.0 260.5938418113 260.9596491657 261.467193216 262.255220522 263.3794406677 264.204597832 265.1874826765 14.298385423361971 10.166207304852696 10.166230885712668 7.672306724261337 7.672359881552689 7.672407648624886 7.672477842804293
5788800.0 261.0763741236 261.286001071 261.6373109092 262.2895026181 263.3465616571 264.1612475602 265.1457182372 14.29838867554865 10.166222229455684 10.16623926777509 7.672308178364441 7.672358149077079 7.672404914984743 7.672474499996404
5875200.0 261.6756101153 261.7710063766 261.9772064133 262.4516716681 263.3629882189 264.1346578888 265.1078097452 14.298393106030025 10.166246035966221 10.166256800948823 7.672315186650849 7.6723590131382196 7.672403251604393 7.67247149664712
5961600.0 262.2452561386 262.2669653835 262.3672152153 262.6850382714 263.4276232587 264.1315641923 265.0768309106 14.2983977821188 10.166272636720652 10.166278319122219 7.672325663424055 7.672362442142012 7.672403058725484 7.672469063790707
6048000.0 262.4686445067 262.5138402622 262.6150080029 262.8824829018 263.5122585225 264.1484037824 265.0545836934 14.298399755793172 10.166286828332185 10.16629284132502 7.672334909595483 7.672367003593252 7.672404110253938 7.672467328438532
6134400.0 262.8108255178 262.821247819 262.8793295674 263.0804406712 263.6095171267 264.1809828912 265.0416016612 14.298402948969825 10.166305474123439 10.166309125829278 7.672344553714046 7.672372347989418 7.672406156116284 7.672466320313486
6220800.0 262.8767006917 262.9271075333 263.0164875386 263.222393748 263.7017079166 264.2222839145 265.0370412281 14.298403588786885 10.166312161664985 10.166317919833688 7.672351712577515 7.672377518189908 7.672408771721097 7.672465966957903
6307200.0 263.0978157667 263.122886833 263.1869777936 263.3621400548 263.7915527672 264.2688408138 265.0396183972 14.298405799355468 10.166324911890676 10.166329197645151 7.67235896845046 7.6723826574505 7.672411750114504 7.672466166595293
6393600.0 262.961587936 263.0587399661 263.1932818913 263.4248350282 263.8619059532 264.3141038916 265.0473168518 14.298404425788451 10.16632067834522 10.166329622258552 7.672362293258177 7.67238675300901 7.672414676619124 7.67246676372284
6480000.0 263.0811251498 263.1513959843 263.2673544954 263.4919533373 263.9223012982 264.3564864298 265.0583392707 14.298405629018038 10.166326811327657 10.166334653095866 7.672365901753793 7.67239032001572 7.672417444912724 7.672467620698397
6566400.0 263.1086094884 263.190411501 263.3161044835 263.5474003265 263.9748359849 264.3956336707 265.0713462749 14.298405909828762 10.1663294288538 10.166338006539107 7.672368921828516 7.672393461969211 7.672420026325868 7.672468635062414
6652800.0 263.6104372595 263.5789761754 263.5859779877 263.7009938831 264.0480838763 264.4388484613 265.08660378 14.298411329330401 10.166356693767407 10.166357205939752 7.6723774777496505 7.672397904855988 7.672422903606607 7.672469829211679
6739200.0 263.1463443246 263.2893396414 263.4606477048 263.7043046284 264.0961502594 264.4783436572 265.1031909746 14.298406297944927 10.166336161210586 10.166348153133868 7.67237766531798 7.672400860443728 7.672425558973424 7.672471132704049
6825600.0 263.8015325274 263.7546115085 263.7489624199 263.8490055392 264.1639953846 264.5208925584 265.1213762711 14.298413550212034 10.16636977794344 10.16636934929533 7.672385997261567 7.672405087458326 7.672428447563197 7.672472568128729
6912000.0 263.8887454592 263.8845891875 263.8970883743 263.9767956603 264.2411412232 264.568271055 265.141776466 14.29841459505535 10.166379788734828 10.166380766626176 7.672393579884283 7.672409974230677 7.672431698614466 7.6724741863451005
6998400.0 264.2536310142 264.1893590602 264.1372073321 264.1430322074 264.3331887806 264.6228018032 265.1652485991 14.298419194707721 10.166404431513927 10.166400093365587 7.672403774393443 7.672415919799856 7.672435486342145 7.672476058733322
7084800.0 263.5466763864 263.7112355685 263.8885024968 264.0960394202 264.3801727914 264.6698922529 265.1900323652 14.298410608494068 10.166366500120738 10.166380094601548 7.6724008535938495 7.672419003991172 7.672438797483779 7.672478048050502
7171200.0 262.9040232957 263.177296972 263.5051686681 263.91163212 264.3638439067 264.6953513527 265.2121720862 14.29840385663937 10.166328546660932 10.166351341300595 7.6723896864068 7.672417928271682 7.672440603393547 7.672479835911997
7257600.0 262.7657380984 262.9971287424 263.3110645312 263.7626873396 264.3189220362 264.6999364096 265.2286193751 14.29840251585995 10.166316663846919 10.166337658266503 7.672380995296777 7.672414989948137 7.672440929816218 7.67248117072909
7344000.0 264.0136648718 263.8963594237 263.8459318181 263.9602886112 264.3460935952 264.7113052422 265.2417804776 14.298416127314589 10.166380709521961 10.166376781377927 7.672392588239351 7.672416763551878 7.672441740761941 7.672482242951486
7430400.0 264.5774437729 264.433109794 264.295851651 264.2380399706 264.438137364 264.7447315096 265.2565438194 14.29842361346103 10.166425414186323 10.166413452838876 7.672409776108534 7.672422856023044 7.672444138113471 7.672483450074152
7516800.0 264.26556034 264.2896303565 264.3069370971 264.345367572 264.5235211143 264.7897276459 265.2750055765 14.29841935163436 10.166412919689863 10.166414404737258 7.672416716016418 7.672428626968433 7.6724473963321005 7.672484966124399
7603200.0 264.0200373131 264.1067661693 264.2094946327 264.3480757211 264.5765907032 264.8325979554 265.296092257 14.298416206638393 10.166397584897721 10.166406120355614 7.672416893372463 7.672432273306738 7.672450534268983 7.672486706681328
7689600.0 263.3411673684 263.5800735259 263.8588376083 264.1957211642 264.5715808041 264.8584782553 265.3162161777 14.298408350573412 10.166356773983562 10.166377782527817 7.672407086655879 7.672431927104082 7.672452444721168 7.6724883767335745
7776000.0 263.6046115535 263.706781464 263.8730051107 264.1555473824 264.5606511694 264.872377776 265.3333006515 14.298411263060448 10.166366165284416 10.166378884845036 7.672404557545209 7.6724311732663315 7.672453475825055 7.672489801469751
7862400.0 264.2211736977 264.1762742381 264.1742533956 264.2837877386 264.5906884591 264.8903282623 265.3486566158 14.298418769922224 10.166403338215849 10.166403169656752 7.672412713123675 7.672433249741477 7.672454812710582 7.672491087524755
7948800.0 265.0197617073 264.8388303585 264.664491348 264.5588302239 264.6828499022 264.9277123547 265.3661645683 14.29843023368092 10.166463143149247 10.166446477317082 7.67243104786161 7.672439715227954 7.67245761616753 7.672492560152355
8035200.0 264.8393635167 264.8053806133 264.7525413916 264.7020541758 264.7781800628 264.977936502 265.3878649759 14.298427446327263 10.16645989014033 10.16645480566623 7.672441080705949 7.672446556731374 7.67246142393976 7.672494394880676
8121600.0 265.1407500514 265.0487386928 264.9474980523 264.8543831453 264.8763089082 265.0364218376 265.4142736894 14.298432175287951 10.166484186323173 10.166473899061717 7.67245214160925 7.672453768094541 7.672465918999135 7.672496641934144
8208000.0 266.0113929285 265.7465189524 265.4538250941 265.1567541232 265.0159079856 265.1111594645 265.4469404668 14.298448142669093 10.16656295285153 10.166528128943613 7.6724753798209235 7.672464334796449 7.672471760862892 7.67249944333709
8294400.0 266.6213514088 266.3134143819 265.9406538713 265.5043773747 265.1939583277 265.2066993746 265.4879282606 14.298461938107788 10.166639114435924 10.16658765169589 7.672504428513906 7.672478364337853 7.672479393017346 7.67250299299783
8380800.0 267.0346423206 266.7269217387 266.3336823484 265.8287975219 265.389746878 265.3201926296 265.5383904349 14.2984728926644 10.16670338121053 10.166642078163138 7.672534093989352 7.672494554491496 7.67248870777414 7.672507417033012
8467200.0 267.2883285016 267.002716929 266.6229169737 266.1012689561 265.5837742387 265.4446494939 265.5979661488 14.298480402432697 10.166751180561274 10.166686430634913 7.672561175608016 7.672511447556162 7.672499246075992 7.672512718136407
8553600.0 266.9960803701 266.8486772518 266.6126501154 266.2184082963 265.7384504245 265.5658660104 265.663930079 14.29847180669636 10.166723954235556 10.16668478734147 7.67257349002459 7.672525564827958 7.672509851217069 7.672518688661461
8640000.0 266.4851871737 266.4680759108 266.3913971609 266.1823939625 265.831172575 265.6690637438 265.7316157027 14.298458633852317 10.166662196872158 10.166650617534636 7.672569658758817 7.67253432111765 7.672519157849255 7.67252492827032
8726400.0 266.3938717036 266.3592755475 266.2932768877 266.1458721062 265.887294465 265.7519616753 265.7970123514 14.29845649441701 10.166645846512255 10.166636187575632 7.672565814760158 7.672539732478107 7.67252682675927 7.672531068815701
8812800.0 265.7733410481 265.8793440129 265.9691981084 265.9976921714 265.893933927 265.8098382435 265.8564611347 14.298443392642502 10.166579705363038 10.166591398787885 7.672550631480882 7.672540378343691 7.672532286294959 7.672536748903998
8899200.0 266.1739549212 266.1148528484 266.059379521 265.9983026914 265.907457391 265.8543549766 265.9091677203 14.29845157758416 10.16661100514609 10.166603440555452 7.672550692716099 7.672541697623491 7.672536546048512 7.672541864834597
8985600.0 266.7876977533 266.5987896047 266.3878253594 266.157699485 265.9658950038 265.9029050013 265.9576660755 14.298466171748853 10.166682577238186 10.166650084717066 7.672567055107619 7.672547457077055 7.672541252949028 7.672546640248326
9072000.0 266.9415974916 266.7838539303 266.5786520268 266.30901776 266.0483273221 265.9603372709 266.0049217266 14.298470295949201 10.166712900583152 10.166679383277538 7.672583312259228 7.672555746728418 7.672546905190453 7.672551357269729
9158400.0 266.8394395015 266.7469061044 266.6068414698 266.3853707152 266.1242693259 266.0210613826 266.052175188 14.298467535302395 10.166706702930624 10.166683859970046 7.672591798647365 7.672563560322868 7.672552983014231 7.67255613850874
9244800.0 267.3597143033 267.1449201196 266.8844055627 266.5538177613 266.2190654336 266.0883757035 266.100645258 14.298482637362515 10.166777587126957 10.166730146897281 7.672611234012562 7.672573560312806 7.672559845784022 7.672561111164323
9331200.0 267.7935652284 267.5324494698 267.2032056515 266.7742178581 266.3396471588 266.1666379502 266.1519523634 14.298497535927918 10.166856518020355 10.166788784849745 7.672638255569725 7.672586693179183 7.672567995349603 7.672566451866171
9417600.0 266.9343500193 266.9565983498 266.9117345902 266.7305225755 266.408727553 266.2379969351 266.2044251677 14.298470097030982 10.166742883482721 10.166734932853826 7.67263274717093 7.672594434075454 7.672575591090029 7.672571997636246
9504000.0 266.8393334063 266.8251113226 266.7857499146 266.6722540098 266.4415157455 266.2950851236 266.2552481952 14.298467532485109 10.166719908900085 10.166713220612786 7.672625520159831 7.672598165431136 7.672581784606518 7.672577451596789
9590400.0 267.1365444976 267.0278026458 266.8955856747 266.7144984118 266.4795573335 266.3449475159 266.3033950296 14.298475831157148 10.16675574750891 10.166732099614107 7.672630746323441 7.672602541786548 7.67258728140766 7.672582694981302
9676800.0 267.6956568162 267.4734879245 267.2087008547 266.8833589828 266.553712553 266.4003229417 266.3504163862 14.298493961308626 10.166843795833667 10.166789852199475 7.672652358578958 7.672611221558676 7.672593483601946 7.672587889324726
9763200.0 269.1552085484 268.6353889652 268.0325824606 267.3353371618 266.7214381919 266.4841846913 266.4015081968 14.29856597489234 10.167157552661365 10.166976542047276 7.672716550451607 7.67263161159678 7.672603077621153 7.67259361749686
9849600.0 269.4297147891 269.016283751 268.4643786533 267.7092072957 266.9264080712 266.595769583 266.4607901864 14.29858601654031 10.167299906048752 10.167101347919544 7.672777928794524 7.672658060842775 7.672616233812713 7.672600376407295
9936000.0 269.4178035838 269.097156055 268.6394992612 267.9448493039 267.1172074955 266.7203935572 266.5287628695 14.298585084146216 10.167333665143772 10.167158957358753 7.672821265352055 7.672684339279551 7.672631481227822 7.672608278973198
10022400.0 269.3673283578 269.1005654211 268.7105681156 268.087876427 267.2766930152 266.8446535236 266.603220825 14.298581199791217 10.167335118710229 10.167183666924094 7.672849588491896 7.67270764930431 7.672647299833297 7.672617128722358
10108800.0 269.0708690874 268.8994702819 268.620976738 268.1228690853 267.3916938197 266.9572608328 266.6804471667 14.298560372095032 10.16725346734503 10.167152647939018 7.672856769646332 7.672725279620785 7.67266219760157 7.672626528284878
10195200.0 269.3406692849 269.0887331371 268.744950799 268.2161460874 267.4957279286 267.0602998381 266.75792301 14.29857919079879 10.167330084794298 10.167195914735956 7.672876422297938 7.67274186252162 7.672676324758549 7.672636192346976
10281600.0 269.3106081772 269.0986244354 268.7893896813 268.2890454497 267.58932294 267.1553673565 266.83421891 14.298576959737959 10.167334290874404 10.167212038196004 7.6728923201388035 7.672757325385599 7.672689800893294 7.672645946924637
10368000.0 269.843999812 269.5113106684 269.0799596032 268.4675918509 267.7029223218 267.2511784568 266.9098138265 14.298622741032519 10.167530709982614 10.167326371560724 7.672933402855523 7.672776825550454 7.672703833292021 7.6726558532194
10454400.0 271.6697082931 270.9457498285 270.0813585041 269.0136076989 267.9222594775 267.3758399853 266.9898489653 14.29904010618788 10.168806183891146 10.167891453112793 7.673081657880912 7.672816937234408 7.672722806328927 7.672666613199471
10540800.0 272.0471677489 271.4765763292 270.6852360092 269.5266480771 268.1908177282 267.5236216744 267.0746636711 14.299305358380938 10.169851893884049 10.168461206661561 7.673262844041921 7.672871010860517 7.6727464156798915 7.672678333148599
10627200.0 271.8904942558 271.468945092 270.8392086717 269.8133705048 268.4538489714 267.6987493315 267.1711832102 14.299175473592651 10.16983205406082 10.168655462604253 7.673389048982397 7.672930126872429 7.672776094479889 7.672692085491213
10713600.0 270.5003171611 270.4795162934 270.2917550516 269.7139591275 268.6106156415 267.8626134746 267.2772238962 14.29870513956484 10.16823743413108 10.168061966787983 7.673342845856682 7.672968704198106 7.672805691514276 7.6727077290640215
10800000.0 270.2985488857 270.190080362 269.9894995621 269.5357487933 268.651063159 267.97673996 267.3800400805 14.298675666434637 10.167976462924784 10.167824297543122 7.673266534625437 7.67297910509833 7.672827441455231 7.672723460213293
10886400.0 270.1695946165 270.0421985013 269.833973936 269.4224561996 268.663388898 268.0590893623 267.4737738882 14.298658969376492 10.167862326636213 10.16771928339626 7.673221907351712 7.672982312832777 7.672843756715356 7.672738311182082
10972800.0 269.5346222797 269.5383316402 269.4741222178 269.2276784021 268.6375797451 268.1125178465 267.5558239125 14.298594500738902 10.16754517748418 10.167511155113173 7.67315135320736 7.672975616653564 7.672854634721137 7.672751730035683
11059200.0 269.543201864 269.4710632096 269.3548500756 269.111036381 268.6055635767 268.1462956623 267.6259147927 14.298595216985992 10.167509564627903 10.167451087037637 7.673112438808991 7.67296741841729 7.672861634781918 7.672763516867328
11145600.0 269.9494376562 269.7540574743 269.5055854698 269.1431068009 268.6061267919 268.1762118893 267.6865587854 14.298633645923315 10.167669154226711 10.16752767284662 7.67312290673123 7.6729675616105295 7.672867915990317 7.672773965365546
11232000.0 270.2879538451 270.0406267582 269.7172793843 269.2547123004 268.6450901046 268.2134325586 267.7416412891 14.298674236407173 10.167861173301903 10.167646888108573 7.673160713488906 7.672977557102828 7.6728758398274 7.672783663941603
11318400.0 271.3057569993 270.8476855598 270.2869523772 269.5634941016 268.7553889743 268.2733391551 267.7966083117 14.298889145113002 10.168666931251767 10.168057787829033 7.673277904591007 7.673006838528118 7.672888853730058 7.672793546237742
11404800.0 271.8338296225 271.3691861898 270.7553145218 269.8977644154 268.9085800373 268.3539748824 267.8542442866 14.29913628840533 10.169588714913708 10.16854644471194 7.6734305465111925 7.6730500989721495 7.672906897266395 7.67280413435995
11491200.0 271.6483594029 271.3387462865 270.8697753536 270.1010628404 269.0704794727 268.4558444119 267.9184536135 14.29902917685936 10.169519930570454 10.168697227959997 7.673540192992007 7.673099442411043 7.672930601317888 7.672816211820767
11577600.0 272.1164127089 271.691601822 271.1256276177 270.2932300816 269.219204059 268.5653463995 267.9897207934 14.299375653688067 10.170498616303425 10.169097627121156 7.673658568103244 7.673148446198917 7.672957286495043 7.672829977805414
11664000.0 272.268154622 271.8803130197 271.3336017036 270.4889067327 269.3695577592 268.6790087001 268.0661169563 14.299569397802603 10.171251860219506 10.169508538875633 7.673797145496657 7.6732020086480555 7.672986403888839 7.672845174139864
11750400.0 272.3484949193 271.9848271645 271.4650298329 270.6415605844 269.5115151097 268.7942517355 268.1467672428 14.299702513501323 10.171776928238511 10.169821946595736 7.673920667997907 7.673256749127119 7.673017517906674 7.672861733196004
11836800.0 272.3752338302 272.0367068431 271.5467639111 270.7553857235 269.6375414907 268.906428844 268.2301523454 14.299753102073291 10.172075152503162 10.170043454461926 7.6740232916026505 7.6733091509404066 7.673049469312493 7.672879439289256
11923200.0 273.3260836961 272.7662176136 272.0523045903 271.0499328464 269.7986416203 269.0254844569 268.3164795987 15.95357727860485 10.185227490087172 10.172170467366298 7.67434192844351 7.673382026130379 7.6730853303632385 7.672898430316711
12009600.0 273.7510358693 272.9809154657 272.3286352445 271.3158113295 269.9763566287 269.151736513 268.4049024573 15.970085427716157 10.21189219470061 10.17447753212801 7.674719951318094 7.673471227052516 7.67312575290371 7.672918617181851
12096000.0 273.2279858043 273.0239233664 272.4376155192 271.4809522573 270.1423809627 269.2846885487 268.4979660469 15.574547247071278 10.228569324730698 10.175894380009208 7.675017072869619 7.673564336797019 7.673171249505862 7.672940713758388
12182400.0 273.1411385122 272.9401439615 272.4290973143 271.5613702048 270.277333492 269.4123079707 268.5936896519 14.342806603502538 10.20251575253734 10.175767800834047 7.675184723060466 7.673648159573874 7.67321804515085 7.672964407934318
12268800.0 272.7514427127 272.5526018399 272.1930893637 271.4986233576 270.351502939 269.517930138 268.6874987062 14.301212423405042 10.177966290297759 10.173175248087174 7.675052477975351 7.673697760147764 7.673259326470744 7.6729886398689775
12355200.0 272.656378764 272.4291163556 272.0781514813 271.4436066259 270.3960213003 269.6038693492 268.7761617033 14.300628062822575 10.175768080363605 10.17233467598791 7.674944720372492 7.673728847545355 7.673294776196889 7.67301252260897
12441600.0 272.5614034001 272.3395712313 272.0017106274 271.4038344268 270.4266926528 269.6742341657 268.8582981998 14.300236602144142 10.174602096937505 10.17187094943209 7.674871152911896 7.673750871875882 7.673325140326236 7.673035550513991
12528000.0 272.4295802343 272.2281776749 271.917335788 271.3619559411 270.4475781936 269.7324048696 268.933554349 14.299867802787846 10.173474734336478 10.17142742248346 7.674797313192696 7.673766162627052 7.673351210654672 7.673057457251735
12614400.0 272.6362220794 272.3671417676 271.992433029 271.3910523381 270.4791163809 269.7855662983 269.0028332188 14.300532572280638 10.174931979118313 10.171818936072047 7.674848233493744 7.673789717092406 7.6733758445242115 7.673078344382229
12700800.0 273.846598072 272.9879355072 272.4395911078 271.6149486441 270.5532706099 269.8435993503 269.0692793878 15.936564698755353 10.213995862555649 10.175924181499797 7.675306424076171 7.67384741161991 7.673403663279237 7.673099061122002
12787200.0 274.2286566681 273.198198759 272.6433532858 271.8009309075 270.6665709363 269.9177527272 269.1345890282 15.950134899357552 11.533597113757466 10.180285185269277 7.6758059628417685 7.673942390625934 7.6734407004887 7.673120108782084
12873600.0 274.0636866689 273.2291809678 272.7330229062 271.9240726726 270.7780003762 270.0034286191 269.2024654629 15.960363485755044 19.294954910491263 10.183597629750153 7.676222439325727 7.674044883601961 7.673485721832451 7.673142740606369
12960000.0 273.2718088173 273.2234833204 272.7583415915 271.9921807786 270.8695565065 270.0883779103 269.2727336392 15.968271668256813 15.715500021938587 10.18481514449361 7.6764918577091095 7.674136788999345 7.6735329136062775 7.673167026070133
13046400.0 274.5247155274 273.2325062984 272.8012629011 272.051871555 270.9513398128 270.1704823935 269.3435592822 15.9745725799539 23.106239849548423 10.18729415407979 7.6767561851562505 7.674225525048538 7.67358114834621 7.673192434812898
13132800.0 273.5711933342 273.3246280735 272.8813793912 272.1308122357 271.0300539285 270.2489480915 269.4142557409 15.980530824277002 22.884531937799682 10.194106407189473 7.677154579217345 7.6743175650239 7.673629862611286 7.673218782662416
13219200.0 273.2291815488 273.2313105567 272.8836371689 272.1731737321 271.1001446358 270.3237220102 269.4840192127 15.733205746651237 21.515119640152772 10.194359380147096 7.677395616102234 7.674405625518288 7.673678866759934 7.6732458045322485
13305600.0 273.2138080343 273.2282740378 272.8556189543 272.1885258976 271.1566364453 270.3927335636 269.5521861982 14.747752403688411 18.534756346839615 10.191501216965703 7.67748834790567 7.674481224063965 7.673726513699507 7.673273246221686
13392000.0 273.1975393101 273.2222283401 272.8425584076 272.1985012402 271.2022979359 270.4548840451 269.6179324928 14.504431728844965 15.207241460917786 10.190351087732148 7.677550246541089 7.674545616406188 7.673771565540609 7.673300742604321
13478400.0 273.1887347666 273.2086769027 272.8389370575 272.2114815394 271.2423448385 270.5108898849 269.680552774 14.447117964621855 12.36305683716485 10.190049706877316 7.677632811412859 7.674604693267005 7.673814027449512 7.673327925417429
13564800.0 273.185067572 273.1781551211 272.8248462584 272.2188977014 271.277188624 270.561396481 269.7395601332 14.430016149178382 10.854131787250108 10.188942446228198 7.67768104346864 7.674658202466037 7.673853935926829 7.673354476767013
13651200.0 273.1792393551 273.142414081 272.803970426 272.2204629418 271.3072939293 270.6076398378 269.7955631489 14.40826422952521 10.46057186167964 10.187471692344609 7.677691324058255 7.674706105881596 7.673891901804676 7.673380562344125
13737600.0 273.1308428575 273.0680243181 272.7563912559 272.2068602091 271.3302045026 270.6491076861 269.8484948481 14.335114937165695 10.263483780242622 10.184715647752252 7.677603149083355 7.674743650083058 7.673927171471384 7.6734060516162526
13824000.0 272.8979852792 272.7923535615 272.5726050928 272.1240671456 271.3307933145 270.6814835268 269.8975803835 14.303007982599462 10.186729390262736 10.178413275267022 7.6771180817821305 7.674744627763668 7.673955552791895 7.673430449107272
13910400.0 272.8089550154 272.6721817051 272.4574294509 272.0467347549 271.3183702972 270.7044407382 269.9420920918 14.301728819506268 10.18121122734145 10.176201164978965 7.67673228462293 7.674724136829358 7.6739761444299965 7.6734532351885045
13996800.0 272.7781290291 272.6262047963 272.4010838218 271.9962748828 271.3046671756 270.7209728756 269.9819668356 14.301431680948324 10.179783842027653 10.17537232308861 7.676509092382586 7.674701862401314 7.673991220213326 7.673474205109203
14083200.0 272.7642818952 272.60467778 272.3723055714 271.9664918759 271.2948999281 270.7343066969 270.0177416811 14.301314029949213 10.179200198928823 10.174996430890433 7.676386505211997 7.674686191602164 7.67400353354758 7.673493484846517
14169600.0 272.7564287019 272.5929834884 272.3566355456 271.9496092827 271.2900124762 270.7466114654 270.0502168239 14.30125107449363 10.178902511159512 10.17480350029583 7.676319784021836 7.674678413387525 7.674015020855797 7.673511381442384
14256000.0 272.8828491615 272.6835900174 272.4107981771 271.9697448848 271.2967301598 270.7609530174 270.0804952909 14.302728762845575 10.181610125367364 10.175505985041184 7.676399586184775 7.674689115177305 7.674028562733017 7.673528417262552
14342400.0 274.8561567024 273.1267062516 272.7141480403 272.1100159475 271.3289903044 270.779791397 270.1099439663 16.76573213738016 10.387183786425165 10.182784198361713 7.677043609209228 7.674741636040896 7.674046605990357 7.673545319991124
14428800.0 275.113655278 273.7432079992 272.9136232678 272.2653957109 271.4001769146 270.8144951997 270.1402832934 16.66964200472283 22.36511021830742 10.198189939146008 7.678002359198719 7.674864559610734 7.674080626391293 7.673563088623187
14515200.0 275.598498185 274.161715325 273.0358800369 272.3771347185 271.4780588985 270.8625232442 270.1744002327 16.61459224754279 22.34840630840217 10.235504422448354 7.678937006713361 7.675011348930558 7.6741294549829515 7.6735835134783
14601600.0 276.1112730144 274.592298279 273.1101226629 272.4646933307 271.5524411576 270.9167071192 270.2127850675 16.578407075631944 22.37226765687724 10.335619890524892 7.679888424293102 7.675165254249198 7.674187127859262 7.6736070750532885
14688000.0 275.2118940281 274.4462926146 273.2217638948 272.5653764037 271.6279746662 270.9740386145 270.2545820027 16.553439941216595 22.377759693495406 15.036295785371456 7.6813449138488 7.675337339851604 7.674251358796419 7.673633459629506
14774400.0 275.7067391345 274.6915238947 273.2303114731 272.6143626416 271.692564841 271.0316324168 270.2991434225 16.53622148878653 22.370099390324174 20.388137011979357 7.682257097202433 7.675499012181676 7.67431947429756 7.673662463120026
14860800.0 276.8622333693 275.4973791335 273.5875297954 272.7185835306 271.7623871638 271.0897730544 270.3456363779 16.52441301702298 22.355575169848176 25.13135421837428 7.68490751761202 7.6756911543764685 7.674392198790214 7.673693731370756
14947200.0 277.2325177841 275.9527153975 274.0806215274 272.7697439932 271.8264692033 271.1476486218 270.3929943319 16.514939806659577 22.3390414085629 24.90870018883026 7.686755730779936 7.675885809932982 7.674468894283268 7.673726693234622
15033600.0 276.3430119659 275.4210403122 273.9470187047 272.8181182628 271.8822848996 271.2027859844 270.4408935195 16.50799269978985 22.320232576651538 24.872940535541865 7.6890423722806185 7.676071810639571 7.6745463111252565 7.673761233980972
15120000.0 276.9857938188 275.9019409579 274.3621320095 272.9352406747 271.9524407221 271.2603586486 270.4893811407 16.503178179786058 22.299847923684833 24.861645129331524 7.698993372668631 7.67633083950392 7.674632093270317 7.673797498092211
15206400.0 277.4022509218 276.3070764799 274.7369347271 272.9697640434 272.0112235811 271.3166852565 270.5381882204 16.49952497003886 22.278189189549458 24.846370987277812 7.7044738315799 7.676573099794366 7.674721367525594 7.673835395682929
15292800.0 277.7723295291 276.613356597 274.9273975506 272.9958230717 272.0600738398 271.3695554772 270.5866807527 16.496788164971164 22.25555281229354 24.830060975366457 7.710283897104051 7.676794827623116 7.67481043552931 7.673874514817615
15379200.0 276.2086968292 275.5927109313 274.4923438117 273.0333872423 272.1061317381 271.4195703762 270.6344356032 16.49377956161955 22.232722787207972 24.813310329011177 7.723373250116313 7.677023385059394 7.674899832105902 7.673914550489089
15465600.0 277.4075804466 276.3359960441 274.8561548741 273.161891954 272.173044944 271.4733405548 270.6822215346 16.492461858350865 22.20945685081975 24.79655360112398 8.010364976722922 7.677394850815951 7.675002043606775 7.673956202866498
15552000.0 279.2109319989 277.7780368616 275.883232302 273.2189316169 272.2341118913 271.5280718754 270.7302984318 16.492521926936316 22.185359528640518 24.779564902972126 10.683745524991659 7.677782497956959 7.675113222045525 7.673999811528705
15638400.0 279.2205370773 277.9861125607 276.1729441388 273.2280851984 272.2797625749 271.5792084325 270.7780525829 16.491422032278315 22.159956210072856 24.76215685715625 13.877058755995344 7.678108761025973 7.6752242803901325 7.674044922238353
15724800.0 276.4819100096 276.1062371395 275.2166195596 273.2309440463 272.3168898526 271.6257829318 270.8247637586 16.488563893088465 22.134458506454703 24.743895053744776 15.910410250177884 7.678401163593491 7.675332082623026 7.67409088620038
15811200.0 277.3457309909 276.4948379073 275.2822030028 273.2328970595 272.3526020419 271.6691833052 270.8701083001 16.488074659962273 22.109830012154397 24.72556253558204 17.880705782567773 7.678708784978837 7.675438799020353 7.674137353051216
15897600.0 276.7946583606 276.1445557419 275.1079576479 273.2342180752 272.3911954212 271.7113904414 270.9142070816 16.48704333501752 22.085214241003243 24.706814144781614 19.596767894872485 7.6790746331378035 7.675548916329275 7.67418439736506
15984000.0 277.9596077885 276.9228944454 275.5012536534 273.2355163014 272.4393362214 271.7553175619 270.9576603871 16.48703482446265 22.06055172686239 24.68772249869321 21.67600201808742 7.679588163626167 7.675670781559264 7.674232651639652
16070400.0 280.0824973665 278.6147988707 276.7112819946 274.0671732366 272.5108287041 271.8063650061 271.0018278478 16.48854838000421 22.035824357057724 24.668216778542714 21.60835510281567 7.6804974527331025 7.675822670310332 7.674283750696545
16156800.0 279.3021380464 278.3282581834 276.8222615369 274.2869745523 272.5549272105 271.8547149202 271.046233169 16.487181389061174 22.009825153264934 24.647611805342354 21.423017596734358 7.681170236996171 7.675977859153756 7.674337343234159
16243200.0 274.7569070802 275.0701848973 274.9742118231 273.8744308908 272.5842621399 271.8971832915 271.0897837754 16.484623537549187 21.985274094363728 24.6262920608248 21.2844072423381 7.681677413900246 7.676124307369849 7.67439220560161
16329600.0 277.7915850098 276.8136906108 275.6423221049 273.9505520887 272.6068802453 271.9342549717 271.1316828933 16.4848742049855 21.961664477965765 24.60537827697526 21.18014803197427 7.682106846933563 7.676260725372843 7.674447279319549
16416000.0 278.8174251081 277.7466719227 276.3038231617 274.1421859033 272.6272010006 271.9674220157 271.1716185513 16.485219451756663 21.937936400369587 24.58415439856549 21.105839712377428 7.682525174289236 7.676390210678605 7.674501999042134
16502400.0 280.2150338019 278.8859840405 277.0917535379 274.3894006723 272.6509453721 271.9990223476 271.2097846507 16.486324308292218 21.914231196743245 24.562642144943496 21.057145008745042 7.683058269376524 7.676520700189012 7.67455645299522
16588800.0 281.935644682 280.2871334064 278.0593192979 274.6986790989 272.6916724114 272.0339881443 271.2471630052 16.488408240684702 21.890651672621832 24.540925845559503 21.029270815225054 7.684104732888098 7.676673921130744 7.6746119543591345
16675200.0 280.2753649157 279.3037016342 277.6784532276 274.6777836251 272.7549797782 272.0768738556 271.2852970227 16.48575967704694 21.86486114298992 24.51757162062511 21.012996321255223 7.686171969265208 7.676875834590152 7.674670929361686
16761600.0 281.4003499044 280.0565443843 278.1715292405 275.1862154718 272.8362643611 272.1292875389 271.3256541297 16.486866397688672 21.84139883649641 24.494639711295132 20.997113456086442 7.690086944619722 7.677146251641516 7.674736096399154
16848000.0 281.9718615661 280.6331493468 278.7283387962 275.7430347786 272.8728540134 272.1759727437 271.3668811949 16.487355005377438 21.817786143437594 24.47125774106167 20.978064808317075 7.692620718391506 7.677412262970541 7.674805792134477
16934400.0 282.759702657 281.3300650336 279.3087625766 276.1218522298 272.8927863814 272.2143783632 271.4072310838 16.48826931442979 21.794398004604066 24.44747872936809 20.957150836812247 7.6943126270084194 7.677651519146863 7.6748772797575215
17020800.0 283.2391918031 281.8057908469 279.7400090548 276.3950720324 272.9081923836 272.2466238367 271.4457231635 16.488745532180364 21.770789990699896 24.423120983817157 20.935056263979725 7.69581654539953 7.677868517644632 7.674948711552135
17107200.0 282.4086713886 281.29743735 279.543677043 276.4149191124 272.9278524737 272.2762860751 271.4823013003 16.486974128011294 21.746137187041793 24.39762268985654 20.912082257417037 7.6980468790641625 7.6780826420460855 7.675019725316578
17193600.0 282.9661683566 281.6458660197 279.7241701054 276.4925362199 272.9621613879 272.3081759413 271.5177935456 16.48747267205009 21.723241551202477 24.372588835639338 20.88876194687936 7.70308951130152 7.678330115791311 7.675091751285209
17280000.0 282.7343899902 281.5276482651 279.6968381936 276.5165869571 273.0215570387 272.3479545333 271.5538104581 16.486671897725696 21.699973796173452 24.347138845329983 20.865225894291477 7.718403882944368 7.678667113841227 7.675168200254805
17366400.0 283.2550053931 281.895256625 279.9181874092 276.611067921 273.1031509349 272.3984076811 271.5920786377 16.487137943423956 21.67777111096392 24.321973664039927 20.84170688646131 7.787658365004735 7.679147222999565 7.675253400126549
17452800.0 282.4306735911 281.3619833712 279.6671172294 276.6116827191 273.1766600253 272.4532389321 271.6328919324 16.485327458268895 21.6546066548328 24.29605562924458 20.818032871857866 8.16943355679869 7.679749957416508 7.675349124643679
17539200.0 279.5648340329 279.2635160441 278.4491579916 276.43594917 273.2101570423 272.4996899325 271.6742721034 16.480906462299377 21.63080119818961 24.269245502078665 20.793710325110066 9.46190960230093 7.680342234282236 7.6754517234176145
17625600.0 278.7135211449 278.3684956383 277.6915661971 276.1328539742 273.2193650666 272.5345864857 271.7139861877 16.47944953327026 21.610046613037298 24.243814289769023 20.769259387906587 10.773341580614797 7.680847563042039 7.6755558949986185
17712000.0 281.2211040251 280.0342457226 278.5376972771 276.3747283269 273.224267249 272.5613174329 271.7509038002 16.4818400373474 21.59175843947451 24.219972320287 20.745132727668228 12.129082510641613 7.681276234223635 7.675658171611816
17798400.0 276.6951730737 276.9703243177 276.8569513195 275.8049106277 273.2269695905 272.5827301422 271.7847707968 16.477191583289514 21.570145929502086 24.19425826506655 20.720661430414104 13.276256092251957 7.681649520739379 7.6757569863090955
17884800.0 277.8912551113 277.4087666296 276.7532447933 275.5526569707 273.2287194967 272.6006847609 271.8157770731 16.47726378798336 21.55206884781575 24.170448121792074 20.69655394875229 14.260725067915788 7.6819855347205985 7.675851965699945
17971200.0 279.3201824366 278.4566510063 277.3404307503 275.7016183369 273.2301274589 272.6163476716 271.8442740095 16.478010695893964 21.53431685118652 24.147030794418818 20.67267568929685 15.243036349346967 7.68229760177789 7.675943338197011
18057600.0 280.5876670671 279.5230643674 278.1119193742 276.0677525974 273.2314265954 272.6305466865 271.8706496244 16.479069604813116 21.516572230466267 24.12363408774773 20.64890417127157 16.344293657675614 7.682597183647875 7.676031628907914
18144000.0 281.2523430406 280.1839885479 278.6985090847 276.4372888454 273.2326488509 272.6440459353 271.8953018597 16.479592748798073 21.498375222625004 24.09991938199668 20.625144645223134 17.596307273596192 7.682897994094497 7.67611759249778
18230400.0 279.1250012411 278.7672595815 277.9891525242 276.2901814007 273.2336593993 272.6575148043 271.9186252882 16.476609660098998 21.47834000200458 24.074973598100733 20.601133532077633 18.826900765915063 7.683214984944267 7.676202171988949
18316800.0 277.5227026948 277.4177995468 277.0249698876 275.8500494904 273.2344170208 272.6712925081 271.9409638141 16.47484213359866 21.459847124824456 24.050619159176385 20.577171078816683 19.887962063212484 7.68355817487036 7.676286317287316
18403200.0 280.5593517418 279.4042550944 278.0086369442 276.0845060575 273.2351065268 272.6859782251 271.9626633317 16.47732580536566 21.443871139671778 24.0278425150901 20.553668987852586 20.972319010067142 7.683947000060534 7.676371164457678
18489600.0 279.4779596218 278.87870788 277.892712205 276.131946091 273.2357351836 272.7021970156 271.9840854126 16.475654267678017 21.425673789020383 24.004141677389775 20.530169414324536 22.07122768462224 7.684406818225002 7.6764581037414965
18576000.0 281.295201218 280.1514523175 278.6541548413 276.4533997906 273.2363555167 272.7209921538 272.0056734479 16.47753148958964 21.409393024741643 23.981239292366443 20.50689089827038 23.268962975678438 7.684984301306876 7.676549093443897
18662400.0 281.8726119813 280.7619523123 279.2037995013 276.7956465203 273.2369764234 272.7436442118 272.0279795368 16.47804125126344 21.39226536048494 23.95800276865151 20.483690448661406 24.589852823045593 7.685753145913898 7.67664688141948
18748800.0 278.599951141 278.5021287833 277.9694416241 276.428078161 273.2374975277 272.7693426945 272.0513108789 16.473686340645585 21.372413535916497 23.93306114254663 20.46014882066714 25.798290185548627 7.68673913083618 7.6767535211597435
18835200.0 279.5384042741 278.8723996829 277.9315946509 276.2761567537 273.2379402488 272.7966154805 272.0756447715 16.474096669910306 21.356069069505846 23.909918861481778 20.436974658446925 26.898959726574 7.687946583513116 7.676869803955492
18921600.0 278.3705851127 278.0392962617 277.3981984963 276.0125435312 273.2383066263 272.822991431 272.1005469908 16.47252778684811 21.339024426764926 23.88672018068961 20.413974334455105 27.8616557657472 7.6893110853814965 7.676994528480481
19008000.0 279.3212834876 278.6001013523 277.611727492 276.0032288302 273.2386363726 272.846468681 272.1253399899 16.4729418049788 21.323322075351438 23.86433957391143 20.391299979016402 28.767741233235427 7.690730494406102 7.67712488280681
19094400.0 278.4252584663 278.0110352675 277.2888612899 275.8740888836 273.2390089714 272.8500507442 272.1468190773 16.471670592221294 21.30690781658927 23.84176663468919 20.36875911399856 29.835281622142105 7.690967104196455 7.677243155771164
19180800.0 277.506328167 277.258548219 276.7561034248 275.6127157791 273.2393546457 272.8329975968 272.1621529822 16.470559645459762 21.290983030690295 23.81950482464031 20.34639921046188 30.86473186395439 7.689889699448488 7.677330817399649
19267200.0 278.7597901334 278.0466548101 277.1092569573 275.6597257659 273.239668505 272.8128110977 272.1720202236 16.471064657189835 21.27608487170816 23.797924659039293 20.324343095351544 31.829061243737275 7.6887584963971864 7.677388717322481
19353600.0 280.2460712847 279.2250866152 277.8964454533 275.9974428883 273.2399995941 272.7982307388 272.1787162163 16.472278751557205 21.261458042830593 23.77659093141484 20.302516439624608 32.87292266555455 7.688024119910492 7.677428695621415
19440000.0 279.7463997908 279.0468582696 277.9702000421 276.1529838029 273.2403443447 272.789828684 272.1841991167 16.47132312504655 21.24554843491185 23.754664563198805 20.28072683346963 33.98330006991232 7.687628587578414 7.677461854366364
19526400.0 281.6944915551 280.4679130128 278.8718091616 276.5718455196 273.240729841 272.7857694149 272.1895667612 16.47353748233031 21.231339991486873 23.733477459558966 20.259179108360435 35.24426596350282 7.6874441934857325 7.677494692042515
19612800.0 281.6171611977 280.6337138552 279.1906756293 276.8664797199 273.2954808852 272.7955797151 272.1970295531 16.473099735814586 21.21548526213325 23.71156469219132 20.237642734095836 36.53414415447392 7.687897245365562 7.6775409773812
19699200.0 281.2858812079 280.4718002726 279.2252985194 277.1017681135 273.9022674756 272.8675612197 272.2160043925 16.47223995595206 21.199322507515767 23.689304138989687 20.21598898881401 36.60723890539545 7.692212378571884 7.677662078012779
19785600.0 282.3747122594 281.2823269275 279.7833020852 277.4836061962 274.1650581437 272.9076516474 272.2396746459 16.473500666167958 21.184540892441433 23.667706879730638 20.194435984733644 36.63433372896072 7.695760247193713 7.6778204038117845
19872000.0 279.4626115385 279.305924496 278.7356559696 277.2304479449 274.2434952245 272.9303231566 272.2631880399 16.469182629989472 21.166416406627473 23.644259097434972 20.17242960948447 36.65057263312344 7.698355922337981 7.677986263346348
19958400.0 280.6951259731 279.9398307605 278.9109791658 277.2147437847 274.2704143616 272.9446824885 272.2847330008 16.47013949585089 21.152017324304108 23.622724636182202 20.15081800088664 36.66249994584204 7.700304461779838 7.678146354932346
20044800.0 278.6973663089 278.5492801799 278.0895944689 276.8772608443 274.2392087965 272.9546686235 272.3039839973 16.467469693499183 21.135740372201763 23.60046650483283 20.129195029952392 36.67650240686934 7.701832929018299 7.6782964755201295
20131200.0 278.5598902312 278.2424122269 277.7098642526 276.5872501908 274.1829256205 272.9621473838 272.3211465584 16.466838429705042 21.121146774668937 23.5792151646564 20.10792129249457 36.695279500950114 7.70308682210862 7.678436340281761
20217600.0 279.2286419653 278.6508994188 277.8515622416 276.5312391519 274.1478032607 272.9680877337 272.3365529077 16.466984511011585 21.10724281100473 23.558640367703 20.087054149652687 36.716651228541515 7.7041581559019265 7.678567048059881
20304000.0 279.2097659034 278.6770949053 277.8825039699 276.5206687736 274.1333297987 272.9730146918 272.3505178224 16.466517848385113 21.09305129852361 23.53810133973577 20.066414589433418 36.73848788952086 7.7051026911483556 7.678689990163833
20390400.0 277.0507440329 277.1065969542 276.9221732771 276.1170553267 274.0755547822 272.9772363221 272.3633017496 16.46446339070357 21.078213244330957 23.51726633182254 20.04581384004659 36.76518461298775 7.705955966025991 7.67880645929166
20476800.0 278.3730196957 277.8327218355 277.1416538519 276.0458837302 274.0344600657 272.9809498598 272.3751112589 16.46485268481917 21.06508991416452 23.497538487566036 20.025643938173683 36.795025313978535 7.706742678670082 7.678917552390741
20563200.0 276.5675652309 276.5871082434 276.404105817 275.7116562292 273.9715168339 272.9842908424 272.3861090339 16.463367782443818 21.051209470954372 23.47764663283489 20.005628026819583 36.83015948326558 7.707481366520123 7.679024176718778
20649600.0 275.661768171 275.7383966537 275.7051081434 275.2854603653 273.8805886507 272.9873609403 272.3964247022 16.462727486807708 21.038304322434023 23.45845239471322 19.98592788525713 36.87334867835745 7.708187601643694 7.679127088331075
20736000.0 277.0489288138 276.5898575754 276.0425837731 275.2533350648 273.8284024916 272.9902198916 272.4061603064 16.462693311493783 21.025694238082465 23.439668265362226 19.96657580724174 36.9206237755935 7.708870291066294 7.679226897578713
20822400.0 276.5909712018 276.349162205 275.9461274228 275.197666702 273.7987535228 272.9929051016 272.4153957839 16.462085109579892 21.012906989865517 23.42092877105932 19.94741327025687 36.96966808056097 7.709534697726332 7.6793240866276955
20908800.0 276.9859883099 276.6049805779 276.076450292 275.2258532241 273.7901785437 272.9954394378 272.4241936991 16.461831659085963 21.000314080376118 23.402351028169463 19.928430195774695 37.01836477404929 7.710183488309281 7.679419029604514
20995200.0 277.1164545265 276.7335627757 276.1814567266 275.2794491758 273.7957518344 272.9978380585 272.4326033658 16.46148917646728 20.987713869909886 23.383850639073028 19.90959638627568 37.065324607590966 7.710817948350631 7.6795120146995135
21081600.0 276.2217861393 276.1041434241 275.820906282 275.150620835 273.7828437589 273.000121371 272.4406656221 16.460753638446217 20.97511983798071 23.36545143455892 19.890898161643992 37.11243599598583 7.711441253870472 7.679603280936883
21168000.0 276.1093783989 275.9316251443 275.6339980006 275.0216137058 273.7573788699 273.0023089524 272.4484154182 16.46032224644592 20.96287318973392 23.34734912483106 19.872391859472234 37.16098301227167 7.712056962875428 7.679693037276389
21254400.0 273.7685309402 274.1844695397 274.5099039955 274.503400136 273.6724431912 273.0044356487 272.4558858724 16.383914529478535 20.95153916301082 23.329918212776942 19.854158328266294 37.21689799415465 7.712673726179574 7.679781503510611
21340800.0 273.3837209181 273.6294078496 273.898041304 274.0408907818 273.5601761606 273.0065307507 272.4631082852 16.046076611022656 20.940605978648726 23.313118973131754 19.836304071293196 37.282890852779246 7.713299660037112 7.679868908133975
21427200.0 273.1850481911 273.3523197216 273.552275837 273.7103723361 273.4551961212 273.0086079165 272.4701100609 14.429933632638758 20.928496342221962 23.296591681303337 19.818750664485428 37.3580294476718 7.713939012199874 7.679955460192834
21513600.0 273.1267435852 273.2780615227 273.3951055415 273.508222773 273.374640407 273.010667237 272.4769132178 14.332591220078749 20.90966510230197 23.280176598325752 19.80140999987087 37.4394269911777 7.71459216702107 7.6800413254263376
21600000.0 273.1617348657 273.2488372997 273.3172702703 273.3899474698 273.3195192756 273.0127019185 272.4835343916 14.367431484053876 20.88035613343275 23.263867810397564 19.784237469926914 37.525248414044675 7.715257238383858 7.680126619584923
21686400.0 273.1468614162 273.2380474482 273.2775249954 273.3219015031 273.2842877051 273.0147038561 272.48998588 14.348150304800736 20.81535424794246 23.247660319781385 19.767212517760324 37.61352843074998 7.715931625696397 7.680211415520698
21772800.0 273.6338181855 273.2336033444 273.2534707827 273.2772509183 273.259635408 273.0166757806 272.4963282423 16.712442535788654 20.747306049616427 23.23151742236889 19.7502795000117 37.70279060479648 7.716616204449121 7.680296449922666
21859200.0 276.5269284096 275.6290289161 274.6564700211 273.7645409938 273.2955184748 273.0186015937 272.5025083409 16.71687794794307 20.71638624193302 23.214418117388323 19.73321452575794 37.790601999112916 7.717305110468065 7.680380951746607
21945600.0 277.6058306905 276.7762903138 275.7326142091 274.4852352268 273.4427267464 273.0204211246 272.5084862695 16.726275529501404 20.691734677364344 23.197505335258082 19.71616398408203 37.86193740926389 7.71797528736638 7.680464277455126
22032000.0 276.1802611868 275.972927493 275.5317636394 274.688763851 273.5520386776 273.022148484 272.5143096756 16.73308935668981 20.67085034585956 23.180605839351703 19.69925908784439 37.91964240203045 7.718629613093432 7.680546994250845
22118400.0 274.533896172 274.7072073118 274.7535181515 274.4512918935 273.5716151535 273.0238065938 272.5199829713 16.738860239898983 20.653791633504504 23.1640988829211 19.682492204178644 37.973866862007206 7.719274984245102 7.680629086481023
22204800.0 275.1588029984 274.9807232885 274.7564754743 274.3645777654 273.5617038966 273.025412958 272.5255136752 16.743422522549924 20.63810677720589 23.147690024092547 19.665867052313683 38.02821297790785 7.719917012425332 7.68071058745704
22291200.0 275.2746356159 275.0808981491 274.8066660568 274.354397629 273.5530419531 273.0269761268 272.5309099408 16.746948814952066 20.623798874550253 23.131343591452303 19.64936908281968 38.08257369822496 7.720558280177689 7.680791546277706
22377600.0 274.7699038598 274.7234565019 274.5934437291 274.2611892711 273.536216847 273.0285032391 272.5361798018 16.749536188170126 20.610889990627733 23.115201623215057 19.633026536368543 38.137790899836126 7.721201094179404 7.6808720171744325
22464000.0 273.9026490277 274.0365213705 274.1204316638 274.0263509304 273.4947453299 273.0300046515 272.541331579 16.751574324435868 20.599408253091507 23.099437385601526 19.616890741415943 38.19636922776221 7.7218494448645245 7.68095206585121
22550400.0 273.4716620414 273.6093731137 273.7416540038 273.7745348847 273.4368059347 273.0314898124 272.546373721 16.75299018402981 20.588882803548056 23.083947654002188 19.60096778351582 38.259844455820065 7.722507349143028 7.681031767449857
22636800.0 273.9743183165 273.8911686731 273.8118740931 273.7023855612 273.3958819309 273.0329595599 272.5513134317 16.753499876699234 20.578540746799497 23.06828840483575 19.585153262366656 38.32629826701437 7.723175279391938 7.681111184595768
22723200.0 274.462332949 274.2697606279 274.0445395302 273.7683678228 273.3856365443 273.034407864 272.5561557363 16.753749414180884 20.56867412639353 23.052540750454376 19.569408196629848 38.393219554700494 7.723850500792593 7.681190350441584
22809600.0 275.1866457238 274.8529991134 274.4515662647 273.9617622181 273.4096222413 273.0358254005 272.560903379 16.753781945277147 20.559171193920708 23.036670720364622 19.553706458003123 38.45727771970937 7.724528386170512 7.681269264087778
22896000.0 276.1702347316 275.6666232245 275.0499160364 274.2869174967 273.4694360171 273.0372014455 272.5655571329 16.753816952786682 20.550041370996375 23.020682799118084 19.538035986083017 38.51464863176218 7.725203139508985 7.681347892819446
22982400.0 275.3972394268 275.2417015843 274.9395043427 274.3705434241 273.5147139173 273.0385348653 272.5701177362 16.75345421814782 20.541398520269087 23.004877208269264 19.522488608657415 38.566192070056644 7.725873287136577 7.681426202969245
23068800.0 274.3332226198 274.4283890631 274.4340602921 274.1948146812 273.5123852979 273.039834966 272.5745876931 16.75323215904335 20.533419725528294 22.98940568478118 19.50710078036422 38.617269248063835 7.726542704208305 7.6815041915644064
23155200.0 273.9433060028 274.0237849884 274.0742208739 273.9776840817 273.4771415478 273.0411129682 272.5789713172 16.752912219637512 20.525793473117634 22.974187116843463 19.49188668238498 38.67123574631896 7.727216717341441 7.681581889597742
23241600.0 273.2752984446 273.4569922591 273.6320431423 273.7081905347 273.4193612929 273.0423789582 272.583274078 16.254935637155157 20.518658455890748 22.95932780246303 19.476881115410258 38.73018784437951 7.727900577491917 7.681659352748561
23328000.0 274.2239573842 274.0470493797 273.8788115556 273.7030300014 273.3871275802 273.0436328784 272.5875006777 16.467073797068117 20.510851217826385 22.94407930403873 19.461922794791924 38.79153337147288 7.7285943703746085 7.681736627643178
23414400.0 274.9191936667 274.619986299 274.2606274701 273.8362270916 273.3820260725 273.0448742314 272.5916797474 16.58393087837681 20.503187953681483 22.928770269703744 19.446983053712895 38.853367326435034 7.729297925209162 7.681814212841126
23500800.0 275.9917696034 275.479835527 274.8682114253 274.145482282 273.4296499898 273.0460918034 272.5957767047 16.63845300002171 20.495585996739784 22.913340041173925 19.432078311879504 38.911362723923254 7.7300047451699445 7.6818914380115935
23587200.0 275.5604977571 275.3511290398 274.9886816866 274.3582606112 273.4955586895 273.047275463 272.5998028467 16.671355733597043 20.488102912071444 22.89798220967188 19.417252727762513 38.96176364266742 7.730708346789549 7.681968477023152
23673600.0 273.2144918323 273.6223718358 273.9431370628 273.9826758098 273.475184225 273.048426875 272.6037408002 14.766118880540022 20.481294589719116 22.883379304266825 19.40268439977198 39.01175371694652 7.73140891190723 7.682044954820923
23760000.0 273.1566608836 273.3325997356 273.5328342682 273.6658981014 273.4136971443 273.0495654555 272.6076116492 14.359776001934152 20.473045563296488 22.8689657459263 19.388311101156596 39.06723735615213 7.732117864700722 7.682121238955705
23846400.0 273.024699475 273.2552336095 273.3574620457 273.4570183579 273.3482859157 273.0506971422 272.6114336495 14.30809745090581 20.456940427462417 22.854560672485498 19.374045540061037 39.1267588656752 7.732838259109319 7.682197663392732
23932800.0 273.1581866333 273.2392036582 273.2906921747 273.3483340432 273.2991540723 273.0518260859 272.6151952044 14.361940713990489 20.383026484742686 22.840202045327043 19.359889436665764 39.19118771985493 7.733569955662957 7.682273972594028
24019200.0 273.4998891038 273.2326428553 273.2588488419 273.2897956115 273.2676451993 273.0529490103 272.6189048315 17.181705507667008 20.28930548849717 22.825901103827487 19.345824478913446 39.25850608302946 7.734310682934343 7.682350313673232
24105600.0 273.8216955997 273.6520710268 273.480915703 273.3413084111 273.2579692472 273.0540618108 272.6225572373 17.098314141307576 20.264946685144682 22.81143608525826 19.331810985002896 39.327211219888405 7.73505775509779 7.68242655273543
24192000.0 273.5908962007 273.5711010215 273.5152305382 273.4045467431 273.2688916751 273.0551573815 272.6261522137 17.05980908374772 20.253109191736904 22.797133100824997 19.317880776668467 39.39480700690951 7.735806221519303 7.682502657349529
24278400.0 273.032292242 273.2554260192 273.3137992364 273.3390126653 273.2689363584 273.0562338795 272.6296943019 14.308761565143836 20.241513041046858 22.783112473881662 19.304102469385064 39.461265023770274 7.736554475402181 7.6825786968031995
24364800.0 272.2495947177 273.2239152582 273.2537018482 273.2821845156 273.2572568093 273.0572916484 272.6331829482 14.299542104244466 15.907798796032997 22.76906530212167 19.290420772138713 39.52785384745339 7.737302370585223 7.682654633479836
24451200.0 271.646765247 272.7701023945 273.2366604329 273.2539102633 273.2461250669 273.0583303442 272.6366158339 14.299028373512249 10.185437332044852 22.750707053395228 19.27682941308669 39.594974007584916 7.738049268471223 7.6827303892119385
24537600.0 271.2699160055 272.313223574 273.2320668237 273.241404724 273.2420889691 273.0593500131 272.6399968519 14.298877512323537 10.174307650907968 22.487412769171954 19.263321732531157 39.656397379647295 7.7387947909892345 7.682806022281195
24624000.0 271.535034359 272.3023960052 273.2287034991 273.2372972575 273.2421057955 273.0603474735 272.643317704 14.298976113926534 10.174192085509782 18.882956958139314 19.24988447822351 39.70880465283498 7.7395361336577135 7.682881316772132
24710400.0 272.0179783605 272.4957863085 273.2215298253 273.2359882154 273.2421219428 273.061324431 272.6465883019 14.299278364774494 10.176849248262075 14.953339723093997 19.23641576157884 39.759009291220956 7.740274049150317 7.682956467228026
24796800.0 272.3879334382 272.709029007 273.2100093564 273.2354269833 273.2421376625 273.0622808898 272.6498092462 14.299778404301215 10.18257588538069 12.519288053620826 19.222784858492844 39.80780022973449 7.74100804709466 7.683031461445127
24883200.0 271.9967182044 272.4692118158 273.1251365366 273.2350313738 273.2421530306 273.0632168766 272.6529811865 14.29925958501557 10.176392277895236 10.381376855057201 19.208688553177442 39.85541940424447 7.74173764603185 7.683106288528085
24969600.0 272.5574742128 272.7574160133 273.0879532123 273.2349410683 273.242168096 273.0641324367 272.6561048026 14.300223173685596 10.184767799611848 10.290455572607543 19.19389390321607 39.90202155599517 7.742462371987842 7.683180938533998
25056000.0 272.4263226242 272.6876750495 273.0588977775 273.234883559 273.2421828726 273.0650276245 272.6591807876 14.299860429670655 10.181757868866109 10.253933129661414 19.177936675389915 39.94765333303692 7.743181752527884 7.683255402121245
25142400.0 272.2222522973 272.5507406843 273.011077446 273.234807836 273.2421973589 273.0659024949 272.6622098358 14.299503933241763 10.177926256444545 10.222478719684087 19.160005968398572 39.992314091938134 7.743895310931243 7.683329670299363
25228800.0 272.265461543 272.5665928545 273.0084056886 273.2346938332 273.2422115472 273.0667570972 272.665192635 14.299565364622255 10.17827562533815 10.221354104108737 19.13918871316164 40.03598361047793 7.74460256149634 7.683403734231815
25315200.0 272.5732876118 272.7607341575 273.0621040617 273.2345412039 273.2422254278 273.0675914697 272.6681298594 14.300278359806532 10.184938597699043 10.257125017705732 19.115036289896544 40.07863545239333 7.745303005533765 7.6834775850772585
25401600.0 272.6537161935 272.8235256493 273.0812065062 273.2343493429 273.2422389897 273.0684056362 272.671022165 14.300614993262009 10.188843691229732 10.280212973878596 19.087436189926855 40.12024012485082 7.74599612811451 7.683551213869277
25488000.0 272.6393916109 272.8172920574 273.0760687322 273.234107497 273.2422521287 273.0692971015 272.6738845963 14.300547075750403 10.188388388727912 10.273224149668089 19.05639984303913 40.1604829534909 7.746766176265328 7.683624985065644
25574400.0 272.5288279262 272.7415316338 273.0403616944 273.233805443 273.2422648326 273.0701867703 272.676719207 14.300130529819665 10.183989537580272 10.238503961004684 19.02157430881357 40.199331497242476 7.747546494803099 7.683698940761364
25660800.0 272.6748256261 272.8207403616 273.0453816089 273.2337758842 273.2422771431 273.0710460582 272.6795215972 14.300722737537207 10.188638069508698 10.242176872598224 18.98180679751976 40.23691897568684 7.748311607318459 7.683772953872916
25747200.0 272.5510297573 272.7397829384 273.0028270673 273.2337426625 273.2422890763 273.0718722633 272.6822873319 14.300201539901503 10.18390763290794 10.219140731453587 18.937334084716067 40.2732993496484 7.749058074494317 7.683846890361076
25833600.0 272.4075785945 272.6307124023 272.9404440297 273.2337055779 273.2423006356 273.0726677123 272.6850135923 14.299819293436483 10.1799123360775 10.202571124356922 18.887967502413954 40.308487648885446 7.749786960856576 7.683920654038934
25920000.0 272.2530692296 272.5122318733 272.8738238718 273.2336555035 273.2423118173 273.0734351019 272.6876990138 14.299547125667457 10.177151610909108 10.193290664453933 18.821769383447727 40.34247749922558 7.750499801239736 7.683994184686243
26006400.0 272.0969097633 272.393083677 272.8089990499 273.2335845343 273.2423226135 273.0741765056 272.6903431587 14.29935489612445 10.175264887159598 10.187809100101108 18.728846697068 40.375248855919395 7.7511976797765145 7.684067445691755
26092800.0 271.8871461011 272.2379908259 272.7290920085 273.2334803044 273.2423330122 273.0748932673 272.6929460933 14.299173058018727 10.173562720553472 10.183422057459975 18.594258498940565 40.40677009642737 7.751881086132184 7.6841404136533225
26179200.0 271.8383645565 272.189945751 272.6966717382 273.2333240758 273.2423429973 273.0755860943 272.6955081027 14.299139296724697 10.17314951150008 10.182092880661328 18.396643576508417 40.436997282898716 7.7525499597786425 7.684213071075855
26265600.0 271.9589683668 272.2654940016 272.7231247818 273.2330902132 273.2423525479 273.0762551756 272.6980295236 14.299227931695029 10.173819988565164 10.18316186573035 18.10979397037546 40.46587214050964 7.753203768594841 7.684285401892927
26352000.0 271.401371238 271.8713709692 272.5041548116 273.2325324083 273.2423616137 273.0769002853 272.70051065 14.298922572214481 10.171211018844243 10.177001136434292 17.466630026567042 40.49324677406019 7.7538415812667285 7.684357388854772
26438400.0 271.0722856311 271.5621474099 272.2343200985 273.2311208152 273.2423700988 273.0775208629 272.7029516842 14.298820743270463 10.170087760607835 10.173529581943326 16.065739292362434 40.51883801268969 7.754462126708975 7.684429011988995
26524800.0 270.9099952665 271.4013198196 272.0963680683 273.2289542034 273.242378115 273.078116077 272.7053527142 14.298781788042493 10.16966399105452 10.17245537176538 14.411332183612371 40.54298808260314 7.755063842576935 7.684500247806862
26611200.0 270.7232657395 271.2471641722 271.9911325322 273.2255786761 273.242385658 273.0786848784 272.7077137055 14.298743561796769 10.16932657457208 10.171811713258961 12.638387834286846 40.56568847265856 7.75564491892499 7.68457106887519
26697600.0 270.7746349239 271.2670733134 271.9885180855 273.2200358031 273.2423927 273.0792260466 272.7100345022 14.29875346374022 10.169366968782912 10.171797243080336 10.919879919156047 40.586859840721964 7.756203339700272 7.684641443667221
26784000.0 270.541541636 271.1001896483 271.893461179 273.2070681576 273.2423991965 273.079738233 272.7123148348 14.298711736940495 10.16905322711884 10.171312994714173 9.20259534051619 40.60637303389429 7.756736925809338 7.684711336629969
26870400.0 270.5519931607 271.0809233201 271.8501196302 273.1333460013 273.2424050621 273.0802200028 272.7145543312 14.298713443667483 10.16902034379812 10.171116266953828 7.859631243375892 40.623976224991225 7.757243380695849 7.684780708338156
26956800.0 270.2469308841 270.8084159303 271.5900961998 272.8007695436 273.2424100973 273.0806698772 272.7167525316 14.29866880038426 10.168614518136726 10.1701705490474 7.688147605911127 40.63907576652681 7.757720339477846 7.684849515830922
27043200.0 270.0975141036 270.6454548537 271.4225031506 272.6687848473 273.2424141541 273.0810863732 272.7189089063 14.298650265971402 10.168414994494382 10.169715185534136 7.683494302950518 40.65123327883897 7.758165420273751 7.68491771305919
27129600.0 269.8978848538 270.4711328133 271.2841520924 272.6056925897 273.2424173389 273.0814680415 272.7210228735 14.29862822352153 10.168229061533975 10.169402324679783 7.682083387534321 40.66077294348038 7.758576275331115 7.684985251376321
27216000.0 269.4458100596 270.1157476765 271.045816437 272.5286984305 273.2424195969 273.0818134992 272.7230938192 14.298587286231072 10.167917666885623 10.168962010756285 7.680758284890412 40.66753387708839 7.758950639928211 7.68505208010091
27302400.0 268.4369615981 269.3328815534 270.5354798438 272.3777182234 273.2424204422 273.0821214552 272.7251211151 14.298524823641142 10.1674404427394 10.168294735644782 7.678942615921775 40.670064518407045 7.759286374276624 7.685118147142137
27388800.0 267.9518120554 268.884764952 270.1857141882 272.2541273723 273.2424190421 273.0823907241 272.7271041364 14.29850360561066 10.167247806053988 10.167972925765193 7.677921352121045 40.6658729669361 7.759581493975307 7.685183399552946
27475200.0 268.0092035296 268.8333046836 270.0276133836 271.9771002632 273.2424134487 273.0826202255 272.7290422732 14.298505901622036 10.16722830602601 10.167851669883277 7.676429437814319 40.64911977270857 7.75983418415289 7.6852477840014535
27561600.0 268.4322410572 269.0824179675 270.0631366564 271.7214975545 273.242403847 273.0828089693 272.7309349389 14.29852459561947 10.167327410361533 10.167877805804686 7.675576295479901 40.620330605336974 7.760042797110623 7.685311247093243
27648000.0 268.3366654335 269.0143755818 269.9941344037 271.6204960584 273.2423917186 273.082956027 272.7327815713 14.298520077426176 10.167299125851827 10.167827589968544 7.675319524242076 40.58391068135261 7.760205832932034 7.685373735530109
27734400.0 267.9913856756 268.7419182126 269.8006858034 271.5162703871 273.2423155199 273.0830603955 272.7345816141 14.298505183188682 10.16719482658803 10.16769810475041 7.6750886185386475 40.35372171522803 7.760321799392327 7.68543519554243
27820800.0 266.7519882201 267.7824714077 269.1575987291 271.2381275662 273.2421385355 273.083120864 272.7363344797 14.298465243880262 10.166913652619437 10.167359812117612 7.674598352454083 39.81050747960028 7.760389072781761 7.6854955717058395
27907200.0 266.0392129135 267.1292484825 268.631317084 270.9694909502 273.2418955972 273.0831359917 272.7380395177 14.298448719078104 10.166774614240376 10.167156163682138 7.674246144913524 39.047889409387736 7.760405883493958 7.685554805810805
27993600.0 264.9697631853 266.2405292287 267.9751567184 270.6579541108 273.2415996123 273.0831040325 272.7396959777 14.29842944851231 10.166628603977877 10.166961551174333 7.67393485605338 38.097956856402064 7.760370244376378 7.685612835583084
28080000.0 263.8191685289 265.2652234847 267.2439343591 270.3114101971 273.2412494857 273.0830228145 272.7413029642 14.298413759883106 10.166507093698883 10.166796744128089 7.673670618318479 36.95480402170292 7.7602798339071795 7.685669592990494
28166400.0 262.7872655766 264.3656836019 266.5476020737 269.9720939182 273.2408357959 273.0828895885 272.7428593776 14.29840272217195 10.166419490403287 10.166674497683411 7.673468967694282 35.592902177191405 7.760131849889715 7.685725002034984
28252800.0 262.4268314701 263.9410518505 266.0917851954 269.5456309588 273.2402904397 273.0827008044 272.7443638346 14.298399379946858 10.166384227827411 10.166607844725164 7.673270563739166 33.80837907859594 7.759922795052305 7.685778975702896
28339200.0 261.8984163182 263.4108309662 265.5443124948 268.9261260514 273.2395523006 273.0824519695 272.7458145812 14.298394877089287 10.166344621200915 10.166538601310936 7.67305525930189 31.468949226308524 7.759648368041858 7.685831412559276
28425600.0 261.1314249857 262.708256881 264.9130959383 268.389354655 273.2386601264 273.0821376025 272.7472094178 14.298389063645692 10.166298489632329 10.166470462444808 7.672915011918763 28.83443590255878 7.759303479297878 7.68588219366926
28512000.0 262.1486890152 263.3384404233 265.156699709 268.3149316008 273.2376279942 273.0817509811 272.7485456037 14.298396954397704 10.166339554427275 10.166495451119031 7.6728980836522656 26.11552814463585 7.758882064090244 7.685931178740229
28598400.0 261.2826132235 262.7431631636 264.7954661142 268.1275148394 273.2363677666 273.08128352 272.7498196904 14.29839014851741 10.166300630731234 10.166458931084003 7.672857730760241 23.293813725743266 7.758376531835182 7.685978199546099
28684800.0 261.5361401749 262.8559486267 264.7962390435 268.075768871 273.23476106 273.0807238508 272.7510272475 14.298392032905495 10.166307650737991 10.166459005767571 7.672847127437461 20.414003135042037 7.75777696890702 7.686023049195538
28771200.0 260.5764390908 262.1434608946 264.3352226589 267.8670629854 273.2324822193 273.0800555971 272.7521623136 14.298385310861761 10.166265782302732 10.16641684472341 7.672806521446285 17.4114556219941 7.757069086147233 7.686065460932931
28857600.0 260.6970129656 262.1423861016 264.2505071199 267.7818556995 273.2288214502 273.0792517702 272.7532161281 14.29838609695459 10.166265723343699 10.166409584476115 7.672790873553819 14.325548944862085 7.756228944025338 7.686105059371486
28944000.0 260.9734498606 262.3400538651 264.3606594642 267.8193276092 273.221311248 273.0782533013 272.7541729766 14.29838795962663 10.166276768862945 10.166419052736037 7.672797691895607 11.227959076058804 7.755202292333643 7.686141201401926
29030400.0 260.5293591504 262.0317239195 264.1834595239 267.7564223177 273.1772938705 273.0766498328 272.7549611009 14.298385008111902 10.166259715679486 10.166403938176602 7.672786301062921 8.178584738330148 7.7535917543093555 7.686171105180015
29116800.0 259.7954752223 261.390003111 263.6293097753 267.1913611841 271.9337658773 272.9451206494 272.736781682 14.298380572174425 10.166227164537153 10.166360392787075 7.6726950182492315 7.676258896142703 7.700367709754668 7.685511059323663
29203200.0 260.2932261565 261.5833288916 263.4878517913 266.6302451383 270.7191461921 272.3189103983 272.6245168447 14.298383524001478 10.166236580530686 10.166350097647419 7.672620391996619 7.673989549290412 7.678417658326197 7.682467904723556
29289600.0 261.2884681166 262.252510557 263.7459871343 266.3486017971 269.9331564705 271.6967362445 272.4274689795 14.298390191101767 10.166271826247467 10.16636912374675 7.672587687503458 7.673448613791209 7.675509862359827 7.67945498037712
29376000.0 260.8492915066 261.9365719034 263.4798997169 265.9750096036 269.3326292508 271.1537582115 272.1815298687 14.298387112388502 10.166254647388845 10.166349528077658 7.672548364065382 7.673188452335102 7.674477200419555 7.67744566357776
29462400.0 261.4254291909 262.2793715885 263.5692680622 265.7716229012 268.8713923171 270.6883128501 271.9155783458 14.2983911997283 10.166273334100852 10.166355984907725 7.672528671565186 7.673039305382459 7.673961592128403 7.6761909365773064
29548800.0 262.8980956388 263.3812392833 264.2327476373 265.9158102659 268.5803260148 270.3092224321 271.6505668241 14.298403798406966 10.166342540699148 10.166408080408855 7.672542515015027 7.6729610389439244 7.673669118714673 7.67539223796445
29635200.0 263.4828177153 263.9380739978 264.6780280822 266.0964299144 268.404846657 270.0105912346 271.3999577394 14.298409896326305 10.166383992309973 10.166447746153734 7.672560675918062 7.67291860419883 7.673489564840186 7.6748641439424246
29721600.0 264.0026306282 264.4008350873 265.0448217794 266.2733000668 268.3002981985 269.778313759 271.1707718575 14.298415990242804 10.166422566974905 10.166483783413069 7.672579408694528 7.6728948177948695 7.673372404817483 7.674500815417822
29808000.0 263.6470028621 264.1972771524 264.9738892815 266.2607508369 268.1955020009 269.5859331403 270.9635363367 14.298411747200163 10.166405094704263 10.166476555539068 7.672578047050348 7.672872007387911 7.673287203266943 7.674239327731021
29894400.0 264.5458919064 264.8467778699 265.3725096366 266.4114137039 268.1346568406 269.4298718646 270.7776673653 14.298423167890082 10.166463920006224 10.166518931264228 7.672594738365898 7.672859211853981 7.6732247155901065 7.67404455089703
29980800.0 262.9844711323 263.7534329452 264.7301035667 266.1376898874 268.0011596612 269.2778526941 270.6077591972 14.298404653873865 10.16636968847231 10.166452666377525 7.67256495919883 7.6728322237380775 7.673168806138928 7.673891996033793
30067200.0 259.4656504823 260.967715457 262.785375874 265.1140652924 267.6363983904 269.066644874 270.439253786 14.298378737726235 10.16620766383991 10.16630323977365 7.672471990247224 7.672765306263312 7.673098203439328 7.673760030860483
30153600.0 258.9441322205 260.1673149888 261.8390218656 264.2873883662 267.1789533553 268.7940891121 270.2600411487 14.298376015705562 10.166174274191759 10.166249542263147 7.6724129456058465 7.672693212430859 7.673017451341635 7.673636963520168
30240000.0 259.2370911462 260.1930302009 261.5870676968 263.8304037259 266.7627256686 268.4963128026 270.0673318253 14.29837751894421 10.166175281046334 10.1662367658214 7.672384911281691 7.672636799326034 7.6729402941311955 7.67352096884261
30326400.0 259.3812167265 260.2378455857 261.4916361239 263.5629455132 266.4187677917 268.203602261 269.8651025836 14.29837828263898 10.166177045597793 10.166232074613617 7.6723697749750706 7.672595572713768 7.672873717967001 7.673414222669479
30412800.0 258.3783257683 259.4488950599 260.9043428379 263.1338416228 266.0746391614 267.9136838887 269.6565920188 14.298373285915046 10.166147714236976 10.166204856574035 7.672347222347691 7.672558434449363 7.672815288698668 7.673317406299084
30499200.0 259.6363960299 260.2558998093 261.2649669321 263.0970008366 265.8243750927 267.649556489 269.4476942102 14.298379675895129 10.166177760028306 10.166221242137265 7.6723453781671145 7.672533671466353 7.672767547924423 7.673231604297075
30585600.0 262.5042044081 262.4754802805 262.7303946971 263.713337615 265.7972538131 267.4614110982 269.2512303997 14.298400077824226 10.166284578971746 10.166299845823959 7.672378177769679 7.672531091693523 7.672736310488523 7.67315949901128
30672000.0 262.5923602765 262.8336969833 263.2375955379 264.120674521 265.8563831238 267.3436783461 269.0766658127 14.298400885760584 10.166306253268663 10.166332622661475 7.672402380876164 7.672536741390297 7.6727178187806295 7.673101406882982
30758400.0 260.139347576 261.0801584675 262.2203850046 263.7680352401 265.7752168627 267.2304803527 268.9199269843 14.298382586648449 10.16621271937628 10.166270032853884 7.672381302449355 7.672529009874126 7.6727007502166975 7.673053431125206
30844800.0 259.6332953235 260.4821364423 261.6379920905 263.3650615395 265.5955910974 267.0925936365 268.7716854815 14.29837965864085 10.166186890016348 10.166239301850226 7.672359122409168 7.672512505160033 7.6726808422291475 7.673011293099132
30931200.0 260.877078927 261.2999137139 262.023798443 263.3854440192 265.469187634 266.9552634819 268.6289533416 14.29838730047738 10.166222884480987 10.166259290129116 7.672360199177306 7.672501365184894 7.672661917415577 7.672973396013497
31017600.0 260.4861097396 261.0845270602 261.9293264138 263.319572794 265.3587002768 266.8247577368 268.4912881207 14.298384732030648 10.166212917746337 10.166254265072974 7.672356735856779 7.67249193148843 7.672644713576173 7.672939098038565
31104000.0 261.3069192236 261.670064357 262.2776274418 263.4343060892 265.3007685257 266.7134275633 268.3607231049 14.29839032558573 10.166240910909183 10.166273235961151 7.672362799350651 7.672487093973631 7.672630602759809 7.672908435540263
31190400.0 261.2047558003 261.6621040373 262.3290343706 263.4763316696 265.2581812597 266.6187382044 268.2386289951 14.298389586315935 10.166240510682515 10.166276142195342 7.6723650572946545 7.672483584243254 7.672618989219498 7.672881273753011
31276800.0 258.1685855261 259.3857246848 260.8577671377 262.7880927754 265.041648906 266.4873676969 268.1172012621 14.298372327872178 10.166145515116007 10.166202812340043 7.672330444244568 7.67246632397894 7.672603437191654 7.672855599553414
31363200.0 257.0177107591 258.2090346533 259.7857349694 262.0328391405 264.6990831827 266.2986749027 267.9861747381 14.298367526681893 10.16610804278104 10.166159801629275 7.67229751531688 7.6724408690427905 7.672582168738449 7.672829283634719
31449600.0 257.8714849752 258.6313107479 259.7919746104 261.7409966346 264.3994504978 266.0870888115 267.8433057967 14.298371017101312 10.166120771647627 10.166160031448403 7.67228598902112 7.672420279275898 7.672559705082521 7.67280210675272
31536000.0 257.9073311973 258.6555559379 259.7492106066 261.5731657451 264.1592790234 265.8787739618 267.6921240392 14.29837117245996 10.166121525653995 10.166158460754247 7.672279630756401 7.6724047914945235 7.672538897730981 7.672774936143364
