0.0 270.15 270.15 270.15 270.15 270.15 270.15 270.15 6.576028547750957 6.576028547750957 6.576028547750957 7.673568863359098 7.673568863359098 7.673568861165598 7.673568857658884
86400.0 269.2822573034 269.6555160654 269.8938660558 270.0260454274 270.1306248975 270.1476121142 270.1496181448 6.5519253243575255 6.56118757687612 6.567918578027282 7.673498158844526 7.673557402536436 7.67356743997462 7.673568630237156
172800.0 268.4493210666 269.0474848377 269.4825276744 269.7623306014 270.0514415789 270.128271401 270.1442294482 6.5353936736203115 6.546759081441268 6.556719135063811 7.673365521262355 7.673512124630113 7.673556013848707 7.673565427183138
259200.0 267.6325713377 268.4107374835 269.0168185514 269.4358253749 269.927102943 270.0885929044 270.1305799327 6.522971971637458 6.534735416561649 6.54611697766814 7.673228024533429 7.6734456775697675 7.673533035677456 7.673557366314819
345600.0 266.7391133332 267.7101072649 268.4912708942 269.0525980554 269.7608674434 270.0259323054 270.1057435482 6.5122060038134935 6.524029595465009 6.536118625026945 7.673095183047124 7.67336467918913 7.673497966374495 7.67354288897225
432000.0 265.1644406294 266.5830654248 267.7049593144 268.5077746834 269.5312003252 269.9341746919 270.0662951754 6.497843106912975 6.510554983083542 6.523958675151227 7.672945035069447 7.673265364450744 7.673449138533244 7.6735203854340615
518400.0 264.4152787715 265.8413167986 267.0612531632 267.9878358223 269.2630687444 269.8134679658 270.0099785226 6.492420049635181 6.503445201133164 6.515813166728279 7.672831587786539 7.673164578941537 7.673389095204645 7.673489263267565
604800.0 263.6093286781 265.1315585148 266.4539246043 267.4835322866 268.972881401 269.6676451137 269.9362789133 6.48731631855833 6.497589206265094 6.5092325723629685 7.67274178246848 7.673070357506064 7.673322243597421 7.673450222997874
691200.0 261.8961508235 263.8890162304 265.5533768254 266.8213055366 268.6320254127 269.4937944652 269.844071247 6.478355939692993 6.489011591427552 6.500970510058875 7.672646298231028 7.672975512851934 7.673249677739094 7.673403889758145
777600.0 260.4787481858 262.7021841109 264.6107191307 266.0894042486 268.238907852 269.2885916157 269.7316074771 6.472366515712085 6.482295800874862 6.493765600436391 7.672561946406911 7.672882822551832 7.673172633691144 7.673350843902381
864000.0 259.6848968099 261.8830098255 263.8496069702 265.4261757205 267.8246597352 269.0559375947 269.5986321801 6.469435444773908 6.478295245702615 6.488768086553205 7.67249944302923 7.672800208186805 7.6730948467777536 7.6732925629550754
950400.0 260.186962967 261.9094687106 263.5964058959 265.044897992 267.4573384924 268.8127866283 269.4492341181 6.4712577392336454 6.478417559689938 6.487239798805268 7.672467964808569 7.672737092293404 7.673022680362569 7.673232200813712
1036800.0 261.0910939161 262.3633781794 263.7040050406 264.9309007863 267.1791078166 268.5805630677 269.2915397021 6.474823652466627 6.480585767359891 6.487881720985984 7.6724588757129295 7.672694442946051 7.672961098529206 7.673173679836862
1123200.0 261.8069618078 262.8257331138 263.9208651395 264.9566362723 266.987936459 268.3739890441 269.1344852468 6.477946087310451 6.482940305211704 6.489209523433184 7.672460566617861 7.672667342110207 7.672911472542461 7.673120075085879
1209600.0 262.2219761509 263.1400364158 264.1043617037 265.0164814362 266.8585853649 268.1976456722 268.9848776517 6.4798958002188405 6.484633538656011 6.490370244271002 7.672464990556835 7.672649924592125 7.672872464073714 7.673072862882674
1296000.0 262.1346734128 263.1407648866 264.1216666358 265.0093725701 266.753417213 268.0465459588 268.8456999953 6.4794764843667405 6.4846375558192335 6.490481534942466 7.672464391380099 7.672636316837741 7.67284123672984 7.673031959956015
1382400.0 261.4216915659 262.7074135985 263.8655156195 264.846344031 266.6294236533 267.9081906061 268.715715479 6.4762299277764495 6.482322848111582 6.488866196974676 7.672452151523294 7.672620934238554 7.672814261029341 7.6729961342754605
1468800.0 261.5455132692 262.6750334802 263.7691656184 264.7289722809 266.5033989341 267.7770367552 268.5927406448 6.476772111775487 6.4821557029735395 6.488275833640746 7.672443571795946 7.672605910541237 7.672790003778032 7.672964168020222
1555200.0 260.1352321624 261.7974562476 263.226513582 264.3820438165 266.3286509163 267.6408851375 268.4725281651 6.471065087271165 6.477902692441609 6.485113514806054 7.672419801958686 7.672586085401616 7.672766074214504 7.67293458437292
1641600.0 259.7208108246 261.3377013774 262.8147519039 264.042754984 266.1226862009 267.4940965548 268.351024344 6.469562374006614 6.4758670410043875 6.482882551558759 7.67239826789953 7.67256401871152 7.672741597656458 7.672906226074541
1728000.0 260.3643240621 261.5757009448 262.8090153902 263.9144570453 265.9447509762 267.3454103964 268.2279996228 6.47192715910097 6.476905619433896 6.48285241813065 7.672390425804006 7.6725459521338095 7.6727180979516465 7.67287897444036
1814400.0 260.2763070701 261.5261523331 262.7341221716 263.8030309982 265.7911615536 267.2013683341 268.1051828933 6.4715932144878545 6.476686761449268 6.482461305186202 7.672383836899465 7.67253106239394 7.672696480303775 7.6728531273390645
1900800.0 259.3112548756 260.9117981049 262.3393365741 263.5307265353 265.6166085233 267.0567966824 267.9823712994 6.468144541209869 6.474085037011869 6.480467498874149 7.672368567082755 7.67251493043059 7.6726758364113 7.672828540167992
1987200.0 260.2422662535 261.3126803024 262.4437127927 263.4847104217 265.4758993165 266.9179872456 267.8608927602 6.47146498265945 6.475759686203426 6.480983855938742 7.6723659630515435 7.672502441779861 7.672656939064588 7.672805370950561
2073600.0 261.5601803309 262.1451430447 262.8973975258 263.6832081257 265.4140849875 266.7997477033 267.7454506245 6.47683691270547 6.479526505605761 6.483319494667143 7.672376779249681 7.67249704225757 7.672641509944916 7.672784342161316
2160000.0 261.2585853168 262.1280451831 262.9716207952 263.7523343634 265.3764800862 266.7020064061 267.6391521553 6.475528752342588 6.479444853365331 6.4837164521082045 7.67238069003465 7.672493792971684 7.672629193589789 7.672765777447381
2246400.0 262.4696280153 262.8582553469 263.3975545279 263.9869839608 265.3882677991 266.6282793857 267.5447669233 6.481113236522396 6.483111893703792 6.486081639013217 7.672394393163006 7.672494728975788 7.672620153689165 7.672749898232029
2332800.0 261.8582700954 262.6508909428 263.3774888934 264.0307361423 265.3931723364 266.5703805808 267.4620170693 6.478181269789941 6.482031585268124 6.485966745144213 7.672397064067115 7.67249511311734 7.672613200148869 7.672736420928379
2419200.0 261.6267226059 262.4879183722 263.2912736071 263.9953635631 265.3749558106 266.5183367118 267.3881474828 6.477132464151056 6.481204835170037 6.485477094899089 7.672394940272974 7.67249355779093 7.67260705602943 7.672724725160668
2505600.0 261.8563971857 262.5905867969 263.3285575433 264.0022329664 265.3527157314 266.4692412393 267.3207129906 6.478172656617767 6.481723427701586 6.485688051185381 7.672395342058735 7.672491671462438 7.67260134996066 7.672714313571942
2592000.0 261.9056161975 262.6352137827 263.3559203777 264.0121108882 265.3310731956 266.4227906122 267.2582257634 6.478399723350613 6.481951218235395 6.485843641073741 7.672395929955299 7.672489845825599 7.672596029909464 7.672704883916137
2678400.0 261.744472573 262.5461979231 263.3078151945 263.9827664045 265.3020639211 266.3772647443 267.199392096 6.477661809936323 6.4814982857781835 6.485570540473488 7.672394160810714 7.672487424191634 7.672590888383217 7.672696191170609
2764800.0 261.8477955382 262.586333302 263.3147674189 263.9725122205 265.2726151329 266.3326064433 267.1433818726 6.478133126799025 6.4817017921418 6.485609885053948 7.672393534311429 7.672484983975451 7.672585913255134 7.672688077812214
2851200.0 261.9181420854 262.6305006469 263.3342882087 263.9730606867 265.246129786 266.2895737489 267.0898695511 6.478457749347555 6.481927092176166 6.4857205827232525 7.672393556472516 7.672482803280178 7.672581182062564 7.672680469911331
2937600.0 262.7092190125 263.1073375825 263.6003408958 264.108665094 265.2516479045 266.2545563183 267.040277827 6.482332190559899 6.484453672093165 6.4872630826492195 7.672401782767316 7.672483231671752 7.672577376796504 7.672673541389445
3024000.0 263.0082808928 263.3853771637 263.8141552322 264.2539603347 265.2816002421 266.230942511 266.9964149523 6.483914127137311 6.486011870233704 6.488550356959217 7.672410912500435 7.672485667630813 7.672574833033638 7.672667508676732
3110400.0 262.5482346191 263.1833633054 263.7573456509 264.2628741465 265.2970735745 266.2128149994 266.9578822213 6.481508584897899 6.484873233512511 6.488204037342764 7.672411505087051 7.67248693699405 7.672572892324617 7.672662281353838
3196800.0 260.7570417142 262.084515512 263.1369607208 263.936545977 265.2284679279 266.1811633289 266.9194568963 6.4734605093763475 6.47923783216555 6.484616582520405 7.6723914313747805 7.672481334452722 7.672569528558218 7.6726571346228365
3283200.0 259.2366714713 260.9377310138 262.3469164911 263.4244515845 265.062640117 266.119048689 266.8733368112 6.467893149010332 6.474190856372191 6.4805047441724 7.672362670901005 7.672468185818157 7.672563017633575 7.672651042555737
3369600.0 259.6655907162 260.9097845111 262.1189452044 263.1480807234 264.8863354793 266.0326385736 266.8161295558 6.469367423150499 6.474076834682167 6.4794014734050425 7.6723483054125206 7.67245477470915 7.672554153843127 7.6726436123716715
3456000.0 258.5844762088 260.1964472152 261.616809995 262.7749014742 264.6854810152 265.925392695 266.7467610791 6.465778358841902 6.4712931856261005 6.4770882738959825 7.672330230998818 7.67244019010634 7.672543455112702 7.672634785255009
3542400.0 259.587708578 260.607858892 261.6932663529 262.6854370364 264.5277157342 265.8124901913 266.6683715233 6.469094505105117 6.472869506976082 6.477430604923406 7.672326000294713 7.672429195695923 7.672532538571546 7.672625043352512
3628800.0 260.3629531261 261.1102385125 261.9489539568 262.7648486174 264.4364362073 265.7101457605 266.5871027229 6.4719219310688425 6.4749034976745365 6.478600900608308 7.672329593161637 7.672422994367494 7.672522936446969 7.672615195527038
3715200.0 260.764560009 261.4384244133 262.1676457159 262.8784288688 264.3944330454 265.6259279571 266.5087205073 6.473490577663199 6.476302691587834 6.47963426061753 7.672334904179076 7.672420165858463 7.67251523590437 7.672605931581522
3801600.0 260.9661849886 261.6285338473 262.3164221016 262.9739265183 264.3785063784 265.5595715876 266.436669471 6.474307353436393 6.4771405448285035 6.480355143162237 7.672339480725062 7.672419086319589 7.672509291970696 7.672597611562687
3888000.0 261.746654336 262.1406327887 262.6371819272 263.1631926221 264.3995331449 265.5126674827 266.3734414143 6.4776716957022495 6.479504947966902 6.481961297780629 7.67234882177981 7.672420447756925 7.672505154398959 7.672590459813663
3974400.0 261.9715751579 262.3901945766 262.8533682125 263.3256341278 264.4403548294 265.4833909031 266.3202067737 6.478706376338934 6.480718155104947 6.483086056934421 7.672357153146161 7.672423143472602 7.6725025981292925 7.672584543712429
4060800.0 262.3107119259 262.6633599927 263.0674497638 263.4857421752 264.4938078329 265.4688821352 266.2770363886 6.480327200347949 6.482095635416425 6.484235450695428 7.672365649635945 7.672426724876563 7.672501338713771 7.672579815083753
4147200.0 263.0302922036 263.1670538815 263.4116313877 263.7176065474 264.5724985723 265.4698343746 266.2442371099 6.484033331859728 6.484782822112102 6.486162454239472 7.6723784752487285 7.6724320885235775 7.672501421224979 7.672576262979377
4233600.0 263.2627894468 263.4312040461 263.6539093256 263.916769702 264.6624395898 265.4843710809 266.2216513577 6.4853167358101675 6.48627511337452 6.487581495495788 7.672390034163185 7.6724383516740815 7.672502683391997 7.6725738370305665
4320000.0 262.886186034 263.2896205016 263.6517487706 263.9808127921 264.7305276201 265.5042535957 266.2071318437 6.4832599097799815 6.485467769258746 6.487568600815637 7.672393878031966 7.672443191329469 7.672504417685904 7.672572286033435
4406400.0 261.2091422237 262.2812783351 263.1057050256 263.7186635389 264.7127710969 265.5102787572 266.1943891663 6.475319058317956 6.480183517523059 6.484444714985347 7.672378622270973 7.672441936964772 7.672504945073609 7.672570930305932
4492800.0 260.4182776134 261.5989743035 262.6042817828 263.3871754485 264.6228429171 265.4909524132 266.1764068261 6.47213358347425 6.4770089066158425 6.481793176970591 7.672360502823169 7.672435609312852 7.672503256439143 7.672569025770426
4579200.0 260.2074217701 261.2983046408 262.3012537578 263.1286936535 264.5042768912 265.4479565898 266.1492275909 6.4713342507835 6.475698160909887 6.480280965415869 7.672347194140046 7.67242746022349 7.672499530870259 7.6725661662156694
4665600.0 260.0405432902 261.0963554614 262.0882244995 262.9282212878 264.381296549 265.3882978616 266.1122460194 6.470715430140448 6.474845577426969 6.479255423778986 7.672337334057908 7.672419237618197 7.6724944315881345 7.67256231173054
4752000.0 260.3457554427 261.2047267603 262.0709040024 262.8450174129 264.2804425349 265.3222243169 266.0676978089 6.471856419901557 6.4753003954686426 6.4791733492294385 7.672333328105809 7.67241265863251 7.672488877044057 7.67255772340892
4838400.0 260.4043368719 261.2359823307 262.0584922038 262.7960308074 264.2007666876 265.2566325774 266.018694481 6.472080120418465 6.4754327276524135 6.479114653705291 7.672330998594049 7.672407562986978 7.672483457342526 7.672552744124731
4924800.0 260.7982199115 261.4636541228 262.1658748312 262.8240496545 264.1500952787 265.1973973975 265.9685778854 6.4736255335927915 6.4764127012137545 6.479625768606821 7.6723322876266336 7.672404362429509 7.672478641666524 7.672547723803807
5011200.0 261.1565134228 261.7152705364 262.3189962558 262.9003782668 264.1284668691 265.1485591061 265.9204106045 6.4750972864667 6.477529766509344 6.480367747071444 7.672335890922306 7.672402997894332 7.672474726244417 7.672542966019856
5097600.0 261.2605886222 261.8293534404 262.4128522249 262.9625867588 264.1222289148 265.1100768289 265.8760732945 6.47553727629291 6.478048526661715 6.480830399668791 7.672338878609228 7.672402597537234 7.672471675441447 7.67253864366496
5184000.0 261.6920443206 262.1162904219 262.5957275897 263.0728354851 264.1361326827 265.0826511642 265.8369037792 6.477425106261858 6.479388828103728 6.4817495940525784 7.672344267779736 7.672403450332635 7.672469519408622 7.672534869824639
5270400.0 261.8407134196 262.2704949651 262.7263036465 263.1702815659 264.1612190539 265.0652277592 265.8035191332 6.47810061414702 6.480131024058568 6.48242071872144 7.672349141400705 7.672405008636624 7.672468157485444 7.6725316859156445
5356800.0 261.8900382246 262.3429907085 262.8036274205 263.2390672156 264.1875001141 265.0549888002 265.7756260317 6.478327694316047 6.480485449217049 6.482824138487617 7.672352645142248 7.672406654723919 7.672467359950858 7.672529048409502
5443200.0 261.7304705008 262.2723946868 262.789001706 263.2524496483 264.2028272221 265.0474678499 265.7519301576 6.477598433005713 6.480140266219942 6.482747484646819 7.6723533398180255 7.6724076207010485 7.672466775445559 7.672526823810551
5529600.0 261.9806052271 262.4140029201 262.8706323484 263.3023149823 264.2194638718 265.0419907673 265.7314710351 6.478748570613597 6.480836109656993 6.483177409778982 7.672355913496195 7.6724086724844485 7.672466350483735 7.672524914806268
5616000.0 262.017390692 262.4677518691 262.9217330856 263.34413459 264.2365515705 265.0383286817 265.7136559972 6.478920988311832 6.481103854077857 6.483449167169043 7.672358095899127 7.672409757434919 7.672466066670771 7.672523261296669
5702400.0 262.2221279034 262.6071054945 263.0157142282 263.4074055491 264.2588935544 265.0372627784 265.6983471998 6.479896533472297 6.481807575241005 6.4839543396198644 7.672361431202935 7.672411182743521 7.672465984116271 7.6725218468786025
5788800.0 262.5300715008 262.8256759602 263.1640144272 263.5057344569 264.2928912263 265.040690536 265.6859650932 6.481416843054221 6.482940004382745 6.4847659974445575 7.672366703790826 7.672413366454856 7.672466249683738 7.672520707220502
5875200.0 262.7775042467 263.0275459089 263.3175297808 263.6174626651 264.3379090061 265.0498649526 265.6771116494 6.482687340341576 6.484018437693521 6.485625529651272 7.672372834422163 7.672416286215425 7.672466961618898 7.672519894716239
5961600.0 262.9673067307 263.1952239433 263.4563477916 263.7269902721 264.3897951328 265.0647229368 265.6721469439 6.483693260692177 6.48493912298351 6.486420341296509 7.6723789923664265 7.672419691432246 7.672468118117886 7.67251943995456
6048000.0 262.9283724269 263.2209346543 263.5142449727 263.7943695282 264.4371039564 265.0827926599 265.6706520429 6.483484625684655 6.485082360260043 6.486756915283601 7.6723828595170955 7.67242283468933 7.672469530496381 7.672519303144598
6134400.0 263.1400112829 263.3662733448 263.6208751511 263.877310547 264.4849138161 265.1032033954 265.6721180547 6.4846334000683035 6.485902680520783 6.4873848207738005 7.672387693275047 7.6724260472437065 7.672471133680541 7.672519437313701
6220800.0 263.3307622842 263.5206605952 263.7415487966 263.9712047086 264.5363508895 265.1261947045 265.6763038262 6.485700563559011 6.486794398519538 6.488108296737313 7.672393273395529 7.672429544390318 7.672472949581319 7.672519820680793
6307200.0 263.5605587396 263.7021625472 263.881633174 264.0788590261 264.5936599633 265.1524679137 265.6832585507 6.487028349383079 6.487870636455189 6.488965853933748 7.672399817338123 7.672433491671093 7.672475037808046 7.6725204586238
6393600.0 263.7268584708 263.8528279301 264.0101271644 264.1848162873 264.6547963839 265.1821055457 265.6930443054 6.488019479238955 6.488787930186615 6.489769779051318 7.672406417546887 7.672437763455225 7.672477410405734 7.672521358319701
6480000.0 263.8856047145 263.9940574749 264.1320772229 264.2878422851 264.7179784749 265.2147252334 265.705596434 6.488990450520649 6.489668311190768 6.49054864168814 7.6724129914095975 7.672442245656648 7.672480042745606 7.672522515910629
6566400.0 264.0436970208 264.1329637307 264.2516431486 264.3894087037 264.7824696779 265.2498744217 265.7207503303 6.489982615351284 6.49055436151127 6.491327809876981 7.672419627921753 7.672446892909346 7.672482904176382 7.672523918783956
6652800.0 264.1759532831 264.2558987876 264.3618877853 264.4859695848 264.8470690953 265.2869971638 265.7382565041 6.490832752461269 6.491355832288532 6.492060314667435 7.672426086135044 7.672451622750221 7.67248595477251 7.672525546750823
6739200.0 264.2179858783 264.3215817351 264.4380590036 264.563242328 264.907806312 265.3248924719 265.7576469099 6.49110689218569 6.491790912254954 6.49257454501018 7.672431363273486 7.672456139994734 7.6724890994823065 7.672527359168937
6825600.0 264.3170007985 264.4085173462 264.5178786603 264.6372666949 264.9654768933 265.3628214963 265.7784271076 6.491760410676755 6.492374310235582 6.493120709892201 7.672436510182468 7.6724604931548415 7.6724922784366845 7.672529312351085
6912000.0 264.4591021568 264.5237380505 264.6130197674 264.7180023491 265.0229892531 265.4009029362 265.8003133287 6.492717800190998 6.493161101780918 6.493781714917623 7.67244222851271 7.672464897400417 7.672495502285664 7.672531381740648
6998400.0 264.5486407822 264.6133433964 264.6969815351 264.7942561576 265.079733883 265.4391509168 265.8231317026 6.493333230798849 6.4937839822540795 6.494374316892712 7.672447734188871 7.672469306134009 7.6724987731217285 7.672533552767201
7084800.0 264.5678176389 264.6561101898 264.7524588761 264.8541704008 265.1324603001 265.4768692238 265.8465841485 6.493466293724759 6.49408474703358 6.494770753541527 7.672452134191755 7.672473460551444 7.672502031422131 7.672535798627711
7171200.0 264.6094215215 264.7016210262 264.8024287374 264.90656531 265.1808995362 265.513432704 265.8703021081 6.493756514390951 6.494407320309522 6.495131219296031 7.672456035793847 7.672477327182601 7.67250522148351 7.6725380850150655
7257600.0 264.6963056916 264.7729414286 264.8642413296 264.9625771016 265.2274767064 265.5488993941 265.8940533084 6.494369511494772 6.4949181168347465 6.495581627975667 7.672460262457294 7.6724810908491206 7.6725083459371 7.672540389965394
7344000.0 264.8492790346 264.8883444378 264.9526211264 265.0331630542 265.2762098326 265.5841687782 265.9179151759 6.49547214014907 6.495758630866346 6.496234470157698 7.672465672947086 7.672485077199213 7.672511482810906 7.672542721300262
7430400.0 265.0795945703 265.0596576324 265.0785148077 265.1275868493 265.3317255168 265.6208502869 265.9423460657 6.497191138866712 6.497039433825785 6.497182908268764 7.67247306309015 7.672489679922896 7.672514777265582 7.672545124635817
7516800.0 265.0636355554 265.0977466925 265.1398853699 265.1945115779 265.3857530915 265.6584247588 265.967499372 6.497069657922622 6.497329753510513 6.497653354291004 7.672478412214846 7.672494224754525 7.6725181862392535 7.672547616553186
7603200.0 265.4678126755 265.3604301649 265.3133920721 265.3149148952 265.4501447183 265.6987076636 265.9939079774 6.500262128038717 6.499389710967656 6.49901322550544 7.672488268905718 7.67249972613508 7.672521880113019 7.672550252178499
7689600.0 265.3506824063 265.3575815029 265.3637628884 265.3837965618 265.5107081293 265.7403537285 266.0215773235 6.499311411245653 6.499366813624253 6.499416515148448 7.672494050895572 7.672504988284603 7.672525742309071 7.672553035109865
7776000.0 265.3614859142 265.3796949223 265.4026902775 265.4343497424 265.5641073169 265.7814243639 266.0499859747 6.499398200205719 6.49954489072742 6.49973087951045 7.6724983620232114 7.672509700067581 7.672529594999955 7.672555915555787
7862400.0 265.4123776201 265.4257130128 265.4492813202 265.4830328922 265.6126624684 265.821048807 266.0785687678 6.499809480278124 6.499917922657643 6.500110267939926 7.672502568473744 7.67251404403519 7.672533354019718 7.672558837615682
7948800.0 266.5659286025 266.1365220567 265.8668821841 265.7282398505 265.7014893735 265.8678619176 266.1091910963 6.510377261765098 6.506139197155443 6.503672000174959 7.672524622252975 7.672522138359198 7.6725378490790925 7.6725619951834325
8035200.0 266.1399465453 266.0424142033 265.9231796542 265.8338646584 265.7879188426 265.920120592 266.1426863565 6.50617144496553 6.505262154290197 6.504175676786179 7.672534583928811 7.672530208814459 7.672542937571698 7.672565481405835
8121600.0 266.0202733389 265.9801658975 265.9257919047 265.8797422372 265.8572231978 265.972478165 266.1781296658 6.505058342514788 6.504691554750204 6.504199190861773 7.672539000878409 7.672536822742221 7.672548111923485 7.6725692078020895
8208000.0 265.9911288654 265.9646632616 265.93458837 265.9109600028 265.9124289028 266.0216864142 266.2140491811 6.504791505871135 6.504550605990597 6.504278465949823 7.6725420405262765 7.672542184407389 7.6725530461254685 7.6725730241222365
8294400.0 265.9480635448 265.9449825651 265.9374263559 265.9322483982 265.9570873993 266.0665113008 266.2492172912 6.5044001882607585 6.504372327376581 6.504304073297038 7.672544129282136 7.672546583645434 7.672557602011184 7.672576800093524
8380800.0 266.2039752822 266.1019917988 266.034980125 265.9994814963 266.0052581646 266.1090859147 266.2834332314 6.50677878330181 6.505815348073304 6.505193615641515 7.6725508115499395 7.672551391725962 7.672561984288085 7.672580511909738
8467200.0 266.1492755296 266.1088545327 266.0696558898 266.044296194 266.0513036023 266.1499954139 266.316752013 6.50625941455672 6.50587952162031 6.50551423283766 7.672555337111476 7.672556050302126 7.672566246687307 7.672584163043919
8553600.0 266.4288695129 266.2892097676 266.1887507016 266.1288778542 266.1040459808 266.1911692806 266.3496777706 6.508980436730858 6.507600440213998 6.50663361190994 7.672564042286838 7.672561462961368 7.6725705885431905 7.672587807164671
8640000.0 266.3208940891 266.2708356961 266.2158498037 266.1747229889 266.1529622628 266.2319439298 266.3823496782 6.50790979611198 6.507422022725449 6.506892342973319 7.6725688492561845 7.6725665579815585 7.6725749405488255 7.672591459135846
8726400.0 273.1160849734 270.3497764442 268.2841324689 267.1365154515 266.3113199738 266.2816645024 266.4158909649 8.027147054268601 6.583112369692606 6.53263077369301 7.672688362842186 7.672583577735298 7.672580319102985 7.672595246103496
8812800.0 273.1423942679 271.4787613614 269.6759475017 268.333455161 266.7620241264 266.4036387084 266.4649948058 8.43134487958829 6.644696111664946 6.561737273727347 7.6729071066783305 7.672636896407663 7.6725938582912425 7.672600860458939
8899200.0 272.3076032168 271.3336574587 270.0212151553 268.8964745499 267.2179184757 266.604995636 266.5509895195 6.755309089060524 6.633655805448471 6.571826292839682 7.673052375758128 7.672699341138073 7.672617342189382 7.672610899292111
8985600.0 272.0652856941 271.1947133249 270.0882985616 269.1269134199 267.547561662 266.823888394 266.6694503799 6.7100204702490425 6.624257953166271 6.573982137240647 7.673122845630702 7.672750927349258 7.672644612025766 7.672625175785093
9072000.0 270.7947643671 270.4190208197 269.7535329021 269.0762050572 267.7588915594 267.0216324772 266.7971631464 6.602016698942814 6.585747322539111 6.56386966897089 7.673104092973234 7.672787295113008 7.672670966167166 7.672641179265123
9158400.0 269.9679085776 269.7712493416 269.3677939754 268.9076041483 267.8712387048 267.1844414419 266.9220275141 6.570162038000282 6.56436687205168 6.5539261551471775 7.6730510885390295 7.672807739724054 7.672694010210771 7.672657476900281
9244800.0 269.4526994495 269.3217200936 269.0511010737 268.7260022423 267.9192243083 267.3105872804 267.0362793748 6.555980526467369 6.552840081219386 6.546835274563826 7.672999483683092 7.672816670397021 7.67271277149793 7.672672987780753
9331200.0 269.0292182497 268.9570215691 268.7806068475 268.5514376935 267.9279806728 267.4043766428 267.1362461257 6.546375744157655 6.544885253273405 6.541399975879638 7.672954102970873 7.672818238331246 7.672727268288573 7.6726870552899165
9417600.0 268.7162936087 268.6758220649 268.5591112859 268.3959665534 267.9145089732 267.47206201 267.2211463132 6.540181462514459 6.539428179549379 6.537311974834069 7.672916676727775 7.672815596115813 7.672738035450434 7.672699384772375
9504000.0 268.486684974 268.4626142498 268.3825738317 268.2639390707 267.8899771905 267.5198615683 267.2919001808 6.536038897691567 6.535622344064642 6.534259986181477 7.672886858414424 7.672810904560178 7.672745799210098 7.672709939934355
9590400.0 268.5430267968 268.4469383805 268.3243921677 268.1979187932 267.870723452 267.5550237989 267.3507305824 6.537026655996551 6.5353527890100045 6.53329104396711 7.672872583282759 7.672807266043433 7.672751597232708 7.672718917493389
9676800.0 268.3462718401 268.3069761232 268.225444805 268.1263373871 267.8522613295 267.5816079436 267.3999088809 6.533653355233366 6.533004404973798 6.531682832516684 7.672857525740116 7.672803809322649 7.672756030628748 7.672726566714816
9763200.0 268.7232180494 268.519524525 268.3156817359 268.1547367236 267.8540117625 267.6059321089 267.4423177369 6.540311379194096 6.53661243267384 6.533147491067797 7.672863473882809 7.672804130675255 7.6727601253358335 7.672733271576635
9849600.0 268.5133005404 268.4190585805 268.2777073386 268.14180827 267.8595105068 267.6293653218 267.480059708 6.536503264173258 6.534876697273969 6.532526158203051 7.672860759094264 7.672805148906758 7.672764105052513 7.672739325113171
9936000.0 268.7112798378 268.5324008965 268.3343957509 268.1711823551 267.8747073442 267.6535890685 267.5148038987 6.540087583827181 6.5368389845166694 6.533456389332506 7.672866933076093 7.672807985583691 7.672768255607271 7.672744971341711
10022400.0 269.2351712919 268.8960048466 268.550923373 268.2972072162 267.9172038368 267.6835057359 267.5488373293 6.550852016286992 6.543655284365461 6.537166544292172 7.67289431081249 7.6728160198558175 7.672773433662995 7.672750571713589
10108800.0 268.9764986595 268.8014104596 268.5555021849 268.3383662467 267.9593110809 267.7173785653 267.5832151161 6.5452835413107096 6.541799910059479 6.537247823436366 7.672903512724276 7.672824107984148 7.672779367062095 7.672756300049273
10195200.0 270.9485863369 270.0969065108 269.2853564083 268.7470680888 268.0797247773 267.7691814438 267.6221388199 6.609850225153276 6.574263902252855 6.551996654806278 7.6730055475233065 7.6728480435846125 7.672788589393639 7.672762874065912
10281600.0 270.7562530681 270.2238112558 269.541352571 269.0035792021 268.2219383877 267.8390499961 267.6684994726 6.600174659989307 6.578561146216657 6.558202519215283 7.67307992038334 7.672877859603448 7.672801320190447 7.672770829093029
10368000.0 270.0594341285 269.8295933718 269.4228610298 269.0327462308 268.3254379865 267.9134440893 267.7206342442 6.573045923836356 6.566032313876982 6.555250557775239 7.673088445345335 7.672900655329348 7.672815258629434 7.6727799413503
10454400.0 269.8413734879 269.6395476655 269.3203880884 269.0095009115 268.3911412258 267.98215903 267.7747854035 6.566373915539027 6.560761301980879 6.552808974541364 7.673080954469618 7.672915623390647 7.6728284987079505 7.672789597980474
10540800.0 269.4147303113 269.3296623487 269.1395889937 268.9230656146 268.4204879673 268.0390813069 267.8270803336 6.555053166034119 6.55302589657497 6.54873170071213 7.673054643135146 7.672922412923501 7.672839743090816 7.6727991148663985
10627200.0 269.1362002314 269.0905634384 268.9714405923 268.8207201694 268.4233657056 268.0823089638 267.8746792698 6.548657921124172 6.547673345492302 6.545179840864208 7.673025045037679 7.672923043314325 7.672848455318091 7.67280794537433
10713600.0 268.9435312269 268.9147618843 268.8338906507 268.7249505408 268.4107530774 268.112961161 267.9161326778 6.54461101237607 6.5440305545352855 6.54243009281667 7.6729986813574405 7.672920058075849 7.672854725972675 7.6728157699699535
10800000.0 270.0437485822 269.6107621926 269.1819156432 268.8859199982 268.4438224976 268.1441517847 267.9538745279 6.572542648385653 6.56000017930364 6.549661181181008 7.673043850233328 7.672927843342398 7.672861187610904 7.672823005336556
10886400.0 269.5761046958 269.419163698 269.1560154751 268.916126323 268.4798939673 268.1774498487 267.9899319158 6.559096026138307 6.5551607165839245 6.549090665770121 7.673052602035003 7.6729364537787506 7.67286817757966 7.672830019164438
10972800.0 269.2598819195 269.189025613 269.0357341761 268.8682788423 268.4972762479 268.2081827814 268.0242621048 6.5514128550341155 6.549818774405258 6.546512192408454 7.673038569294743 7.672940635191631 7.672874714797445 7.672836791062705
11059200.0 269.3534676264 269.2143629142 269.0274973984 268.857573085 268.5098046562 268.235449064 268.0564824263 6.553586330063157 6.550383848201002 6.546339762312983 7.673035490380335 7.672943667922277 7.672880584811121 7.672843231930027
11145600.0 269.5806614827 269.369616861 269.1121030801 268.9032182935 268.5323708694 268.262140152 268.0870949685 6.559214152090897 6.553969533042323 6.548135964276108 7.673048736380339 7.672949193633367 7.672886396038027 7.672849429280331
11232000.0 269.2601491785 269.1836409582 269.0319259628 268.8762592598 268.5459532837 268.2867970365 268.1160951611 6.551418950024999 6.549699384011134 6.5464324062993455 7.6730408391202065 7.672952537326354 7.672891822502851 7.672855371520777
11318400.0 269.0974951771 269.0465603011 268.9425135898 268.8261778178 268.5472748406 268.3072519163 268.1428953653 6.547821819539579 6.546739617883515 6.544590378697755 7.67302651597205 7.672952850588022 7.672896367190169 7.672860925728133
11404800.0 269.0462902233 268.986636327 268.8887935535 268.7867626239 268.5428414742 268.3233025018 268.16705274 6.546733933384539 6.545491952619836 6.543511668938189 7.6730155013391 7.672951741831338 7.672899960985482 7.67286598472393
11491200.0 268.9036288833 268.8769705038 268.8135018319 268.7368491386 268.532514627 268.3349888328 268.1883112584 6.543807517598733 6.54327699627509 6.542033679827773 7.673001845577844 7.672949184157061 7.672902593060789 7.672870478431609
11577600.0 268.8154257471 268.7955435734 268.748340859 268.6886831062 268.5183092213 268.3427183708 268.2066147211 6.542070966256801 6.541686833210894 6.540785307010203 7.672988973218492 7.672945691007816 7.672904341165089 7.6728743792400005
11664000.0 268.7487143168 268.732353596 268.6944441392 268.6459888495 268.5024763573 268.347235567 268.2221138397 6.54079238268934 6.540483248118663 6.53977351026162 7.672977803284756 7.6729418267192795 7.672905365443149 7.672877705620688
11750400.0 268.8001703051 268.7518052826 268.6885883359 268.6297598936 268.4910392364 268.3502749662 268.2353390672 6.541775988564196 6.540850980004436 6.539664686161976 7.672973619235825 7.672939053600942 7.672906055741545 7.672880560995288
11836800.0 268.739580184 268.7109070411 268.6609925665 268.6089284453 268.4813257542 268.3525935894 268.2468221804 6.540619581734872 6.540080609875488 6.5391547181608916 7.672968287505202 7.6729367095716725 7.672906582941649 7.672883053052157
11923200.0 271.9986645434 270.6570755066 269.5644515445 268.9969251864 268.5250120114 268.3601655672 268.2581157414 6.700151599319799 6.595629008436513 6.558794965858428 7.673077496257637 7.672947348808211 7.672908308278763 7.672885515674753
12009600.0 272.694462403 271.7991207805 270.6350514883 269.7717925915 268.7304983859 268.3952355345 268.2731897977 6.8925598007210676 6.675095358359369 6.59465623956842 7.673375355368831 7.673000395876172 7.6729163727500005 7.672888820880465
12096000.0 272.7338269156 272.0137594241 271.0153487568 270.2068616117 269.0068118765 268.4884123361 268.3059860721 6.916534322019751 6.702311401823429 6.613510849530372 7.673612391347635 7.673080284066653 7.67293840370432 7.672896084801056
12182400.0 272.4046740489 271.8886541859 271.0906947502 270.3939216791 269.2243214117 268.6135076202 268.3660361007 6.77938522508716 6.685600935146056 6.617854122829737 7.673736145676854 7.673151194476826 7.672969441546123 7.672909649782184
12268800.0 272.3747868564 271.8687067201 271.1363909182 270.4996986392 269.3841910034 268.7355859105 268.439623096 6.771492301828368 6.683165313019294 6.620606219302486 7.673813776582344 7.6732085955803715 7.6730014708308225 7.67292675640046
12355200.0 271.6467532734 271.4093074813 270.9322697398 270.4515817397 269.4851975949 268.8430073093 268.5157859808 6.659424761489139 6.639239436182191 6.608980810883871 7.673774135865994 7.673247357506418 7.6730311953191235 7.672945048658568
12441600.0 271.3885713583 271.1636116162 270.7724213546 270.3789047668 269.5431509874 268.9318368792 268.589136432 6.637673196213127 6.62229056512086 6.600942554737704 7.67371994314148 7.6732704896941 7.673056948364474 7.672963257789747
12528000.0 272.6261859224 271.9320763496 271.1615097942 270.5824963631 269.6344736961 269.0148859385 268.6596158257 6.857578636512586 6.691108283318654 6.622159278728358 7.673878028593459 7.673308904344792 7.673082052095249 7.672981328985355
12614400.0 272.8238027451 272.2409132075 271.4522419514 270.8078110664 269.7476027513 269.0978214429 268.7288931036 6.986819004463244 6.741053425474433 6.642573111575499 7.674085850803952 7.673359551353019 7.673108174807934 7.672999667864964
12700800.0 272.6578543469 272.2505649607 271.5635268763 270.9547524295 269.8754646429 269.1873757177 268.7983235875 6.872897414346323 6.743018005217748 6.651835419196459 7.674243053804985 7.673421090826812 7.673137641752361 7.673018648160622
12787200.0 272.0565895287 271.8371904708 271.3823592245 270.9171407632 269.9599387056 269.2751119819 268.8695910402 6.708681271109295 6.679430871327128 6.637209355508074 7.674196071039027 7.673464271713165 7.6731678653774305 7.6730387874518176
12873600.0 272.8283943863 272.2854897801 271.5767088842 271.0055657778 270.0279043954 269.3555070647 268.9401124679 6.991178820569921 6.75039967761335 6.652997209778662 7.674300417075461 7.673500767570599 7.673196818811889 7.673059404329604
12960000.0 272.8646460693 272.3783827099 271.7033032911 271.1312786816 270.1169417104 269.4306916144 269.0079371316 7.029216110576511 6.772417603625771 6.664951116497685 7.674462111484845 7.673551400354746 7.673225057463485 7.673079912071128
13046400.0 272.8728247545 272.413730479 271.7703095814 271.2162914783 270.2064357583 269.5074995627 269.0744256918 7.038813974158002 6.781871317914873 6.671934233521868 7.674582694349335 7.673605396688829 7.673255140550603 7.673100694885288
13132800.0 272.5488949024 272.2530538865 271.7332127475 271.2424845869 270.2811479226 269.5825493434 269.1405082288 6.825413969999569 6.74352975329613 6.668006910502429 7.674619399123242 7.673653007902246 7.67328581842265 7.673122051444089
13219200.0 272.8663134791 272.4107035425 271.7985401325 271.2835638991 270.3402582134 269.6525554352 269.2053655273 7.031139119081139 6.7810353084586295 6.675030653987596 7.674684134474075 7.673692442824012 7.673315651917333 7.67314372566599
13305600.0 272.8880536905 272.4622861033 271.8657610211 271.3520285572 270.4034556044 269.7175037826 269.2677565153 7.057868912680117 6.796027400212832 6.682810454888159 7.674798335344599 7.67373668825551 7.673344446135416 7.673165276575653
13392000.0 272.8938169138 272.4843498237 271.9065123876 271.4046669577 270.4663312052 269.7806712076 269.3278710199 7.065519470940969 6.802966046122411 6.687830993879575 7.674891632402485 7.673782814868472 7.6733735429314756 7.673186723717358
13478400.0 272.6397969469 272.3653690971 271.8785266842 271.4215358354 270.5206243039 269.8411621285 269.3861179447 6.863987701248773 6.769099098547888 6.684357185171556 7.674920416057133 7.673824382723966 7.673402474209657 7.673208174760223
13564800.0 272.8889301181 272.4805270617 271.9243542996 271.4505010788 270.5652704522 269.8979295502 269.4426839038 7.059015997585083 6.801739331715059 6.690107518159252 7.674975996464024 7.673859846308607 7.673430628964677 7.673229668374311
13651200.0 272.9039158093 272.5162663867 271.9715153848 271.4995060672 270.6135352742 269.9509011225 269.4967740361 7.0795680629416 6.8136374125034544 6.696372006825828 7.675074163352356 7.673899770087513 7.673457825362092 7.673250859689421
13737600.0 272.9092338959 272.5331478582 272.0018796038 271.5387739907 270.6621692267 270.0026177719 269.5487799174 7.087318856573826 6.819613765355538 6.700608043572823 7.675156615254049 7.673941596150703 7.673485283194923 7.673271850025065
13824000.0 272.9120720655 272.5455990681 272.0262259309 271.572128285 270.7079827702 270.0529668211 269.5992906291 7.091561264429053 6.824181261538413 6.704127847184597 7.675229791420166 7.673982535544306 7.673512918388608 7.673292840524261
13910400.0 272.7539416141 272.4874096125 272.0227976266 271.5929543393 270.7500523133 270.1013236947 269.6482968601 6.930142822504971 6.803955564344046 6.7036253196536935 7.6752758737350035 7.674021511004722 7.673540341389999 7.67331379934277
13996800.0 272.9025558578 272.5349422231 272.0349808231 271.6050864334 270.7845746521 270.1470119436 269.6957519442 7.07762624335624 6.820263430760313 6.70542165690922 7.675303614471649 7.674054467389645 7.673567083136374 7.673334675981981
14083200.0 272.8748270682 272.5531424631 272.066987119 271.6384040626 270.8200327948 270.1896627346 269.7412818119 7.04122869874611 6.827017677696872 6.71028437263596 7.675384164146785 7.6740894754622 7.673592810951659 7.673355265974957
14169600.0 272.9145916654 272.5667753004 272.0826609152 271.6615048776 270.8554618241 270.2309462946 269.7849762387 7.095391594250587 6.8322827136283 6.712745090381374 7.675441366353727 7.674125550441762 7.67361844831873 7.673375563212606
14256000.0 272.9244331573 272.5854112393 272.1069443955 271.6891300491 270.8898907341 270.2709612836 269.8272965273 7.110962718788133 6.839786205160751 6.71666647396496 7.675512884844516 7.674161729622207 7.673644017461207 7.673395743987896
14342400.0 272.9286554781 272.596525249 272.1261386751 271.71424682 270.9237791957 270.3098681095 269.8683416585 7.117959446733985 6.844440411643391 6.719864258371171 7.675580084381296 7.6741984643883825 7.673669586916352 7.673415826560754
14428800.0 272.93012047 272.6047172258 272.1424262921 271.7368388364 270.9562703344 270.3476946554 269.9082516009 7.120434024391097 6.84796167835204 6.72264915762948 7.675642502246137 7.674234767256272 7.673695144437126 7.67343585375735
14515200.0 272.9319544643 272.6115670703 272.1567185678 271.7573750217 270.9871733039 270.3843121779 269.9470712899 7.123566983200331 6.850967523047227 6.725149105830674 7.675700967442658 7.674270324545708 7.673720567957156 7.673455824865758
14601600.0 272.9342436046 272.618580732 272.1703741731 271.7767415012 271.0165923332 270.4196561755 269.9847972387 7.127533363828131 6.854105277413099 6.727588620950712 7.675757754895249 7.674305150966613 7.673745770472411 7.673475714583759
14688000.0 272.9352978154 272.6247771083 272.1832211201 271.7951458376 271.0447445301 270.4537491919 270.0214263021 7.1293812861909105 6.856929529506068 6.729930701869077 7.675813251198722 7.674339410329204 7.67377072293825 7.673495496632644
14774400.0 272.9373541689 272.6307407907 272.1952809503 271.8125540874 271.0717227464 270.4866560476 270.0569803911 7.1330253265661785 6.859695325739904 6.732172167786584 7.675867165276543 7.674373131577104 7.6737954285246675 7.673515157625324
14860800.0 272.9395099444 272.6369545163 272.2071716759 271.829395503 271.0976464188 270.5184362539 270.0914938877 7.136902743070424 6.86262823401212 6.734424178607764 7.675920736797922 7.674406390419747 7.673819889641628 7.673534691520056
14947200.0 272.9411866038 272.6427293276 272.2185788885 271.8456338598 271.1226511639 270.5491640755 270.1250053445 7.139959832857168 6.865402147133528 6.736625022079843 7.675973728605068 7.674439296719747 7.673844123591805 7.673554095627875
15033600.0 272.941871287 272.6477876702 272.2293332214 271.8611781949 271.1467825638 270.5789089877 270.1575589746 7.14121884069261 6.867871113291941 6.738737251725166 7.676025718122071 7.674471851569046 7.673868148110807 7.6735733718392325
15120000.0 272.9435084956 272.6527374037 272.2395195594 271.8759950898 271.1700504758 270.607722628 270.1892000822 7.144254717923443 6.870323445407037 6.740772337434145 7.676076468306588 7.674504010140388 7.673891970111044 7.67359252423808
15206400.0 272.9450669935 272.6579035668 272.2496347819 271.8904289443 271.1925276626 270.6356446302 270.2199676978 7.147178375882066 6.872922368171196 6.7428272960837266 7.6761271091287595 7.674535819974041 7.673915589044142 7.673611554652333
15292800.0 272.9464653077 272.6627550334 272.2593716489 271.9044015542 271.214303575 270.6627277473 270.2498966904 7.149830067654412 6.8754005167994094 6.7448383687363505 7.6761772716427945 7.674567359954242 7.673939017845018 7.67363046362075
15379200.0 272.9472436097 272.6672159913 272.2687090916 271.9178950153 271.2354067395 270.6890226935 270.2790259028 7.151317868765609 6.877712079503697 6.7467981668563715 7.676226812607352 7.674598627002395 7.6739622707088895 7.673649255472605
15465600.0 272.9485111136 272.6715159263 272.2776198135 271.9308600081 271.2558499035 270.7145682583 270.3073920723 7.153759253541735 6.879970732304737 6.748697668245705 7.676275458503524 7.674629596234778 7.6739853539180185 7.673667934580468
15552000.0 272.950270905 272.6761480955 272.2864969093 271.9435231376 271.2756748092 270.7393955578 270.3350281994 7.157187306437363 6.882438217532102 6.750619163637466 7.676324028897107 7.674660290221355 7.674008268766378 7.673686504176866
15638400.0 272.9512923521 272.6804863325 272.2951688934 271.9559037971 271.294958479 270.7635433932 270.3619633197 7.159197927690388 6.884782165964924 6.752525090517145 7.676372541066725 7.6746907924209635 7.67403102546144 7.673704965969458
15724800.0 272.9523027791 272.6844591065 272.303406706 271.967838037 271.3137104323 270.7870521022 270.3882279338 7.161202168503793 6.886957332187228 6.75436265147446 7.676420269569875 7.6747210829814625 7.67405363797715 7.673723323748765
15811200.0 272.9534743187 272.6884437003 272.3114392512 271.9794204448 271.331933088 270.8099488387 270.4138539587 7.163545308700599 6.8891671188911445 6.756180436705894 7.6764675476165705 7.674751131597916 7.6740761096566725 7.673741583469952
15897600.0 272.954742217 272.6924243423 272.3193133147 271.9907158883 271.3496645661 270.8322569159 270.4388660798 7.1661048951066295 6.891403473387024 6.7579878883220665 7.676514592733736 7.674780968907174 7.674098441428394 7.673759747066759
15984000.0 272.9558933182 272.6963062005 272.3270082729 272.0017362433 271.3669328592 270.8539962763 270.4632792052 7.1684503825112325 6.89361261557492 6.759779230326667 7.67656140911596 7.674810611745312 7.674120631940621 7.673777810070411
16070400.0 272.95727128 272.700162908 272.3345245373 272.0124839052 271.3837730195 270.8752099362 270.4871346698 7.171285708414096 6.895835702727838 6.761553396302485 7.676607963100711 7.67484009200467 7.674142705062097 7.6737957885040435
16156800.0 272.9581007811 272.703822039 272.3418696865 272.0229902747 271.400201807 270.8959140749 270.5104467866 7.173007215006433 6.897971494571698 6.7633110307273 7.676654353737031 7.674869412946637 7.674164658767686 7.673813679346784
16243200.0 272.958630664 272.7070379308 272.3488137568 272.0331259861 271.4162223676 270.9161307877 270.5332367708 7.174112762199427 6.899870381784775 6.764994868832669 7.676699930974371 7.67489855327598 7.674186498247708 7.673831485412662
16329600.0 272.9595500187 272.7102896042 272.3555499169 272.0429406502 271.4318213142 270.9358732496 270.5555245159 7.1760418389883 6.90181153909643 6.766649342642067 7.676744876267157 7.674927460805673 7.674208220043551 7.67384920928
16416000.0 272.9605159647 272.7136072118 272.3622141631 272.0525528449 271.4470302966 270.9551526161 270.5773254267 7.178083783829539 6.903814375822526 6.768306991947568 7.676789704371227 7.6749561682939085 7.674229818974515 7.673866850621701
16502400.0 272.9614222054 272.7168443539 272.3687410205 272.061958722 271.4618839518 270.9739883955 270.5986541456 7.180013762716477 6.905790773974733 6.769950983502357 7.676834357841887 7.674984717215162 7.674251299913443 7.673884409004834
16588800.0 272.9624919674 272.7200741425 272.3751395077 272.0711568882 271.4763985909 270.992402328 270.619528654 7.18230996738761 6.907784887126333 6.7715827627667275 7.676878798677706 7.675013116468501 7.674272671480404 7.673901887315586
16675200.0 272.9629686718 272.7230812987 272.3813815558 272.0801601297 271.4905913902 271.0104118819 270.6399653442 7.183339535640209 6.909661851074525 6.773194241280702 7.676923055172913 7.675041378714656 7.674293938533809 7.6739192877955595
16761600.0 272.9637984325 272.7259159674 272.3873375735 272.0888678917 271.5044581562 271.028033033 270.6599802094 7.185141042766024 6.9114494026419 6.774750285578449 7.676966572367117 7.67506947364388 7.67431510516242 7.6739366129557345
16848000.0 272.9646257974 272.7288901553 272.3932771841 272.0974193652 271.5180044494 271.0452746792 270.679587705 7.186949378454875 6.913344305689435 6.776320303236938 7.677010042420308 7.675097391611502 7.67433616764306 7.673953864590356
16934400.0 272.9656347105 272.7318258612 272.3990987824 272.1057993762 271.5312613571 271.0621501598 270.6987995411 7.189170967339736 6.915234481661513 6.777877168690595 7.677053348951899 7.6751251772283196 7.674357128193279 7.673971042569547
17020800.0 272.9667546423 272.7348603722 272.4048981529 272.1140558989 271.5442451658 271.0786757625 270.717629271 7.191658470475685 6.917209309699064 6.779446196699127 7.677096731774969 7.675152846748361 7.674377993518648 7.673988148855911
17107200.0 272.9673801399 272.7376842174 272.410568977 272.1221675973 271.5569769958 271.0948677964 270.7360904938 7.193057723972198 6.919066588092941 6.780998262057928 7.677140047470195 7.67518042886992 7.67439877136376 7.674005186003723
17193600.0 272.9686170515 272.7405102406 272.4160624353 272.1300635479 271.5694492305 271.1107404452 270.7541970318 7.195846003934319 6.920944499967543 6.782518904816354 7.677182879258088 7.675207889839071 7.67441946771264 7.674022157312854
17280000.0 272.9692600189 272.7433506639 272.4215785881 272.1378792882 271.5816749292 271.1263012675 270.7719608574 7.197306691724202 6.9228516726004825 6.7840631062613 7.677225969830915 7.675235243018847 7.674440080583438 7.674039064895028
17366400.0 272.9702184204 272.745947632 272.4268255902 272.1454658245 271.5936648579 271.1415633259 270.789392708 7.199498508453605 6.924612949906737 6.7855483274217425 7.67726843007064 7.675262496360685 7.67446061578701 7.674055910116373
17452800.0 272.9710086676 272.7486583915 272.4320770163 272.1529407747 271.605412174 271.1565336145 270.8065035656 7.201318990686095 6.926469606061374 6.787051074391477 7.677310929750079 7.675289618713036 7.674481071596452 7.674072695026079
17539200.0 272.9714245505 272.7510604478 272.4371175051 272.1602348088 271.6169356911 271.1712207474 270.8233022616 7.202281904421225 6.928130614176341 6.78850904987657 7.677353019403699 7.6753166383893685 7.674501448872811 7.67408941994644
17625600.0 272.9712765249 272.7530752545 272.4418697695 272.1672798498 271.6282187148 271.1856322385 270.8397980096 7.201938788422521 6.92953545344012 6.789897888764674 7.677394254621604 7.6753434994698555 7.674521747380383 7.674106085916478
17712000.0 272.9722469183 272.7552586996 272.4464530051 272.1740773769 271.6392400907 271.1997680934 270.8559981249 7.204195910442241 6.931070004685735 6.791250637694016 7.677434608384295 7.675370132825566 7.674541956449901 7.67412269236858
17798400.0 272.9726343191 272.7576861144 272.4512191963 272.1808813514 271.650035988 271.2136280896 270.871907069 7.205102168779267 6.932791036492635 6.792671479194647 7.6774756250843526 7.6753966110007505 7.674562064849301 7.674139236002873
17884800.0 272.9732428363 272.7596932536 272.4556724542 272.1874774697 271.6606389008 271.227228443 270.8875308121 7.206531702590416 6.934226203658586 6.7940122320043885 7.677515920026601 7.675422999126974 7.674582085460586 7.674155715207904
17971200.0 272.9743521793 272.7622204239 272.46029332 272.1940320185 271.6710336001 271.2405785811 270.9028792432 7.209156870710057 6.936049032346752 6.7954171522039495 7.677556563817174 7.675449245358743 7.67460202211276 7.674172132792895
18057600.0 272.9749471931 272.7645488989 272.4648706595 272.2005454988 271.6812673669 271.253688685 270.9179598911 7.210575191970629 6.937744387152457 6.796822828692241 7.67759752717092 7.675475458890038 7.674621880380971 7.674188489397615
18144000.0 272.9751076149 272.7665392629 272.4692202759 272.2068854548 271.6913318187 271.2665743322 270.9327829328 7.210958824149099 6.9392057892461905 6.798171688172194 7.677637932288455 7.675501606337326 7.674641674850069 7.674204788903982
18230400.0 272.9757060437 272.7685017839 272.4733930478 272.2130245954 271.701198849 271.2792389092 270.9473576882 7.212394575068681 6.940657931408117 6.7994779119849085 7.677677575939093 7.67552760097557 7.67466140212398 7.674221034688832
18316800.0 272.9760495284 272.7705384835 272.4775797808 272.2190858371 271.7108758712 271.2916806704 270.9616897071 7.213222008270378 6.942176857630655 6.8008007073512236 7.677717258485878 7.67555344970756 7.674681050754169 7.674237226256706
18403200.0 272.9767927116 272.7725090241 272.4816352275 272.2250112753 271.7203800898 271.3039057493 270.9757834494 7.215020707285315 6.943658128847024 6.802093855758226 7.677756556381218 7.6755791859120235 7.674700621659408 7.674253362049061
18489600.0 272.9775456469 272.7746762326 272.4857671318 272.2309016006 271.7297180511 271.3159187126 270.9896427162 7.2168548528138095 6.945300688218353 6.80342354540886 7.677796160443024 7.675604816159839 7.674720113545721 7.674269439882019
18576000.0 272.9780908933 272.776706658 272.48982384 272.2367192143 271.7389162845 271.3277331554 271.0032779916 7.2181905853805635 6.946852538203073 6.804741162306494 7.677835786790985 7.675630403696931 7.674739540290847 7.67428546556162
18662400.0 272.9785163954 272.7786128673 272.4937616065 272.2424170475 271.7479667777 271.339356699 271.0166949402 7.219237393553917 6.94832101735908 6.806031815306151 7.677875092474213 7.675655916029674 7.67475890678206 7.674301439645861
18748800.0 272.9788207836 272.7803973153 272.4975740655 272.2479828185 271.7568611537 271.3507925206 271.0298999442 7.219988634423421 6.949705978136964 6.807292513926924 7.677913968717223 7.675681318769176 7.67477821085472 7.674317363789488
18835200.0 272.9796021737 272.7822918978 272.501333275 272.2534370913 271.7655963398 271.362042113 271.0428981701 7.221926340829129 6.951187437829557 6.808546471115874 7.677952547413838 7.675706591890126 7.674797447573452 7.674333238410997
18921600.0 272.9798776972 272.7841506577 272.5051071878 272.2588549985 271.7741905726 271.3731083502 271.0556935994 7.222612770812618 6.9526520554921 6.809816345736938 7.67799136241201 7.675731778810364 7.674816614393602 7.674349062678204
19008000.0 272.9800569898 272.7857241379 272.5086681834 272.2641177164 271.7826472307 271.3839992271 271.0682909901 7.223060350532347 6.953900637233365 6.811024840210915 7.678029503793932 7.675756879010373 7.674835717934154 7.6743648368508675
19094400.0 272.980241215 272.7872825455 272.5121352772 272.2692483884 271.7909474227 271.3947162963 271.0806953675 7.22352098253328 6.955145258303281 6.8122111773066605 7.678067132772257 7.675781825006347 7.674854753841781 7.674380561732308
19180800.0 272.9798347066 272.7885922987 272.5154572858 272.2742483596 271.7990953722 271.4052589698 271.0929098471 7.222505555670178 6.956197511763144 6.8133569798976765 7.678104224217939 7.675806618356829 7.674873713905285 7.674396235865002
19267200.0 272.9806899117 272.7900631614 272.5186501901 272.2790772898 271.807079792 271.4156281978 271.1049371342 7.224646035836184 6.957386040333188 6.814466765077659 7.678140446099486 7.6758312115696485 7.674892592559142 7.6744118573392575
19353600.0 272.9817427496 272.7921161128 272.5221731434 272.2840100578 271.8149309794 271.42582391 271.1167796191 7.227303547151326 6.959057159493201 6.815701078990373 7.678177947118817 7.6758556897487695 7.674911382280031 7.674427423918282
19440000.0 272.9824430494 272.7940415041 272.5257230102 272.2889824803 271.8227070126 271.4358604506 271.12843916 7.229085056949882 6.960637563128542 6.816955375991054 7.67821620514589 7.675880229230452 7.674930102472731 7.674442932682218
19526400.0 272.9830449635 272.795847483 272.5291871357 272.2938899165 271.830399424 271.4457561083 271.1399254528 7.230625229886062 6.962131649172843 6.818189734763275 7.678254399441198 7.675904797328654 7.67494878120058 7.67445839136604
19612800.0 272.9836778954 272.7976037447 272.5325770778 272.2987164387 271.8379935014 271.4555191502 271.1512506612 7.232253780553371 6.963595605976688 6.8194077033002305 7.678292398033945 7.67592934092796 7.674967428791306 7.674473811591453
19699200.0 272.9837894732 272.7991870041 272.5358797237 272.3034617897 271.8454819769 271.4651479265 271.1624179073 7.232541837184904 6.96492476573952 6.820603992915756 7.678330183871595 7.675953829901411 7.674986036927891 7.674489193141992
19785600.0 272.9845507966 272.8007365493 272.5390262969 272.3080602607 271.8528514528 271.4746424375 271.1734308465 7.234515091729632 6.966234363678181 6.821752761142217 7.678367194672467 7.675978211479933 7.675004600304559 7.674504536657427
19872000.0 272.9850627802 272.8024884798 272.5422883114 272.3126618422 271.8601064776 271.4839997291 271.1842916504 7.235849765030692 6.967725544843053 6.822953082071024 7.678404681323409 7.676002493523568 7.675023107626714 7.674519840834166
19958400.0 272.9855108203 272.8040197294 272.5454217098 272.3171820742 271.8672686972 271.4932248024 271.1950020307 7.237022855230946 6.9690381556158885 6.824115211916802 7.678441900660741 7.676026741697826 7.67504156323806 7.674535103762517
20044800.0 272.9859426743 272.8055750887 272.5485165045 272.3216283554 271.8743258556 271.5023222653 271.2055661165 7.23815811094238 6.970380384965061 6.825271926885947 7.678478918479851 7.676050906721105 7.6750599710349485 7.674550327077983
20131200.0 272.9859471088 272.8069288752 272.551503343 272.3259865344 271.8812801446 271.5112929549 271.2159867452 7.238169791713276 6.9715560851817555 6.826396789373407 7.678515588196237 7.6760749888243 7.675078327491422 7.674565510698791
20217600.0 272.9861364077 272.8081341599 272.5543157449 272.3301960099 271.8881178499 271.5201369515 271.2262656977 7.2386688539268444 6.9726086898052655 6.827463682336678 7.678551359794501 7.676098931082229 7.675096627479694 7.674580653100072
20304000.0 272.9861083279 272.8093582799 272.5571009393 272.3343278052 271.8948343343 271.528852267 271.2364058927 7.238594770660796 6.973683456899752 6.8285277267530455 7.67858684490527 7.6761227081926755 7.675114861451302 7.674595754503101
20390400.0 272.9859278952 272.810342517 272.5597220949 272.3383347602 271.9014362431 271.5374381619 271.2464068757 7.238119185758166 6.9745518194947795 6.829535973443294 7.678621587015912 7.6761463343989575 7.675133022229269 7.674610810136052
20476800.0 272.9868013305 272.8116963367 272.5623746489 272.3422672924 271.907915759 271.5458948782 271.2562700445 7.240428714780424 6.975752439072671 6.830563157965649 7.678656041369137 7.676169771675595 7.67515110459441 7.674625817973785
20563200.0 272.9871926992 272.8132814188 272.5652487508 272.3462983546 271.9143122549 271.5542245201 271.265996271 7.241469592326654 6.977167342756419 6.831684015502278 7.678691774504182 7.676193157910058 7.675169107315287 7.6746407751926515
20649600.0 272.9870991498 272.8143381357 272.5678891606 272.350234123 271.9206481637 271.5624410638 271.2755887475 7.241220448992011 6.978116170765322 6.832721044251852 7.678726974445478 7.676216569788272 7.675187055338155 7.674655682591159
20736000.0 272.9874546606 272.8155152178 272.5704582944 272.3540562523 271.926883821 271.5705497945 271.2850541918 7.242168399869413 6.9791783640864 6.833736874404355 7.678761491226878 7.676239852245156 7.675204955536943 7.674670546677657
20822400.0 272.9880595959 272.8169685854 272.5731376254 272.3578842117 271.9330277082 271.5785465133 271.2943949362 7.243788597725614 6.980497637637132 6.8348034972035006 7.678796435038531 7.676263031434354 7.675222793942519 7.674685367341508
20908800.0 272.9885075968 272.8183441732 272.5758169592 272.3617122094 271.9391074129 271.5864367705 271.3036134401 7.244994341001264 6.9817542873781555 6.835877578370739 7.678831732884021 7.676286207309251 7.675240578198461 7.674700144770312
20995200.0 272.988676357 272.8196008058 272.5784354898 272.3654919425 271.9451211963 271.5942281936 271.3127135307 7.24544984156015 6.982909119835059 6.836934574050445 7.67886692471514 7.676309368156747 7.67525832115791 7.6747148814846735
21081600.0 272.9884557986 272.8205695659 272.5808852531 272.3691590717 271.9510554709 271.6019231232 271.3216991462 7.244854675747526 6.983803907395696 6.8379300428112675 7.678901372343555 7.676332455454636 7.675276024076361 7.674729580385205
21168000.0 272.9886921082 272.8215877366 272.5832323372 272.3727024005 271.9568880629 271.6095183703 271.3305726691 7.245492392205936 6.984748596691103 6.838889835362298 7.67893495798888 7.676355374555309 7.6752936754667935 7.67474424199142
21254400.0 272.9867062159 272.822451055 272.5855695248 272.3762059962 271.9626258426 271.6170089213 271.3393339629 7.240176314771689 6.985553057866411 6.839851523734275 7.678968486463701 7.676378145864086 7.6753112591617665 7.67475886269559
21340800.0 272.9866090526 272.8212462186 272.5864716484 272.3789060894 271.9681802888 271.6243881702 271.347979581 7.2399187061521 6.984431236940293 6.840224322131175 7.6789942207103685 7.676400395062066 7.675328754659747 7.674773433233061
21427200.0 272.9738344237 272.8207287592 272.5885072249 272.3820442939 271.9735442481 271.6316243774 271.3565073794 7.207928559258321 6.983951322661698 6.841068813106689 7.679024728124349 7.676422084859743 7.675346080315383 7.674787946287355
21513600.0 272.9362046292 272.785851422 272.5730473806 272.3768150335 271.9777543849 271.6386183512 271.3648824455 7.130981759522772 6.954001992824039 6.83476745051077 7.678970302046998 7.67643914615049 7.67536298762337 7.674802337770743
21600000.0 272.9785701259 272.8072117921 272.5764137497 272.3761155575 271.9803002815 271.6450473065 271.3730574265 7.219369856995411 6.971802664768097 6.836117841772745 7.6789639937709975 7.676449427990786 7.675378671150596 7.6748165195583855
21686400.0 272.9856859275 272.8185121903 272.585458305 272.3824064561 271.9843496997 271.6510186627 271.3809039011 7.237482636692289 6.9819083130222195 6.839805624579246 7.679026658746155 7.676466167067882 7.675393361892845 7.6748302578356595
21772800.0 272.9868420398 272.8232703395 272.5917319137 272.388630941 271.9898373176 271.6572049682 271.388530795 7.240536809903498 6.986319433912029 6.8424160683461235 7.679088898975954 7.676489087048839 7.67540870852055 7.674843731901973
21859200.0 272.9900152457 272.8269060738 272.5963485746 272.3938623352 271.9956926981 271.6637282661 271.3961359798 7.249089139619966 6.989755474712988 6.844365331346408 7.679141728108114 7.676513765312709 7.675425032997224 7.674857287243244
21945600.0 272.9916133686 272.8298238411 272.6004304245 272.3986744976 272.0015624121 271.6704433273 271.4037869308 7.253493344847397 6.992555210938126 6.846109204323532 7.679190918930375 7.676538747054081 7.6754419914965055 7.674871046291427
22032000.0 272.9915764228 272.831760197 272.6038755803 272.4030677388 272.0073654049 271.6772370172 271.4114729947 7.25339077541758 6.994434454199332 6.847596254315231 7.679236290416423 7.676563692982712 7.675459309898198 7.674884993485175
22118400.0 272.9918230687 272.8329221872 272.6065872311 272.4069346193 272.013019937 271.6840381186 271.4191672363 7.254076197534506 6.995570427140239 6.848776630233749 7.679276547616997 7.676588240165698 7.675476812015163 7.674899082708067
22204800.0 272.9923543745 272.8343111108 272.6091695872 272.4105459468 272.0184866632 271.6907891531 271.4268408913 7.255558142854539 6.996936472764351 6.8499089671260345 7.6793145318413565 7.676612202371972 7.675494350695276 7.674913262701466
22291200.0 272.9925641508 272.8355342941 272.6116296558 272.4140221072 272.023813115 271.6974598584 271.4344675976 7.256145326135029 6.998146995215717 6.850995250965475 7.679351446580385 7.676635775881334 7.675511844841561 7.674927484794678
22377600.0 272.9925466572 272.8365375411 272.6139085849 272.4173416837 272.0290180481 271.7040433242 271.4420302141 7.256096315031682 6.9991451424359195 6.852008214220619 7.679387004956951 7.676659030630846 7.675529272437237 7.674941715945699
22464000.0 272.9922445914 272.8373357793 272.6160094928 272.4205019322 272.0341014932 271.7105357192 271.4495191081 7.255251316700103 6.9999427525801945 6.852947787530686 7.679421135234935 7.6766819541906735 7.675546619003282 7.674955936239855
22550400.0 272.9931989559 272.8384229511 272.6180730772 272.4235490844 272.0390644251 271.7169333068 271.4569281805 7.2579293772266364 7.001033995122619 6.853876082651756 7.679454333039582 7.67670453897015 7.675563869868255 7.674970131876375
22636800.0 272.9935725925 272.8397213403 272.6203344714 272.4266726724 272.0439465394 271.723235666 271.4642526256 7.258984515883325 7.002344753531758 6.8548995853162715 7.679488724979065 7.676726960107768 7.675581019024082 7.674984291098864
22723200.0 272.9932854708 272.8405743733 272.6224213577 272.4297262134 272.0487778094 271.7294549095 271.4714912914 7.258173357052142 7.003210400074144 6.855849938714175 7.679522602460949 7.6767493494973555 7.6755980949333535 7.674998408962329
22809600.0 272.9640720558 272.8329232816 272.6220298694 272.4318466669 272.0534695432 271.7355894454 271.4786418443 7.185737753229574 6.995571499982338 6.855671228370415 7.679545742345122 7.676771276154583 7.675615089077014 7.675012478063705
22896000.0 272.9888011483 272.8348173744 272.6207660996 272.4320828985 272.0574940081 271.7415778541 271.4857062211 7.245787125720805 6.9974366413594815 6.855095684596193 7.67954755040991 7.6767901805916905 7.675631824791704 7.675026499302518
22982400.0 272.9922441488 272.8398444696 272.6244800008 272.4351813382 272.0614382247 271.7473130917 271.492642953 7.255250080201746 7.002469482895739 6.856792971464841 7.679583013210472 7.676808888075557 7.67564799030695 7.675040386434763
23068800.0 272.9938280062 272.8424354357 272.6277815829 272.4388191247 272.0658554375 271.7529652451 271.4994364488 7.2597079745799435 7.00511146542732 6.858317002461028 7.679624760028652 7.6768300490039545 7.675664054752821 7.675054102786654
23155200.0 272.9941908611 272.8442520072 272.6306251801 272.4423068868 272.0704580409 271.7586572984 271.5061453057 7.260738817179116 7.006983798660676 6.859641256296769 7.67966506184964 7.676852288162824 7.675680367824256 7.675067762304761
23241600.0 272.9858030028 272.841503213 272.631305134 272.4446861519 272.0749241447 271.764352959 271.5127942861 7.237790453267924 7.004157054608641 6.859959520765319 7.6796923187751585 7.676874034476805 7.67569682875493 7.675081413140261
23328000.0 272.9069637828 272.8012808896 272.6134126005 272.4368172187 272.0769698714 271.7695269011 271.5192628661 7.083979190211683 6.966696483334626 6.851787204381857 7.679597275974835 7.676883854734405 7.6757119025708445 7.675094803112774
23414400.0 272.8872919589 272.776009258 272.5958178821 272.4262614199 272.0767962948 271.7738499824 271.5253937289 7.056876610275224 6.946318092118636 6.844140022089009 7.679475204983934 7.676882693073957 7.675724586582599 7.675107594909095
23500800.0 272.9462527108 272.776971926 272.5826691268 272.4152846828 272.075247589 271.7775405005 271.5312499774 7.149425150850343 6.947056217273883 6.838658978842364 7.679353394451954 7.676874750192867 7.675735479452232 7.675119906482776
23587200.0 272.9814340283 272.8173534589 272.6030479224 272.4229578152 272.0750429414 271.7804748872 271.5366602783 7.226521711631935 6.980848448169672 6.847237726277319 7.679440924359782 7.676873693575108 7.675744183482741 7.675131361970808
23673600.0 272.9895039782 272.8330081586 272.6185517115 272.434685676 272.079273532 271.7837601633 271.5416835784 7.247694065088127 6.995654721668165 6.85409216646652 7.679574391546861 7.676894707817983 7.675753973805795 7.675142068772928
23760000.0 272.9923805115 272.8405532009 272.6281899843 272.4438756322 272.0852800374 271.7881579488 271.5467838766 7.255631238612262 7.003188871347295 6.858506527757855 7.679681237177914 7.676924714228796 7.6757671552610915 7.675153010063118
23846400.0 272.9702544845 272.838964079 272.6331097563 272.4503474875 272.0914523136 271.793379907 271.552227337 7.199581327194221 7.00157928055304 6.860807249388833 7.679757557120627 7.6769558305652 7.675782920784822 7.675164766503239
23932800.0 272.8872122026 272.7936775891 272.6151471984 272.4442640239 272.09522773 271.7987032698 271.5579678167 7.056772961967224 6.960337872147226 6.852561480302874 7.6796814462819905 7.676974844619598 7.675799121020869 7.675177253710876
24019200.0 272.9301559219 272.7973082146 272.6097517862 272.440055007 272.0968614998 271.8033102256 271.5636181464 7.120494213880917 6.963348497681715 6.850165376343365 7.6796313605645175 7.676982971908644 7.675813247047425 7.675189635288966
24105600.0 272.9790289663 272.8212846312 272.6166017379 272.4417543942 272.0985733085 271.8075935724 271.5691662578 7.220503591709462 6.984466907674905 6.853213655335166 7.679652311970342 7.676991607983937 7.6758264699723835 7.675201881163464
24192000.0 272.9570395726 272.8279544239 272.6265296127 272.4492748078 272.1022404662 271.8117331589 271.5745120536 7.1708068187526735 6.990757035902387 6.857737388282397 7.679742107383977 7.6770105463048495 7.675839331551838 7.675213764114679
24278400.0 272.9871808799 272.8362150287 272.6315532523 272.4542204354 272.1068286056 271.8162642476 271.579817048 7.24143810293418 6.9988237475092445 6.860075812864019 7.679801428440065 7.677034396301078 7.675853503334041 7.675225638373669
24364800.0 272.9884883937 272.8447588133 272.6394673938 272.4608418299 272.1117935626 271.8211126733 271.5852106238 7.244942555230891 7.007509141579376 6.863829502153458 7.679882858160994 7.677060453194324 7.675868777364583 7.675237795517232
24451200.0 272.9135172675 272.8127589503 272.6303714746 272.4598702138 272.116197174 271.8261840166 271.5907389519 7.093750794859648 6.976699865773285 6.8595226649857395 7.679868240501748 7.677083678783751 7.675884876377324 7.675250345864967
24537600.0 272.8021989716 272.7393260645 272.5914510738 272.4392311579 272.1148100065 271.8300781296 271.5960370948 6.967478348862338 6.920155247510408 6.8422982715481035 7.679616315899068 7.677075861557517 7.675897324337662 7.675262459557022
24624000.0 272.6797742702 272.6441520286 272.5322295757 272.4029162128 272.1066064667 271.8317204332 271.6005881546 6.884395214858482 6.866092819807943 6.819282388633759 7.679212585975295 7.677032029802861 7.67590259674276 7.6752729329149085
24710400.0 272.6609267961 272.6005576824 272.4894665743 272.3700250877 272.0946144176 271.8309416284 271.6040324253 6.874462317071166 6.846163884418156 6.804624635374197 7.678883577023905 7.676969626546923 7.67590009481514 7.675280901242528
24796800.0 272.843762637 272.6880622037 272.5154435224 272.3733187643 272.0880131273 271.8295122389 271.6065903962 7.006477767626404 6.8889543104833635 6.813352214183637 7.678918654374511 7.6769361488881955 7.6758955107314 7.675286842703703
24883200.0 272.9229423013 272.7527054511 272.5524302225 272.3920474869 272.0885363103 271.829181124 271.6088596202 7.108538995005344 6.929276804714781 6.826747571631326 7.679107227176681 7.676939021830038 7.675894450294257 7.675292130410391
24969600.0 272.9754512123 272.8047263671 272.5894720347 272.4152595813 272.0927799297 271.8297676465 271.6111173796 7.211782280833933 6.969646838915182 6.841470685621388 7.679353861311557 7.676960838162859 7.675896329084997 7.675297407265024
25056000.0 272.9645825617 272.8235246719 272.6140284714 272.4363286723 272.1016720007 271.8325975 271.6138132204 7.186854580402634 6.986557928422933 6.852061681527796 7.679590132605366 7.677006757345732 7.675905417973795 7.675303728831905
25142400.0 272.873610288 272.7793945898 272.6035617816 272.4385431664 272.1094355746 271.837415909 271.6175651819 7.039758173504463 6.948926503153195 6.847460225900476 7.679612039213232 7.677047220114806 7.675920986120979 7.675312564886119
25228800.0 272.7635801758 272.7036919336 272.5635521074 272.4184719898 272.1096799464 271.841404944 271.621731007 6.937037201832025 6.897895103494928 6.831021353046142 7.679381555902922 7.677048108732568 7.675933963503781 7.675322427705321
25315200.0 272.7217108815 272.6541330379 272.526328658 272.3942321534 272.1048919809 271.8436021867 271.62555079 6.908804032006409 6.871021536300351 6.817170442117076 7.679123640985578 7.677022620018437 7.6759411464139795 7.675331519817025
25401600.0 272.5972650108 272.5647636331 272.4691332791 272.3572685763 272.0942433262 271.8433620792 271.6285209449 6.8447551746354725 6.83149424765306 6.7981445829776 7.6787632402162735 7.676967277221505 7.675940360284634 7.675338621923674
25488000.0 272.5002915282 272.4785596137 272.4057296696 272.3127389559 272.0780318401 271.8402778907 271.6302234107 6.808197886406579 6.801112070141732 6.779672666732951 7.678374622696705 7.676885500268515 7.675930288688455 7.675342705619966
25574400.0 272.3634542982 272.3680117396 272.326746381 272.2569097603 272.0556581469 271.8339444681 271.6302879787 6.768617783056611 6.769766270608386 6.759717850842465 7.677945009021902 7.6767769766530165 7.675909758223036 7.675342860680233
25660800.0 272.7355146866 272.5600050862 272.3950164142 272.2749533393 272.0449365222 271.827553466 271.6292694924 6.917637970536292 6.829645229833583 6.776783537363425 7.678081185282882 7.676726963585621 7.675889245406638 7.675340416307946
25747200.0 272.5804962818 272.5107090685 272.3862324121 272.2718636652 272.0379847159 271.8221407887 271.6278111811 6.837771554283528 6.811722002452494 6.774460180917237 7.678058106672407 7.676695086864639 7.6758720309364525 7.675336922182208
25833600.0 272.4411853094 272.4152909551 272.3350787624 272.242688537 272.0270458833 271.8166082311 271.6260262839 6.789696996152604 6.782304322622316 6.76168518842571 7.677846699440603 7.676645455259454 7.675854583233689 7.675332654890902
25920000.0 272.3231041032 272.317149807 272.2683126587 272.1982074102 272.0098160603 271.8095515021 271.6236008016 6.758867237009378 6.757488712990896 6.746714328833536 7.677551435836754 7.67656921221432 7.67583254305801 7.67532687249217
26006400.0 272.2179804445 272.2241296733 272.197509063 272.1464844317 271.9868966066 271.800126838 271.6201105551 6.736508558281026 6.737710641414713 6.7325909421121395 7.6772428597785005 7.676471483145764 7.675803475470139 7.675318584654295
26092800.0 272.1319040113 272.143234701 272.1303406577 272.0936580205 271.9600410824 271.7881600728 271.6152456871 6.720842386153055 6.722789139372849 6.720576333161285 7.6769602343201235 7.676362016479061 7.67576716164918 7.675307097134424
26179200.0 272.1149496828 272.108643346 272.0874798371 272.0525464528 271.9330952207 271.774339052 271.6089884137 6.7179893458499444 6.716945949478661 6.7135125626230625 7.676759905890774 7.676257292107118 7.6757260266684675 7.675292431001709
26265600.0 272.0310509961 272.0417777722 272.0344023397 272.0086931288 271.9054836737 271.7590946361 271.6014429202 6.704839023618123 6.706436673764831 6.705335698175125 7.676562461317856 7.676154859644762 7.675681626869385 7.675274907026705
26352000.0 271.9506502115 271.9709929722 271.976833262 271.9617326391 271.8764814779 271.7425299777 271.5926954161 6.69355488781534 6.696300561576763 6.697101994174363 7.676367637602606 7.676052206817398 7.675634499130373 7.675254809291759
26438400.0 271.8788298493 271.904504617 271.9200188599 271.9141241336 271.8462161412 271.724704869 271.5828056033 6.684394200671591 6.68757788077803 6.68954978798228 7.676185677309158 7.675950110172241 7.675585039171397 7.675232363991965
26524800.0 271.8199598852 271.8470333932 271.8678621636 271.8685265243 271.8154180466 271.7058050814 271.5718517561 6.677445535016706 6.680582622366693 6.683063447185177 7.676024430224718 7.675851122299075 7.675533963747546 7.675207840336194
26611200.0 271.755648179 271.7878720365 271.8159199847 271.8233704964 271.7842554362 271.686009011 271.5599266371 6.670363354092977 6.673849230786318 6.676985626453423 7.675875953679848 7.675755643824372 7.67548191510705 7.675181535866032
26697600.0 271.6939587355 271.7302270565 271.7648631618 271.7787037919 271.7528190772 271.6654584148 271.5471236647 6.664015759904902 6.667697535215043 6.671347771843345 7.675738954307877 7.675663766956922 7.675429387350289 7.675153741518506
26784000.0 271.6393219665 271.677510183 271.7166425578 271.7355854264 271.7214120041 271.6443112395 271.5335411694 6.658721698768983 6.662391002186135 6.666302145359999 7.675615118852819 7.675576127922453 7.675376868545508 7.675124748139252
26870400.0 271.5995753076 271.6355742302 271.6749357812 271.696278422 271.690746926 271.6228247016 271.5193069181 6.655047567613371 6.658369096839101 6.662139170308603 7.675508783927324 7.675494300841247 7.675325033352797 7.675094894676981
26956800.0 271.5282929814 271.575285254 271.6252356078 271.6537631043 271.6598020945 271.6009918647 271.5045031265 6.648799934158068 6.652871036414009 6.657403147272765 7.67540022865519 7.675415230624348 7.6752738720409015 7.675064408202269
27043200.0 271.4852446706 271.5301852958 271.5817814855 271.613777119 271.6290747262 271.5788823762 271.4891991506 6.645222832659069 6.648960440522322 6.653448179845915 7.675303741598461 7.675339984452951 7.675223547231894 7.675033477182971
27129600.0 271.4437928871 271.4888584589 271.541831337 271.5762545903 271.5989882767 271.5566467569 271.4734797345 6.641907145272038 6.645517763905065 6.649954488681061 7.675217763163986 7.675269272328472 7.675174378666928 7.675002308986641
27216000.0 271.3924925753 271.4420411685 271.5000016333 271.538444194 271.569210163 271.5343375879 271.4574162522 6.637967246649882 6.64176969141741 6.646433281855202 7.675135280577339 7.675202003417435 7.675126441107807 7.674971071483397
27302400.0 271.3445955522 271.3966035399 271.4586033799 271.5008713947 271.5396077094 271.5119591837 271.4410578323 6.63444137177088 6.63827658482842 6.643077817495083 7.675057155306906 7.675137660149972 7.675079698996733 7.674939878908429
27388800.0 271.3071691138 271.3583235765 271.4211933534 271.4655027777 271.510550684 271.4895894175 271.4244579952 6.631782494771175 6.635437471981228 6.640149878818845 7.674986868529075 7.675076819503251 7.675034265217199 7.674908845559454
27475200.0 271.2769246656 271.3262186728 271.3881940109 271.4330980643 271.4824751743 271.4673823618 271.4076936949 6.62969232878226 6.633125599569139 6.6376449508744235 7.674925068928272 7.675020098418474 7.674990386307096 7.674878119776745
27561600.0 271.2480568551 271.2964338424 271.3577766606 271.402967363 271.455517927 271.4454840167 271.3908552752 6.627743990883447 6.631034735185627 6.6353975691873535 7.674869711132801 7.674967449090806 7.6749482646360665 7.674847862267868
27648000.0 271.20854641 271.2603344287 271.32488432 271.3723005281 271.4291517522 271.4238947598 271.3740042273 6.62514814012875 6.628567167460873 6.633030835496159 7.674815350932612 7.6749175896598265 7.674907809587537 7.674818170696504
27734400.0 271.1714789266 271.2248600617 271.2919262102 271.3416148861 271.4031283174 271.4025559958 271.3571671432 6.622783837857319 6.626210262960869 6.630722692191631 7.67476284929582 7.674869891192238 7.674868830490529 7.674789075006815
27820800.0 271.1068151156 271.1711762551 271.2491356703 271.3057688277 271.3762058802 271.3811830546 271.3402921197 6.618814440226815 6.622764806246021 6.6278160026128745 7.674703806107156 7.674822056362046 7.674830755009822 7.674760470454353
27907200.0 271.0582372299 271.1246954878 271.2077229185 271.2692726239 271.348504703 271.3595830414 271.3232984197 6.615954364967415 6.619892988809572 6.625094880680827 7.674646054986382 7.674774368530049 7.674793221415087 7.674732212061255
27993600.0 271.011374908 271.0802649722 271.1674172293 271.2330150863 271.3203715093 271.3377055557 271.3061252028 6.613288173350185 6.617238790634903 6.622528806702664 7.674590908281644 7.674727452151148 7.674756140224983 7.674704197430499
28080000.0 270.9453496111 271.0234187605 271.1205285472 271.1932113033 271.291193093 271.3154075037 271.2887016175 6.609676992080257 6.613964974907585 6.619640364426809 7.674532792217255 7.674680332026854 7.674719278740871 7.674676315785509
28166400.0 270.8724100565 270.959607764 271.0681077097 271.1494242304 271.2604112944 271.2924646862 271.270926676 6.605871667775926 6.610442981332128 6.616527386047626 7.674471604944571 7.674632241677929 7.674682297946698 7.67464841791054
28252800.0 270.8228006492 270.9096826249 271.0215049761 271.1074447382 271.2289243229 271.2688885114 271.2527378303 6.603386374254395 6.607792991091508 6.613857046423753 7.674415449614514 7.674584683565498 7.674645259255661 7.674620424959841
28339200.0 270.7904885413 270.8735240528 270.9834939115 271.0702662248 271.1980261502 271.2449652417 271.2341688851 6.601809957742087 6.605928406907955 6.6117431212891615 7.67436763599297 7.674539540535393 7.674608635530629 7.674592408924476
28425600.0 270.7709005445 270.8485687169 270.9537841146 271.0387360244 271.1687326116 271.2211164824 271.2153498238 6.600869992131222 6.6046672522091425 6.610129216830604 7.674328422600304 7.674498070343578 7.6745730524483236 7.674564577845439
28512000.0 270.7609902768 270.8325687637 270.9313792836 271.0127570699 271.1416619833 271.1977658957 271.1964717061 6.600398840715841 6.603869412037191 6.608933639995566 7.674296991977638 7.674460845094378 7.674539075806757 7.674537211523903
28598400.0 270.7338690214 270.8072522278 270.9062313161 270.9871045185 271.1160845813 271.175063695 271.1776943797 6.599124305958018 6.602623739229156 6.607613074002758 7.674266729057165 7.674426605227963 7.674506831953471 7.674510523888681
28684800.0 270.7048371206 270.7794508227 270.8795690807 270.9610762492 271.0913399516 271.1529607992 271.1591055898 6.597783553836658 6.6012788595804945 6.606237025951227 7.674236772562914 7.674394310404657 7.6744761610467505 7.674484612367744
28771200.0 270.6718658666 270.7486271814 270.8510695006 270.9341675627 271.066937799 271.1313176443 271.1407257254 6.596289544413008 6.599815171927324 6.604792706381161 7.674206566062542 7.674363233575312 7.67444679503701 7.674459475157228
28857600.0 270.6467521827 270.7225113595 270.8247540574 270.9082906561 271.0429983456 271.1100627353 271.1225517103 6.59517144355626 6.598596921982685 6.603482727621096 7.674178214642901 7.674333462758937 7.674418577300632 7.674435078724475
28944000.0 270.6195389868 270.6958208285 270.7986826301 270.8828761922 271.0195070278 271.0891580494 271.1045763777 6.593978712406243 6.5973720133713165 6.602206646593376 7.674151016018312 7.67430491564636 7.674391406335312 7.67441138603974
29030400.0 270.6000801164 270.6743295313 270.7756245027 270.8592749543 270.9967292612 271.0686358265 271.0868075031 6.593137582018514 6.596400146276221 6.601095614965379 7.674126307050249 7.674277844360236 7.674365276546663 7.67438838130116
29116800.0 270.5715831791 270.6478117263 270.750669554 270.8352401337 270.9743621887 271.0484674699 271.0692468777 6.591923000202334 6.595218275678153 6.599911282289089 7.674101680256672 7.67425182669505 7.674340106852139 7.674366041784843
29203200.0 270.552389093 270.6267771104 270.7284114703 270.8126421687 270.9525825422 271.0286621799 271.0519000853 6.591116210864444 6.594294068476971 6.59887042577673 7.674078994946575 7.674227013444325 7.674315867562519 7.674344350558505
29289600.0 270.5478129806 270.6165216679 270.7127613453 270.7940161911 270.9320872619 271.009370726 271.0348110569 6.590925181333589 6.593847650923176 6.598147132119505 7.67406062174061 7.674204117534146 7.674292699066634 7.674323338182031
29376000.0 270.5260139822 270.5968728465 270.6937967617 270.7748260919 270.9123657436 270.9906125526 271.0180162915 6.590022055513458 6.592999868408339 6.597279938319268 7.674042010414793 7.67418249184344 7.6742705778372695 7.674303023983236
29462400.0 270.5218215783 270.5876675117 270.6800629862 270.7584829223 270.8937627565 270.9724555036 271.0015570848 6.589849655273333 6.592606047493353 6.59665818003494 7.674026393851861 7.674162446665914 7.674249537512907 7.674283431465286
29548800.0 270.5235278371 270.5843120533 270.6709241146 270.745480727 270.8766746546 270.955034742 270.9854957981 6.589919770308591 6.5924630223593335 6.596247309702324 7.674014118644106 7.674144328358154 7.674229685738612 7.674264607004354
29635200.0 270.5160811729 270.5761970751 270.660626696 270.7329752412 270.8607391996 270.9383818835 270.9698832947 6.589614266152006 6.5921182816089035 6.595787066929968 7.674002444768105 7.6741276816197255 7.674211008655889 7.674246580996779
29721600.0 270.5203318995 270.5753806461 270.6543891411 270.7230184964 270.8461354675 270.922546081 270.9547657616 6.589788495943638 6.592083688331095 6.595509666286437 7.673993232841257 7.674112632331571 7.674193513436907 7.674229376887997
29808000.0 270.493583144 270.555228454 270.6387778605 270.708956126 270.8315791596 270.9073139356 270.9401214772 6.588699087962608 6.591234993825897 6.594819927974771 7.673980374066213 7.674097827373375 7.6741769240517765 7.674212941374989
29894400.0 270.4977833479 270.5525423858 270.6306561222 270.6979683964 270.8177225871 270.892642766 270.9259257726 6.588869059855188 6.591122618801069 6.594463631350014 7.673970421861871 7.674083909546557 7.674161162563894 7.67419722104891
29980800.0 270.4805347056 270.5383615728 270.6179502596 270.685380558 270.8040887463 270.8784323072 270.9121411722 6.588173611701919 6.5905322237888555 6.593909674604704 7.673959140636859 7.674070380652356 7.674146094962898 7.674182151586326
30067200.0 270.4347493196 270.5032596959 270.592890407 270.6659246762 270.7891394581 270.8643005021 270.8986493879 6.58635984625338 6.589091281652792 6.592829231392919 7.673941951247618 7.674055733866698 7.6741313011838574 7.674167585382942
30153600.0 270.3834437625 270.4604903061 270.560481124 270.6406974237 270.7720659903 270.8497920995 270.8852587674 6.584381150641665 6.587373862706264 6.591455251015426 7.673920072688657 7.674039239817056 7.674116306983347 7.674153304276875
30240000.0 270.345492563 270.4246744307 270.5295352583 270.6144306146 270.7534093932 270.8346917108 270.8717915079 6.5829525689828206 6.585966883596778 6.590167177233526 7.673897760504508 7.674021492523519 7.674100905513324 7.674139114975531
30326400.0 270.324458194 270.4009580695 270.5050437962 270.590983562 270.7343921068 270.8191123718 270.8581642227 6.5821732098510575 6.58505039130679 6.5891638267374235 7.673878230645625 7.674003690022079 7.674085229899055 7.67412493103768
30412800.0 270.2929769861 270.3723067672 270.4792279032 270.5673927032 270.71515191 270.8031822486 270.8443579861 6.581022901135827 6.583958890768016 6.588121197496875 7.67385894978751 7.673985968367482 7.674069421890687 7.674110736079413
30499200.0 270.2881506516 270.3608570498 270.462601993 270.5486269587 270.696776853 270.7871944381 270.830432577 6.580848229518195 6.583527413903525 6.5874576946802685 7.673843857177724 7.673969307390544 7.674053776287929 7.6740965940249115
30585600.0 270.3002100728 270.3638347193 270.4561532961 270.53656851 270.6804413583 270.7715969688 270.8165375674 6.581285506937634 6.583639369882672 6.587201996790178 7.6738342633557375 7.673954705783294 7.674038720419272 7.674082655278064
30672000.0 270.3051860233 270.3651059363 270.4516602058 270.5275542895 270.6661138125 270.7567065454 270.8028475274 6.581466746056105 6.5836872204581764 6.587024383031296 7.67382714877115 7.673942058945597 7.674024534706418 7.674069087559871
30758400.0 270.2843774582 270.3493640305 270.4389135075 270.5153202115 270.6523714912 270.7424470445 270.7894521474 6.580711980037467 6.5830969695598425 6.586522906499139 7.673817590790767 7.673930069532653 7.674011118628363 7.6740559679939935
30844800.0 270.2664078361 270.3327429277 270.424015846 270.5013519281 270.6385867268 270.7286079284 270.7763511851 6.5800667741063315 6.582479131064667 6.585941271953555 7.673806791313259 7.673918179548768 7.673998252931287 7.674043283582983
30931200.0 270.2628268153 270.325391503 270.4135784475 270.4893361737 270.6252310057 270.7151347212 270.7635293456 6.579938916725429 6.582207605818417 6.585536608282549 7.673797589011838 7.673906786286877 7.67398587140611 7.674031007624819
31017600.0 270.2508898676 270.3140008045 270.4019570086 270.4772216957 270.6122112897 270.7019943796 270.7509720505 6.579514430620606 6.5817889773850595 6.585088754644467 7.673788399072905 7.673895798024033 7.673973930327136 7.674019115307936
31104000.0 270.2437835983 270.3053143759 270.3916792528 270.4658868527 270.5996090722 270.6891822035 270.7386715521 6.57926296989527 6.5814714273350905 6.584695043519909 7.673779876381377 7.673885271493005 7.67396241331527 7.674007589271932
31190400.0 270.2317761404 270.2938318168 270.3802497556 270.4542118311 270.5872442193 270.6766624175 270.7266160287 6.578840166468178 6.581053884778458 6.584259789182704 7.67377117659356 7.673875046568269 7.673951277279775 7.673996409149966
31276800.0 270.193090178 270.2640047052 270.358566772 270.4370622155 270.5738686061 270.6641589912 270.7147292022 6.577495530378982 6.579980946037186 6.5834414247723005 7.673758548203391 7.6738641012807145 7.673940270530918 7.673985496558071
31363200.0 270.1627233567 270.2364221334 270.3355688032 270.4177416819 270.5593374093 270.6514265387 270.7028987502 6.576458402897697 6.57900344983868 6.58258378794036 7.673744514385623 7.673852342911659 7.673929178206687 7.673974743605861
31449600.0 270.1440095453 270.2166021664 270.3161119535 270.3995290168 270.5443306708 270.6384348433 270.691045218 6.575827107716486 6.578309583088245 6.581866375238456 7.67373146540139 7.673840340592659 7.673917978843489 7.67396407603661
31536000.0 270.1263439745 270.1986954627 270.2983429663 270.382352616 270.5292869125 270.6252685836 270.679140986 6.575236560999079 6.577688717819177 6.581217623736211 7.673719318215165 7.673828449521646 7.673906749526506 7.673953468423035
