single point
       alpha_p                      0.002500000000000000    1.000000000000000    0.000000000000000
       alpha_m                      0.0004562285883600000    1.000000000000000    0.000000000000000
           n_p                      2.031904102941000    1.000000000000000    0.000000000000000
           n_m                      2.048761069520000    1.000000000000000    0.000000000000000
          wr_p                      0.2355007455668000    1.000000000000000    0.000000000000000
          wr_m                      0.1738826254056000    1.000000000000000    0.000000000000000
         tcs_p                      0.4481989483844200    1.000000000000000    0.000000000000000
         tcs_m                      0.9510723011903700    1.000000000000000    0.000000000000000
         tcd_p                      0.1081079412253100    1.000000000000000    0.000000000000000
         tcd_m                      0.9845117728301300    1.000000000000000    0.000000000000000
          af_p                      1.504792874775100    1.000000000000000    0.000000000000000
          af_m                      1.499432324579100    1.000000000000000    0.000000000000000
         auf_p                      0.4824386279160500    1.000000000000000    0.000000000000000
         auf_m                      0.6988841606510801    1.000000000000000    0.000000000000000
         por_p                      0.6574369547673200    1.000000000000000    0.000000000000000
         por_m                      0.4833660576753900    1.000000000000000    0.000000000000000
        perm_p                      4.439698503850000e-11    1.000000000000000    0.000000000000000
        perm_m                      2.500000000000000e-14    1.000000000000000    0.000000000000000
         den_p                      900.0000000000000    1.000000000000000    0.000000000000000
         den_m                      1900.000000000000    1.000000000000000    0.000000000000000
