single point
       alpha_p                      0.002500000000000000    1.000000000000000    0.000000000000000
       alpha_m                      0.0007312875145441000    1.000000000000000    0.000000000000000
           n_p                      2.039045343225000    1.000000000000000    0.000000000000000
           n_m                      2.048965735132000    1.000000000000000    0.000000000000000
          wr_p                      0.2329630843829000    1.000000000000000    0.000000000000000
          wr_m                      0.1703058267797000    1.000000000000000    0.000000000000000
         tcs_p                      0.4454064637962600    1.000000000000000    0.000000000000000
         tcs_m                      0.9514219002187499    1.000000000000000    0.000000000000000
         tcd_p                      0.1058652507022200    1.000000000000000    0.000000000000000
         tcd_m                      0.9845074727034300    1.000000000000000    0.000000000000000
          af_p                      1.504925792336800    1.000000000000000    0.000000000000000
          af_m                      1.499389148779300    1.000000000000000    0.000000000000000
         auf_p                      0.4839593498606800    1.000000000000000    0.000000000000000
         auf_m                      0.6988841603243801    1.000000000000000    0.000000000000000
         por_p                      0.6501130890157300    1.000000000000000    0.000000000000000
         por_m                      0.4839412517275700    1.000000000000000    0.000000000000000
        perm_p                      1.336660000000000e-11    1.000000000000000    0.000000000000000
        perm_m                      2.500000000000000e-14    1.000000000000000    0.000000000000000
         den_p                      900.0000000000000    1.000000000000000    0.000000000000000
         den_m                      1900.000000000000    1.000000000000000    0.000000000000000
