single point
       alpha_p                      0.009999999859968000    1.000000000000000    0.000000000000000
       alpha_m                      0.001955703747770000    1.000000000000000    0.000000000000000
           n_p                      2.049691716749000    1.000000000000000    0.000000000000000
           n_m                      2.049990687560000    1.000000000000000    0.000000000000000
          wr_p                      0.2260847528661000    1.000000000000000    0.000000000000000
          wr_m                      0.1602141182298000    1.000000000000000    0.000000000000000
         tcs_p                      0.4399345903563100    1.000000000000000    0.000000000000000
         tcs_m                      0.9520663063411100    1.000000000000000    0.000000000000000
         tcd_p                      0.1013689499255600    1.000000000000000    0.000000000000000
         tcd_m                      0.9844103753527100    1.000000000000000    0.000000000000000
          af_p                      1.505114150471200    1.000000000000000    0.000000000000000
          af_m                      1.499389146833000    1.000000000000000    0.000000000000000
         auf_p                      0.4867617444294200    1.000000000000000    0.000000000000000
         auf_m                      0.6988841607376099    1.000000000000000    0.000000000000000
         por_p                      0.6382858039290900    1.000000000000000    0.000000000000000
         por_m                      0.4812396410093100    1.000000000000000    0.000000000000000
        perm_p                      4.392636700410000e-11    1.000000000000000    0.000000000000000
        perm_m                      2.500000000000000e-14    1.000000000000000    0.000000000000000
         den_p                      900.0000000000000    1.000000000000000    0.000000000000000
         den_m                      1900.000000000000    1.000000000000000    0.000000000000000
