single point
       alpha_p                      0.002500000000000000    1.000000000000000    0.000000000000000
       alpha_m                      0.0009784235654211001    1.000000000000000    0.000000000000000
           n_p                      2.049612628081000    1.000000000000000    0.000000000000000
           n_m                      2.049947379761000    1.000000000000000    0.000000000000000
          wr_p                      0.2270875049637000    1.000000000000000    0.000000000000000
          wr_m                      0.1610551772934000    1.000000000000000    0.000000000000000
         tcs_p                      0.4402970147926200    1.000000000000000    0.000000000000000
         tcs_m                      0.9520375071465900    1.000000000000000    0.000000000000000
         tcd_p                      0.1017574314657400    1.000000000000000    0.000000000000000
         tcd_m                      0.9844073578594100    1.000000000000000    0.000000000000000
          af_p                      1.505113487047900    1.000000000000000    0.000000000000000
          af_m                      1.499389146561300    1.000000000000000    0.000000000000000
         auf_p                      0.4866125706774400    1.000000000000000    0.000000000000000
         auf_m                      0.6988841607326900    1.000000000000000    0.000000000000000
         por_p                      0.6383817726811800    1.000000000000000    0.000000000000000
         por_m                      0.4816381888911300    1.000000000000000    0.000000000000000
        perm_p                      1.336655531800000e-11    1.000000000000000    0.000000000000000
        perm_m                      2.500000000000000e-14    1.000000000000000    0.000000000000000
         den_p                      900.0000000000000    1.000000000000000    0.000000000000000
         den_m                      1900.000000000000    1.000000000000000    0.000000000000000
