single point
       alpha_p                      0.002500000000000000    1.000000000000000    0.000000000000000
       alpha_m                      0.0004562285883600000    1.000000000000000    0.000000000000000
           n_p                      2.005670137820000    1.000000000000000    0.000000000000000
           n_m                      2.048020845040000    1.000000000000000    0.000000000000000
          wr_p                      0.2349472146630000    1.000000000000000    0.000000000000000
          wr_m                      0.1797954761191000    1.000000000000000    0.000000000000000
         tcs_p                      0.4567256145108400    1.000000000000000    0.000000000000000
         tcs_m                      0.9497493636629400    1.000000000000000    0.000000000000000
         tcd_p                      0.1150742860794600    1.000000000000000    0.000000000000000
         tcd_m                      0.9845117726362800    1.000000000000000    0.000000000000000
          af_p                      1.504214250473200    1.000000000000000    0.000000000000000
          af_m                      1.499432330181100    1.000000000000000    0.000000000000000
         auf_p                      0.4785074709473000    1.000000000000000    0.000000000000000
         auf_m                      0.6988841572148800    1.000000000000000    0.000000000000000
         por_p                      0.6812190734052300    1.000000000000000    0.000000000000000
         por_m                      0.4853343034606400    1.000000000000000    0.000000000000000
        perm_p                      7.185889478090001e-11    1.000000000000000    0.000000000000000
        perm_m                      2.500000000000000e-14    1.000000000000000    0.000000000000000
         den_p                      900.0000000000000    1.000000000000000    0.000000000000000
         den_m                      1900.000000000000    1.000000000000000    0.000000000000000
