0.0 270.15 270.15 270.15 270.15 270.15 270.15 270.15 14.298656560979635 14.298656560979635 14.298656560979635 7.673568863359098 7.673568863359098 7.673568861165598 7.673568857658884
86400.0 268.8672648509 269.5100022843 269.905944798 270.0417533893 270.1332630037 270.1479514506 270.1496735955 14.298547777744277 14.298592464618945 14.298629059624368 7.673506787261808 7.673558953697119 7.67356764179589 7.673568663259919
172800.0 267.7418406978 268.7637520258 269.5106248435 269.8026265388 270.0621223066 270.1306953092 270.1448824508 14.298495630939227 14.29854183401078 14.298592515757143 7.67338437454184 7.673518089238491 7.673557437622821 7.673565814701527
259200.0 266.7465308362 268.0472985836 269.0827177642 269.513508544 269.9512934474 270.0953009479 270.1327159699 14.298465103015976 14.298507454908936 14.298561144840813 7.67325839092843 7.673458180223303 7.673536877386409 7.673558622839344
345600.0 265.7397733044 267.3180426502 268.6251714812 269.1873975024 269.8065439676 270.0401153474 270.1107466334 14.298442748019482 14.298481325896889 14.29853431285861 7.6731388109505625 7.673386090623921 7.67350577737619 7.673545785806891
432000.0 263.851386439 266.1252510134 267.9565145941 268.7391467466 269.6123822504 269.9609757179 270.0763699937 14.298414145016263 14.298450531364072 14.29850379178098 7.673004058175078 7.673298921162069 7.673463102654465 7.673526076369602
518400.0 263.1579652008 265.4207352184 267.4186088984 268.3134374227 269.3888023324 269.8585019928 270.0279941277 14.298406418074755 14.298436907773432 14.298484524210945 7.672899446580798 7.67320993469788 7.673410968597336 7.673499093997206
604800.0 262.3945692631 264.7819979675 266.9279656552 267.9091265794 269.1502658201 269.7363680972 269.9654898277 14.298399091997313 14.298426585793077 14.298469922199919 7.6728160888837325 7.67312617562393 7.673353019998999 7.67346547505493
691200.0 260.4345421671 263.5486037273 266.2015370674 267.3896410547 268.8753848883 269.5929367004 269.8883095348 14.298384405372106 14.298410630133626 14.298452176754543 7.672726742584476 7.673041530904988 7.673290169004432 7.673425783835159
777600.0 258.717581686 262.2904715125 265.3941952806 266.7927969056 268.5567370919 269.4248908465 269.7951184711 14.298374896255169 14.2983981748752 14.298436444138712 7.6726424630159915 7.672956378915048 7.6732228371360875 7.673380352066333
864000.0 257.7279313723 261.380792695 264.6914563994 266.2175840024 268.2123121383 269.2333040346 269.6852138761 14.298370402378492 14.298390868359409 14.298425251954887 7.672575132018313 7.672876929924899 7.673153290125859 7.673329989390584
950400.0 258.4655849375 261.4282876612 264.4006900427 265.8456532444 267.8945275753 269.0298466256 269.5610633098 14.298373692796117 14.298391221036415 14.298421159879243 7.672537115978579 7.672812958306619 7.6730866846620795 7.673276898842252
1036800.0 259.7444277948 261.9923921158 264.4408330176 265.6947076596 267.6424627989 268.8313977255 269.4285748548 14.29838028217884 14.298395645883218 14.298421708147266 7.672522573427479 7.67276747315781 7.673027909758707 7.673224244593639
1123200.0 260.7600179661 262.5786224647 264.6067145603 265.6773532428 267.4613830972 268.6511120673 269.2948890737 14.298386513976617 14.298400758944481 14.298424029832912 7.672520720607589 7.672737266267802 7.6729791177879205 7.673174871797438
1209600.0 261.3655041314 262.9923696327 264.7660066015 265.7075344636 267.3350976812 268.4945124532 269.1659176875 14.298390755457639 14.298404732847098 14.298426348063877 7.6725233352503395 7.672717300926953 7.672939877568169 7.673130456667905
1296000.0 261.3126776653 263.0473980165 264.7974062733 265.6994342184 267.2348191653 268.3591913287 269.0447834724 14.29839036764105 14.298405286571223 14.298426815739681 7.672522519431774 7.672702078669754 7.672908085980013 7.67309134412334
1382400.0 260.4202785655 262.5931481143 264.5939637408 265.5714991157 267.1247011779 268.2359015074 268.931071279 14.298384315499417 14.298400893046008 14.29842384809886 7.672510954033022 7.672686026889424 7.672880682777847 7.673056721654672
1468800.0 260.6783055047 262.5973895615 264.5127300726 265.4719958887 267.0143725866 268.1199077219 268.8234021843 14.298385973962858 14.298400932271294 14.298422703190914 7.672502174586509 7.6726705465688365 7.6728561579531736 7.6730256574956766
1555200.0 258.918391041 261.6685292623 264.0714626571 265.2000649688 266.8683419206 268.0015576775 268.7185839318 14.298375886664955 14.298393050901735 14.298416850910844 7.672479514766233 7.672650970949497 7.672832302069129 7.672996901615745
1641600.0 258.4832243455 261.1891585412 263.7123843905 264.9180186363 266.6961058351 267.8755795769 268.6133057768 14.29837377565109 14.298389474593344 14.298412502659792 7.672457567054288 7.672629057073256 7.672808113975614 7.672969390051778
1728000.0 259.4755537282 261.5267523281 263.6960061595 264.7967124628 266.5435402889 267.7480495609 268.5071416133 14.298378791484128 14.298391961619245 14.298412312410145 7.672448482869972 7.672610587026176 7.6727848054372405 7.672942941561003
1814400.0 259.4820122551 261.562450669 263.6502845101 264.7052236954 266.4123383706 267.6245180966 268.4013977588 14.298378826579093 14.29839223331522 14.298411784863832 7.672441823648352 7.672595372114317 7.672763278997613 7.672917802392691
1900800.0 258.3088174206 260.9417454755 263.3403323941 264.4957471597 266.2682881179 267.501619264 268.2960693337 14.298372965330877 14.29838774159931 14.298408341598893 7.672427285287031 7.672579379529632 7.6727428203356585 7.6728938777645395
1987200.0 259.5760102663 261.4090363319 263.4081950857 264.4419341063 266.148282561 267.3835233073 268.1921138522 14.298379341326514 14.298391077730905 14.298409076260324 7.672423570320066 7.6725665464560615 7.672724003229687 7.672871286404562
2073600.0 261.3043756591 262.3677228279 263.778962967 264.582136291 266.0887176549 267.2813723919 268.0930493226 14.298390307018414 14.298398853732703 14.298413283067058 7.6724329802776605 7.6725602908481205 7.672708352855103 7.672850643647321
2160000.0 260.9605465883 262.4126629751 263.8771236862 264.6499029984 266.0538245816 267.196296475 268.0014941064 14.29838787075465 14.298399253264611 14.29841445465636 7.672437679404719 7.67255666302469 7.672695738669775 7.672832289557518
2246400.0 262.4479430356 263.1945157866 264.2248438617 264.8305622215 266.057955071 267.130934219 267.9197245342 14.298399569336024 14.298406797796428 14.298418817796959 7.6724505951578585 7.672557025933544 7.672686295732711 7.6728164539427945
2332800.0 261.7077480577 263.0124745361 264.246938457 264.8862460312 266.0620394948 267.0796697865 267.847794117 14.298393357119021 14.298404934436002 14.298419106855574 7.672454724532831 7.672557408997588 7.67267903540542 7.672802937690084
2419200.0 261.3737570732 262.8162544496 264.1829258879 264.8688324653 266.0493996913 267.0345582111 267.7836977406 14.298390816367101 14.298403001382813 14.298418273404298 7.672453448266802 7.672556105360909 7.672672749704194 7.672791206446353
2505600.0 261.6359125096 262.9047258689 264.2022801218 264.8702476264 266.031202874 266.9923579223 267.7253617486 14.29839279786231 14.298403863548732 14.298418524104482 7.672453545107916 7.672554245849882 7.672666955140195 7.672780776515923
2592000.0 261.7010385673 262.9541988578 264.2218785496 264.8748250767 266.012082473 266.9523087095 267.6713806949 14.298393304578553 14.298404352360551 14.298418779113458 7.672453876018604 7.672552303409149 7.6726615307726656 7.672771328042194
2678400.0 261.5016513256 262.8614745264 264.183535859 264.8513842539 265.9871088761 266.9130317961 267.6205874887 14.298391771605433 14.298403440152756 14.298418281288873 7.672452141739127 7.672549790052238 7.672656280379535 7.672762610239776
2764800.0 261.6388982646 262.9057098032 264.1850895999 264.8395640629 265.9611243325 266.8743805951 267.5722183827 14.298392820967877 14.298403873218012 14.29841830137319 7.672451261491301 7.672547193967655 7.672651179418612 7.672754459798717
2851200.0 261.7409815061 262.9621443523 264.2004579742 264.8371638204 265.9372309544 266.8369444432 267.5259489856 14.298393618291607 14.298404431321039 14.29841850045713 7.672451074298176 7.672544822048221 7.672646299866532 7.672746797666425
2937600.0 262.7152914589 263.4694831122 264.4069355314 264.932615861 265.9365367891 266.8053883794 267.4827589623 14.298402035825058 14.29840974883311 14.298421244837618 7.672458142583553 7.67254473371654 7.672642232607063 7.672739761220476
3024000.0 263.0670707266 263.772385085 264.5863196979 265.0443724628 265.9556291486 266.782605748 267.4440348878 14.298405486031228 14.298413205457848 14.298423739410273 7.672466661984831 7.672546598172564 7.672639321851391 7.672733545210988
3110400.0 262.474040139 263.5554563332 264.5545059221 265.0604747246 265.966427821 266.7646809614 267.4096343304 14.298399804515642 14.29841070716918 14.298423289205465 7.672467927908699 7.672547659831525 7.672637046715348 7.672728095339207
3196800.0 260.2972355225 262.401689329 264.0785193458 264.8304692491 265.9170970711 266.7378140832 267.3758623151 14.298383548732401 14.298399155392616 14.298416939903927 7.672450621422138 7.672542811320361 7.672633661013946 7.672722809806778
3283200.0 258.3875838424 261.1377946754 263.418038866 264.4332407062 265.7906773131 266.6881704287 267.3367202608 14.29837332884997 14.298389108786003 14.298409183699617 7.672422901119679 7.672530685972932 7.672627480990369 7.672716762605419
3369600.0 259.00079312 261.0997439315 263.1807774635 264.185493956 265.6473434075 266.6184202136 267.2890487508 14.298376301456097 14.298388839856322 14.298406654739503 7.672406804083973 7.672517424834889 7.6726189606895625 7.6727095094984
3456000.0 257.6717450912 260.3495624469 262.7476101921 263.8725507554 265.4813280386 266.5307315655 267.2315304093 14.298370164980737 14.29838387296247 14.298402342807217 7.67238778072163 7.672502695768918 7.672608510334567 7.672700917682749
3542400.0 259.0171255903 260.8083264029 262.7642338161 263.7624738066 265.3428974641 266.4362304787 267.1661365893 14.298376384260076 14.298386836689685 14.298402501473946 7.672381316182783 7.672490881826378 7.6725975614296615 7.672691355161435
3628800.0 260.0503956789 261.3976158614 262.958027365 263.7967647929 265.2549655262 266.3479561188 267.0974509303 14.298382055124792 14.298390992944627 14.298404390393909 7.672383213007367 7.672483574146418 7.672587615719236 7.67268153937261
3715200.0 260.5791424319 261.7900400637 263.142172128 263.8747762317 265.2084909967 266.2730728024 267.0301670646 14.298385328313636 14.298394006707348 14.298406254882524 7.672387712973256 7.672479761347415 7.672579383988787 7.67267214293198
3801600.0 260.8320405972 262.0128965397 263.2729233447 263.9474994577 265.186260415 266.2124815705 266.9673841012 14.298386996057548 14.298395815398408 14.298407622107462 7.672391998837159 7.672477941992837 7.67257285672353 7.672663564166695
3888000.0 261.7949125743 262.5644424831 263.534167745 264.0896112752 265.194377898 266.1676612366 266.9113604645 14.298394045473708 14.298400628405995 14.298410468228933 7.672400590292037 7.672478567635888 7.672568103148598 7.672656058465608
3974400.0 262.0511918654 262.8377971194 263.7227309453 264.219823703 265.2207235106 266.1375343431 266.8632813789 14.29839613371345 14.298403209919321 14.298412623197553 7.672408726893838 7.672480674901814 7.672564942954421 7.672649726494034
4060800.0 262.4350411288 263.1187315455 263.9036987767 264.3479700252 265.2587519475 266.1199517374 266.823394417 14.298399453502238 14.29840601364128 14.298414776234866 7.672416980564099 7.672483757015076 7.6725631114441954 7.67264454830362
4147200.0 263.2734494603 263.6338650599 264.1817739384 264.5265841495 265.3163954417 266.1151068169 266.7919708984 14.298407627678294 14.298411596685717 14.298418258514753 7.672428902565392 7.672488496947975 7.672562608420698 7.672640515769762
4233600.0 263.5119774649 263.9016898392 264.3884102813 264.68685033 265.3843330154 266.1215998523 266.7689249908 14.298410220320537 14.298414751860882 14.298420993187714 7.672440051805183 7.672494183607152 7.672563282724822 7.67263758420951
4320000.0 263.0046984018 263.7346013288 264.4019323587 264.7494248132 265.4380908201 266.1333886269 266.7527150381 14.298404856367869 14.29841276181821 14.29842117677021 7.672444538898688 7.672498762447655 7.672564510262433 7.67263553519641
4406400.0 260.9539819722 262.6675800627 263.9877585459 264.572046767 265.430085798 266.1362799486 266.7387361376 14.298387825607966 14.298401586181155 14.298415806029285 7.672432092650822 7.6724980882445495 7.672564811979363 7.672633776725897
4492800.0 259.9946425609 261.9203079272 263.5704573905 264.3187657677 265.3645050274 266.1205663956 266.7215273077 14.298381725744573 14.298395054998968 14.298410876193577 7.672415179214504 7.67249253803456 7.67256317531546 7.6726316227230225
4579200.0 259.7438472723 261.5802933617 263.2918465296 264.1008830201 265.2707544043 266.0859620259 266.6975876514 14.298380278896257 14.298392369755986 14.29840782305897 7.672401378653365 7.672484756876014 7.672559597384542 7.672628645825621
4665600.0 259.5171822215 261.3417116981 263.0800906728 263.9180001017 265.1675093383 266.036726676 266.6658628115 14.298379018320245 14.298390580346123 14.298405618475526 7.672390297845012 7.672476396705541 7.672554568217462 7.672624735569784
4752000.0 259.9125771928 261.4504430654 263.0290915419 263.8216573782 265.0766346942 265.9803023065 266.6275894533 14.298381246098492 14.298391386555137 14.298405101675693 7.672384614331776 7.672469210514714 7.672548891823482 7.672620070086017
4838400.0 259.9817071755 261.48173944 262.9941588972 263.7577872861 265.000447709 265.9223561125 266.5849539258 14.29838164972885 14.298391621467049 14.298404750757898 7.67238090997635 7.672463306910657 7.6725431569265385 7.6726149385363485
4924800.0 260.493735372 261.7320790623 263.0627965312 263.7572665631 264.9464485561 265.8680001325 266.5405509563 14.298384780568275 14.298393548178161 14.298405442624631 7.6723808524595 7.672459183490847 7.672537862437317 7.672609666429489
5011200.0 260.9669613605 262.0211490974 263.1826777396 263.803194888 264.9166379456 265.821140939 266.4969508998 14.298387914913373 14.298395883803636 14.298406674498747 7.67238347144596 7.672456922756864 7.672533362808149 7.672604559869368
5097600.0 261.0843590335 262.1477254312 263.2589536985 263.8448851626 264.9012618151 265.7824584475 266.4559121252 14.29838873161391 14.298396946213552 14.298407474257326 7.672385882814726 7.6724557580707335 7.672529692572237 7.672599815612004
5184000.0 261.6384597739 262.465025541 263.4088478454 263.9257081912 264.9034315817 265.7528551928 266.4187466962 14.298392817570562 14.2983997231458 14.29840908337365 7.672390627639708 7.672455907526993 7.6725269103816585 7.672595570318236
5270400.0 261.8143391767 262.6364299993 263.5223716228 264.0022175297 264.9166606151 265.7318271599 266.3861786021 14.298394200367058 14.298401294872537 14.29841033629455 7.672395206884278 7.672456888300631 7.672524947944479 7.672591889494836
5356800.0 261.8497606697 262.7061662805 263.5892822574 264.0573041361 264.9325571704 265.7172899666 266.3581610783 14.298394484211782 14.298401949502658 14.298411089070745 7.672398557282832 7.672458076595752 7.672523597922002 7.672588751937965
5443200.0 261.6030261614 262.6061661148 263.5741656438 264.0669741347 264.9405394972 265.7056084832 266.3337614316 14.298392544223733 14.298401013545524 14.298410918057677 7.672399156166141 7.672458675503111 7.672522517021809 7.672586041084251
5529600.0 261.9106310654 262.7456611597 263.6328818451 264.1001629402 264.9488476521 265.695865493 266.312178476 14.298394976267943 14.298402324239904 14.298411585435696 7.672401196030034 7.6724592999820675 7.6725216181484726 7.672583659707751
5616000.0 261.9341152358 262.7931069374 263.6706573418 264.1286454953 264.9574125943 265.6877256532 266.2928786748 14.298395167575665 14.298402778307324 14.29841201928495 7.672402961206116 7.672459945597515 7.672520869024822 7.672581543263759
5702400.0 262.1871756605 262.9388262793 263.7448049814 264.1742607666 264.9701923501 265.6817637467 266.2757066581 14.298397282490388 14.298404199953044 14.298412881266024 7.672405809586529 7.6724609125367085 7.6725203214049635 7.6725796704041285
5788800.0 262.5890401064 263.1845929807 263.8708073022 264.2508903194 264.9929763717 265.6796059443 266.2610024761 14.298400855082765 14.298406694430088 14.298414378506786 7.672410662383676 7.672462645868554 7.672520123422318 7.672578074305551
5875200.0 262.9083095117 263.4156288451 264.0080750989 264.3432574891 265.0261658289 265.6825290798 266.2493245225 14.2984038987903 14.298409157375206 14.298416057832164 7.672416631143349 7.672465190829187 7.672520391654697 7.672576811667125
5961600.0 263.145801928 263.6056035116 264.1358644256 264.4374464533 265.0667167262 265.6907442288 266.2410806278 14.298406292342225 14.298411274335965 14.298417668401749 7.672422854897433 7.6724683314646525 7.67252114663249 7.672575922962777
6048000.0 263.0550055905 263.6199580467 264.191440504 264.4980575184 265.1048772739 265.7023352017 266.2360298401 14.298405363606777 14.298411437815025 14.298418383558895 7.672426938891962 7.672471318872578 7.672522214766126 7.672575379551937
6134400.0 263.3159012969 263.7717596378 264.2841076736 264.5682679745 265.1436356806 265.7164103776 266.2337741985 14.298408079661433 14.298413198083189 14.298419596476887 7.672431739170171 7.672474383495563 7.672523516411338 7.67257513713167
6220800.0 263.5559100243 263.9426875727 264.3927717217 264.6487996756 265.1857774948 265.7330670685 266.2341014896 14.298410712274714 14.298415251476548 14.298421052337966 7.672437344746802 7.672477750499298 7.67252506334376 7.672575172295019
6307200.0 263.8526545375 264.1491660298 264.5217485545 264.7428539738 265.2335686133 265.7529143819 266.2370540173 14.29841416023088 14.298417838745552 14.298422829203895 7.672444031199572 7.672481613522724 7.672526915918323 7.672575489674311
6393600.0 264.0587550627 264.319622912 264.6433128716 264.8379973005 265.2856534741 265.7761251522 266.242715361 14.29841669100757 14.298420068257514 14.298424554581063 7.672450955031408 7.672485879159283 7.67252909542545 7.672576099015228
6480000.0 264.2514466275 264.4764377235 264.7591788519 264.9316974595 265.3404310959 265.8024369268 266.2510698123 14.298419166018574 14.298422198794784 14.298426246845558 7.672457935778804 7.672490429089837 7.6725315832011445 7.672577000091688
6566400.0 264.4425236023 264.6295016134 264.8727660241 265.0245828125 265.3970615142 265.8314612469 266.2620033328 14.298421731354816 14.29842435601341 14.29842795303076 7.672465019514888 7.672495202920974 7.672534348733627 7.6725781827250765
6652800.0 264.5963839628 264.7626733678 264.9779345981 265.1135469615 265.4543719961 265.8626886338 266.2753120472 14.29842388255006 14.298426298627524 14.298429576157027 7.672471962549472 7.6725001080879425 7.672537349418001 7.672579627476943
6739200.0 264.6200753926 264.8242896499 265.0514415008 265.1860080994 265.5088050226 265.8950371534 266.2905894022 14.298424220866556 14.298427219025847 14.298430736317837 7.6724777369198 7.672504837741213 7.672540485781914 7.6725812930267425
6825600.0 264.7251662133 264.9094922564 265.1253168257 265.2539056297 265.5605413952 265.9277353708 266.3073743741 14.29842574512649 14.298428515015523 14.298431924275441 7.672483245943934 7.672509398013929 7.67254368533403 7.6725831317379996
6912000.0 264.8957237405 265.0318910443 265.2130184852 265.3268523463 265.6119678317 265.9607602968 266.3253687605 14.298428303725467 14.298430425651533 14.298433364023177 7.672489273028588 7.672513994590037 7.6725469471651975 7.67258511323362
6998400.0 264.9927914863 265.1252411955 265.2920402687 265.3966711504 265.6628262041 265.994094802 266.3443823926 14.298429808914543 14.29843192304527 14.29843468952424 7.672495151229407 7.672518604264614 7.672550270895406 7.672587218647576
7084800.0 264.9874980846 265.1595586164 265.3445179484 265.4524568969 265.7103456548 266.0271344902 266.3641338946 14.298429725887475 14.298432482544191 14.298435584994046 7.672499927821661 7.672522970224949 7.672553596718099 7.6725894185792685
7171200.0 265.014309076 265.1951878342 265.389463076 265.5002513037 265.7539448872 266.0592656658 266.3842718175 14.29843014756886 14.298433068667102 14.29843636181278 7.672504077197893 7.672527026983517 7.6725568615797615 7.672591675118662
7257600.0 265.1093791346 265.2641239898 265.4443566692 265.5500298926 265.795549498 266.0904430936 266.4045491954 14.298431666092238 14.298434218145172 14.29843732318285 7.672508454876139 7.672530944132526 7.672560058678619 7.672593961241449
7344000.0 265.3029167841 265.3906367658 265.5246951225 265.6124370939 265.838789281 266.1214063089 266.4249928115 14.298434874113822 14.298436382222166 14.298438755785389 7.672514025640573 7.672535063280783 7.672563262608114 7.672596280425478
7430400.0 265.6097824327 265.5897744073 265.6423288427 265.6968963856 265.8880830582 266.1536083655 266.4459887044 14.298440307230216 14.298439939191994 14.298440910205848 7.6725217168511755 7.672539819929502 7.672566625580814 7.6725986773633235
7516800.0 265.5611258694 265.6263002538 265.704997144 265.7610294715 265.9370034243 266.1867994684 266.4677147998 14.29843941568039 14.298440612580645 14.29844208647363 7.672527679761513 7.672544607061139 7.672570125238406 7.6726011739274504
7603200.0 266.1113618989 265.9332406236 265.8659597162 265.8689631949 265.9949649863 266.2225240858 266.4906540623 14.298450235733915 14.298446547792173 14.298445202888807 7.672537956065145 7.672550365187058 7.672573930470794 7.6726038280339655
7689600.0 265.9177096232 265.9222993745 265.9229281972 265.9381499896 266.0509138871 266.2598285376 266.5148769898 14.298446235060709 14.298446327336379 14.298446339988669 7.672544711314937 7.672556015802599 7.67257794717874 7.672606651088107
7776000.0 265.8953724841 265.9270822699 265.9607262207 265.9879845822 266.1008253689 266.296977746 266.5399612022 14.298445787685935 14.29844642362126 14.298447104645906 7.672549660351912 7.672561134975346 7.672581991747987 7.6726095968916805
7862400.0 265.9355447637 265.9624183319 266.0023351421 266.0333147971 266.1459700319 266.3329997628 266.5653780376 14.298446594309256 14.298447139071607 14.298447955988857 7.6725542236358795 7.672565829936678 7.672585956778797 7.672612605238875
7948800.0 267.5656091643 266.823533453 266.3836940091 266.2449514005 266.2247427296 266.3750616058 266.5926335652 14.298489411914845 14.298467113697498 14.298456259632577 7.672576347198245 7.672574169831705 7.672590641369106 7.672615857795771
8035200.0 266.9422407211 266.7243928599 266.4670277056 266.3577698205 266.3055112932 266.4225260927 266.6226043036 14.298470313624165 14.298464534096356 14.298458203617093 7.672588715341145 7.672582927651074 7.672595999830611 7.6726194665319
8121600.0 266.715517598 266.6170055453 266.4778314277 266.4114658825 266.3727491068 266.4709248721 266.6546435007 14.298464307139133 14.298461830464529 14.298458459288957 7.672594747380415 7.672590382502397 7.672601544210507 7.672623362101867
8208000.0 266.6274639238 266.5653640662 266.4834778137 266.444289091 266.4266424684 266.5169733409 266.6874495463 14.298462089756796 14.298460562513855 14.298458593250256 7.672598483859075 7.672596468474838 7.672606896404179 7.672627391970814
8294400.0 266.5282929376 266.5140622404 266.4809172102 266.4644077722 266.4697273918 266.5591171849 266.7198103235 14.298459664813167 14.298459322940007 14.298458532474648 7.672600793018425 7.672601406491397 7.672611861993421 7.672631408457487
8380800.0 266.8667315481 266.6858251777 266.5642445542 266.5213746688 266.5141811228 266.5988770224 266.7513724461 14.298468263812964 14.298463552495368 14.298460535252474 7.672607412906158 7.672606570082526 7.6726166067703 7.672635365960166
8467200.0 266.7653503098 266.6829127876 266.5978344987 266.5630759961 266.5566721149 266.6368662757 266.7820998135 14.29846558983275 14.29846347885713 14.298461357370867 7.672612332513669 7.672611572470622 7.672621195755743 7.672639257450992
8553600.0 267.1398445274 266.8883168962 266.705880672 266.6376883695 266.6046218638 266.6748181384 266.8123960872 14.298475928028434 14.298468844607251 14.29846406142975 7.672621298542397 7.6726172973573155 7.672625835379295 7.672643132240429
8640000.0 266.9618565355 266.8561387988 266.7361592745 266.683080729 266.6499506597 266.7123965136 266.8424219564 14.2984708545239 14.298467980293312 14.298464835972982 7.672626855015408 7.672622789112445 7.6726304846282725 7.672647010113274
8726400.0 273.234875869 270.4759049153 268.1095852781 267.2752239603 266.7543978574 266.7538440912 266.8726799944 17.101515438627285 14.298701331015222 14.298510046461235 7.672707973894252 7.672635752781059 7.672635677567088 7.67265095646085
8812800.0 273.2373151401 271.843668175 269.304153456 268.1743638938 267.0696308271 266.8424408361 266.91245529 18.345917226230913 14.299142842125804 14.298576485350386 7.672869805575388 7.672677726717918 7.672647012561722 7.6726562038186765
8899200.0 273.2342938345 271.62618967 269.6030924821 268.6226099576 267.4058199672 266.9888056641 266.9772878283 16.888508654289215 14.29901815943011 14.298600315782357 7.672974419603682 7.672727730939157 7.672666471093361 7.672664905540238
8985600.0 273.2341758627 271.7049195115 269.8233338202 268.9058152022 267.67836359 267.1558596402 267.0670922535 16.848247658337094 14.299058855747031 14.29862068668307 7.673052204049386 7.672772878029163 7.672689871816471 7.672677273279073
9072000.0 273.2281296189 271.748258327 269.9921870285 269.1262336441 267.910516866 267.3218848027 267.1682999354 15.592220420342018 14.29908325966237 14.298638280065129 7.67312050204398 7.672815126990554 7.672714492385509 7.672691668076762
9158400.0 273.1649315118 271.7837842962 270.1277096052 269.3047969153 268.1110599634 267.4811768066 267.2752376374 14.372999061083172 14.29910444865951 14.298653860152346 7.673181702342976 7.672854831126 7.672739505543001 7.672707430719117
9244800.0 271.6479277596 270.9889641867 269.8971458324 269.2840806582 268.2495880198 267.6240965531 267.3821018578 14.29902895916986 14.298799994158703 14.298628147066003 7.673173064747628 7.672884131643401 7.672763207227822 7.6727237815514675
9331200.0 270.5849008773 270.2517464019 269.5754931385 269.1540500975 268.3231433383 267.7426302804 267.4831904345 14.298718910604055 14.29866943032807 14.298597944348034 7.673127492609213 7.672900306447351 7.67278383992671 7.672739830969938
9417600.0 269.8920609242 269.7072396785 269.2818308198 268.9944722869 268.3483120084 267.8344884857 267.5742699326 14.298627622005531 14.298609615738139 14.29857485725244 7.673076227548601 7.6729058803962085 7.6728004785645805 7.672754802547573
9504000.0 269.424403699 269.3162704787 269.0405287226 268.8415686863 268.3436326992 267.9020461456 267.6532236705 14.29858560004095 14.298577377238031 14.29855841418344 7.673030991338027 7.672904728197636 7.672813096829051 7.672768192717308
9590400.0 269.4230038549 269.2148202878 268.924078902 268.7450517425 268.3311418459 267.9514394341 267.7201997557 14.298585490466381 14.29857008356575 14.298551166964499 7.67300416983194 7.6729018492958225 7.672822535263667 7.672779864669185
9676800.0 269.0973403426 268.9953073835 268.7899257984 268.6519483253 268.3133608417 267.9874703406 267.776415582 14.298562104878728 14.29855555038063 14.298543309592862 7.672979417118937 7.672897818003023 7.672829537147556 7.6727898917796375
9763200.0 269.6000027413 269.2205283229 268.8380843739 268.6490527973 268.3098789159 268.0170234369 267.824248143 14.298600048420667 14.298570483690435 14.298546072578908 7.67297869927191 7.672897025249883 7.672835355450423 7.672798594540226
9849600.0 269.2851203173 269.084847995 268.7882569246 268.6232880168 268.3100382809 268.0428831307 267.8658152672 14.298575095963226 14.298561284258213 14.298543214965207 7.672972036101028 7.672897049820936 7.672840503258932 7.672806288574478
9936000.0 269.5424524588 269.2021909939 268.8239363094 268.635445519 268.3188632316 268.0675385129 267.9029731321 14.298595154285449 14.298569202488322 14.298545254323129 7.67297517760716 7.67289902075793 7.672845461348905 7.672813272289835
10022400.0 270.2687020516 269.6424379671 269.0175790659 268.7371607073 268.3523792535 268.0960124018 267.938118241 14.298671665557464 14.298603762648577 14.298556952783395 7.673002124378469 7.672906601461333 7.6728512490485965 7.672819971687144
10108800.0 269.8876322952 269.5276758668 269.0305211403 268.7774690257 268.3886761695 268.1277377506 267.9726362878 14.298627166076917 14.298593923386546 14.298557774863546 7.673013097147312 7.672914928830318 7.672857776919953 7.672826642342864
10195200.0 272.6356867275 271.1222601953 269.712723255 269.1352924005 268.4944822852 268.1751822979 268.0105385336 14.300530140650736 14.29883402737817 14.298610121415429 7.673121470262712 7.672940015667294 7.672867698530737 7.67283407284922
10281600.0 272.3381884358 271.3119696316 270.0017190954 269.3931303882 268.6270298807 268.2399291021 268.0549266045 14.299683925802247 14.298891208825786 14.298639330963695 7.673212546031139 7.672973146252701 7.672881555689955 7.67284291900027
10368000.0 271.2849211292 270.784132283 269.9133029974 269.4470530906 268.7298937587 268.3106098983 268.104843413 14.29888232671427 14.298755342742318 14.298629826665461 7.673232611671713 7.673000221598724 7.672897117035365 7.672853057680999
10454400.0 270.9102205315 270.4894057274 269.8092093891 269.4350305008 268.7977581855 268.3772965856 268.1570592434 14.298781838103494 14.298703428420705 14.298619297595485 7.673227571440926 7.673018764113089 7.672912232441199 7.67286388581351
10540800.0 270.2638120626 270.0598710011 269.6239952815 269.3570640483 268.8300491475 268.4334671561 268.2079131388 14.298671018161778 14.298645886111935 14.298602137157577 7.673197845273829 7.673027753000399 7.672925304365788 7.672874657078562
10627200.0 269.838329321 269.7234140312 269.442804699 269.2559786572 268.8348223424 268.4765478531 268.2545161855 14.29862217472622 14.298611112054678 14.298587048291534 7.673161380707446 7.673029042042605 7.672935548387445 7.672884729506924
10713600.0 269.5491011104 269.4775830845 269.2894292106 269.1561565354 268.8222925245 268.5070450041 268.2952337732 14.298595711502497 14.298589826160752 14.298575409274719 7.673127329789918 7.673025460657886 7.67294291805784 7.672893692226161
10800000.0 271.0852418903 270.3302511207 269.5945841548 269.2797193612 268.8470183216 268.5363316751 268.3319426155 14.29882412398146 14.298680011129026 14.298599580693871 7.67316990893564 7.673032462450378 7.6729500892501274 7.672901905706301
10886400.0 270.4389326103 270.116319159 269.5868095877 269.3125291978 268.8777779741 268.5669703941 268.3665637512 14.298695696807092 14.298652495731947 14.298598912143044 7.6731815688136455 7.673041281086467 7.672957692095377 7.672909770525718
10972800.0 269.9734469036 269.811682485 269.4730460151 269.2728163133 268.8936546701 268.5954210552 268.3993045481 14.298636232848127 14.298619539945797 14.298589460716725 7.673167285629525 7.673045864819055 7.672964845908024 7.67291731633515
11059200.0 270.0857490696 269.8212588402 269.4532938547 269.2576505123 268.9042142176 268.6206669458 268.4299196907 14.29864888523369 14.298620481856199 14.29858788045527 7.67316194073309 7.673048928965818 7.67297127106488 7.672924469363716
11145600.0 270.3963069331 270.0080221938 269.5264207343 269.2929022941 268.922931308 268.6450960821 268.4588550543 14.298689393480853 14.298640029459335 14.298593819306324 7.673174431019324 7.673054423698529 7.672977558646938 7.672931317928666
11232000.0 269.9423491945 269.7756384281 269.4530858196 269.2701300547 268.9346227804 268.667658606 268.4861654668 14.298632889749804 14.298616043847188 14.298587863902123 7.673166295543133 7.673057871501004 7.672983428227686 7.672937861827969
11318400.0 269.7000049508 269.5885049453 269.3610028774 269.2222381915 268.9351012921 268.686390435 268.5113611063 14.298608951094543 14.298599057673064 14.298580720489328 7.6731495971564305 7.67305799588594 7.672988347493665 7.672943969071589
11404800.0 269.618894976 269.500292391 269.2989788854 269.1800311499 268.9293172801 268.7008839556 268.53400964 14.298601690700652 14.298591669328506 14.298576106221491 7.673135252765956 7.673056266455253 7.672992182853012 7.67294951726606
11491200.0 269.4158139824 269.3563852353 269.2185869828 269.1284906701 268.9175047839 268.7110752774 268.5538308769 14.29858492899791 14.298580371630319 14.298570347472758 7.6731181623391755 7.673052767115142 7.672994895120956 7.67295441886378
11577600.0 269.2900094573 269.2474691223 269.146636524 269.0774021081 268.9014984173 268.7172831669 268.5707328084 14.298575451521257 14.298572388405047 14.298565394391254 7.673101670665827 7.673048064871005 7.672996553522638 7.672958632909788
11664000.0 269.197385482 269.1641244424 269.0859532388 269.0309532839 268.8834779293 268.7201776979 268.5848257062 14.298568868748319 14.298566581399141 14.298561356653531 7.673087046806095 7.673042818686894 7.6729973284054855 7.672962171064273
11750400.0 269.2720851033 269.1860490041 269.0715422702 269.0080906689 268.868975308 268.7213438106 268.5965767107 14.298574152478459 14.29856808472065 14.298560415877693 7.673079978669839 7.673038632050018 7.672997640878263 7.672965138432455
11836800.0 269.1926857703 269.1376442548 269.0412691697 268.9840527085 268.8563526357 268.7216331059 268.6065004783 14.298568543154227 14.298564788158535 14.298558461611998 7.673072628226245 7.6730350123944895 7.672997718425234 7.672967656642967
11923200.0 273.2218863952 271.4129819688 269.8636822849 269.3280081478 268.9004012483 268.728542927 268.6164637223 15.062135066807027 14.298926888359949 14.2986247222409 7.673187658206214 7.673047763524469 7.672999573683949 7.672970196240108
12009600.0 273.2338104963 272.1489752945 270.5268932406 269.812960708 269.0559341105 268.7651313044 268.6329443428 16.729238039152065 14.299412159993606 14.298709368336205 7.6733919751551065 7.673095075238508 7.673009497464181 7.672974422311887
12096000.0 273.2351178173 272.370099127 270.8512391298 270.1341393623 269.2392087732 268.8350810144 268.6636642301 17.197701645438123 14.299743111608427 14.298769073249588 7.673564253949089 7.673155804733449 7.67302895018016 7.672982384693964
12182400.0 273.2342277147 272.4282312652 271.0244691523 270.3392761337 269.4037387664 268.9236722058 268.7097364948 16.86582926688344 14.299864741322487 14.298808631905738 7.673695118317155 7.673215493301857 7.673054534975377 7.672994538095108
12268800.0 273.2342921438 272.4866876387 271.1549109574 270.4954189667 269.5477395527 269.0168672175 268.7648128458 16.887925080054536 14.300009131282382 14.298843075135888 7.673808600421882 7.673272308481062 7.673082663620046 7.673009410359129
12355200.0 273.2306352886 272.4926831237 271.2409519353 270.6121716324 269.6721259786 269.1092793957 268.8254290476 15.968486322272362 14.300025430077033 14.298868438521861 7.673902617419278 7.673325248144472 7.673111870240241 7.673026227637397
12441600.0 273.2263290378 272.5158988974 271.3143932887 270.708145873 269.7806957127 269.1982449545 268.8888605715 15.394281414434388 14.300091524549819 14.298892017801094 7.673986819229138 7.673374717738494 7.673141311358124 7.6730443514192865
12528000.0 273.2339463783 272.5881762392 271.3989386626 270.8006399882 269.8791627682 269.2831823543 268.9533113761 16.772524551584457 14.300333230958747 14.298921675374277 7.67407493479674 7.673422499102115 7.6731707161148925 7.673063341956091
12614400.0 273.2397151759 273.2180833469 271.7058071589 270.9892238538 269.9878324075 269.3672588355 269.0182700493 20.553022517540256 14.883515141632781 14.299059340517767 7.67428262001448 7.6734789010470275 7.673201156800287 7.673083096971046
12700800.0 273.2393234276 273.2280861296 271.8643349277 271.1565914669 270.1098493761 269.4544592804 269.0846574883 20.08823328154523 15.58683819748026 14.299156943711672 7.674499274142321 7.673547240670024 7.67323422949845 7.673103955018419
12787200.0 273.2385666989 273.2261862115 271.9479412867 271.2682936845 270.2228158937 269.5433672339 269.1530377825 19.32228927552024 15.380531087724712 14.299219069884542 7.674664797705754 7.673615660995553 7.67326963878434 7.673126182420895
12873600.0 273.2416088602 273.2381189748 272.5443425183 271.5483567239 270.347443688 269.6337359572 269.2230812805 23.776712719496054 18.93692742124734 14.300179589861152 7.675213523960068 7.673697961184954 7.673307512198451 7.673149773622569
12960000.0 273.2411888706 273.2404811593 273.2285361071 272.1295035299 270.5791658899 269.7399243092 269.2964280988 22.884562220453354 21.632160125672094 15.644171123535957 7.677510030574472 7.673874468754108 7.673354647201026 7.6731754202158085
13046400.0 273.2406490565 273.2404602279 273.2341303857 272.2863793762 270.790177423 269.8719787007 269.3808349632 21.904318623978664 21.599216994966664 16.832973100032603 7.678642457166019 7.674065505790326 7.67341763415894 7.673206201124645
13132800.0 273.2398586271 273.2401979191 273.235458976 272.3707574443 270.9453588589 270.0035962759 269.4739380304 20.736812177039972 21.203857861000895 17.341786927111905 7.6794449170931545 7.674229455988696 7.673485811626464 7.673241835071145
13219200.0 273.2412852364 273.2408642075 273.2373783994 272.431408498 271.0677193886 270.1249365317 269.5689764364 23.078362689086966 22.274776751203774 18.38830890736835 7.680149047413678 7.674376222897296 7.6735540588097795 7.673280170164158
13305600.0 273.2406283354 273.240839482 273.2388877988 272.4796516457 271.1662965726 270.2326796323 269.6612897009 21.869952057526312 22.230903036401727 19.628111355484716 7.680813934055841 7.6745078992068185 7.673619541004176 7.673319457327703
13392000.0 273.2402023689 273.2406692623 273.2395958969 272.5206874654 271.25173237 270.3306832548 269.749768663 21.210304522763114 21.938046811511672 20.405936799609464 7.681468167405747 7.674633358525551 7.673683563688683 7.673359166504351
13478400.0 273.2395450269 273.2403835053 273.2398375454 272.5550547958 271.3267852785 270.4201565988 269.8339477071 20.34473089125453 21.480271478484404 20.709315915220902 7.682087858013023 7.674753503931037 7.673746132111344 7.67339896368077
13564800.0 273.2417139943 273.2414386102 273.2409403291 272.5948289355 271.3964053203 270.503933808 269.9148291427 24.02053012851443 23.399883628037717 22.412053168178602 7.682965454893519 7.674874476954774 7.67380865244055 7.673439203059154
13651200.0 273.2413712177 273.2417114113 273.2424792291 272.6894234709 271.4704064295 270.5827009963 269.9917001457 23.256579576539878 24.014434328647905 26.092050093175146 7.686292442334425 7.67501524709328 7.673871251880075 7.673479406629608
13737600.0 273.2412714655 273.2416427762 273.2432725234 272.8464498717 271.5625579266 270.661654435 270.0660219032 23.050288809967164 23.85441375377858 28.94019848474912 7.703993670927218 7.675211094182253 7.673938079406899 7.6735202316004205
13824000.0 273.24085217 273.241468467 273.2437258327 272.967229535 271.6646320837 270.7442073382 270.1398110724 22.25337377478548 23.464413305922328 30.989107548607386 7.822752717662482 7.6754579919845245 7.674012765985581 7.673562809659013
13910400.0 273.2400075609 273.2410858319 273.2438964957 273.0123822453 271.7519927471 270.8270344938 270.2137039215 20.936016771937503 22.684021857780966 31.855515434452 8.02496785587412 7.675697790850141 7.674093174040447 7.673607647229769
13996800.0 273.2418573567 273.2418828943 273.2442825617 273.0398258637 271.8223177997 270.9052363717 270.2864746034 24.36750364058815 24.431135406431252 34.03047025674473 8.405302330654347 7.675913637899748 7.674174679254344 7.67365412371084
14083200.0 273.2407020131 273.2415578605 273.2445322247 273.0583569307 271.8813071476 270.9775354254 270.3569298064 21.993173531462446 23.661546460635584 35.60818685181509 8.996450834071661 7.676113314729625 7.6742553877898905 7.673701488179525
14169600.0 273.2412813474 273.2416168499 273.2446961987 273.0710717423 271.9317899133 271.0438859738 270.4243242076 23.070421360020365 23.79493623339398 36.72179475727887 9.648867142661038 7.676299730137653 7.6743344581029955 7.673749145292898
14256000.0 273.2423037386 273.2425104786 273.2453076804 273.0851286892 271.977110326 271.1049422248 270.4883746762 25.56616148404501 26.189238141538475 41.42539513946489 11.066883776533368 7.676481291036063 7.674411869235149 7.6737967320555205
14342400.0 273.2428396484 273.2435889446 273.2460447874 273.1598447399 272.0373842505 271.1637329576 270.5497736727 27.283193492960244 30.33317555493532 48.06132547094424 14.992039597841002 7.676752809878785 7.674491021539948 7.6738446062244074
14428800.0 273.2421173586 273.2449650445 273.2460424289 273.2228068962 272.1359587523 271.229393403 270.610308919 25.042643149918053 38.683603903066505 48.03912228089241 17.890333358266552 7.677276953368268 7.674585299241591 7.673894131281278
14515200.0 273.2422937887 273.2458026988 273.2460402227 273.228457327 272.2017593766 271.2981250121 270.6723054291 25.53732620891881 45.80158683317606 48.01835677112829 18.598852802654672 7.677681293412228 7.6746913343742795 7.673947424612941
14601600.0 273.2429556344 273.2468918687 273.2460382867 273.2309468479 272.2499464456 271.3613158946 270.7336479942 27.701332124629527 55.736643808441634 48.00013195053883 19.26141107340139 7.678013844188367 7.674796198254766 7.6740029165967565
14688000.0 273.2429814361 273.2468910356 273.2460364938 273.2328360762 272.2893746786 271.4182314786 270.792646022 27.796816298544297 55.72983553687057 47.98325088112159 20.103636834543487 7.6783142808596505 7.6748973685934 7.6740590822304915
14774400.0 273.2429924853 273.2468900896 273.2460344607 273.2340166002 272.3244633712 271.4699254397 270.8486516226 27.837988213774015 55.722107519338245 47.96412075270129 20.891160116374234 7.678607379873136 7.674995350895794 7.67411513190214
14860800.0 273.2429976131 273.246889145 273.2460324267 273.2348539662 272.3582365718 271.5177542542 270.9016883657 27.857153002329973 55.71438850990493 47.94498324840387 21.63866003170024 7.678916867667492 7.675091677201659 7.674170850735257
14947200.0 273.2429985154 273.2468882007 273.2460303929 273.2354918578 272.3931564001 271.5630997649 270.9521385607 27.860529087453266 55.706668820077994 47.925848637446144 22.351893454673277 7.679270333651889 7.675188502437451 7.67422641180952
15033600.0 273.2429991421 273.2468872564 273.2460283595 273.2359982449 272.4310004156 271.6072483134 271.0004946746 27.86287457103684 55.69894659761317 47.90672071040956 23.029935744132676 7.679698312861102 7.675288381179604 7.674282177369965
15120000.0 273.2430244251 273.2468863181 273.2460263295 273.2364120086 272.4721302285 271.6512531956 271.0474961375 27.9579591210412 55.69126951076182 47.88762507266709 23.67157984291462 7.680225561918907 7.675393941337701 7.67433890204804
15206400.0 273.2430417112 273.2468853845 273.2460243004 273.2367525197 272.5145298925 271.6954282945 271.0936091977 28.023485657649573 55.68362862974802 47.86854121933123 24.267121454130614 7.680848759918751 7.675506499579541 7.674397139077238
15292800.0 273.2430511813 273.2468844536 273.2460222734 273.2370297271 272.5538323197 271.7390800777 271.1389696717 28.059563289627672 55.676007108771145 47.84947840423584 24.801522901193902 7.681510765879285 7.675624826592512 7.674457098138867
15379200.0 273.2431040188 273.2468835339 273.2460202497 273.2372485101 272.5873812086 271.7810171923 271.1833452683 28.26321031362688 55.66847375331683 47.83044775217938 25.256882175610915 7.682150748942765 7.6757457962682745 7.674518500374582
15465600.0 273.2431258339 273.2468826255 273.2460182347 273.2372261644 272.6164711359 271.8205781515 271.2263828137 28.348468926864406 55.66103076886727 47.811501214509725 25.210345996306742 7.682774149062117 7.67586708785464 7.674580826583819
15552000.0 273.2431289377 273.2468817145 273.2460162152 273.2372076106 272.6398868159 271.8572610811 271.2677492446 28.36065551866812 55.6535631671089 47.79251456663331 25.172241613284694 7.68332433452327 7.675986359587992 7.674643487806938
15638400.0 273.2431300097 273.2468808036 273.2460141972 273.2371926067 272.6593431478 271.890943763 271.3071927444 28.364867949012375 55.64609359311668 47.773544089154704 25.141895889676515 7.683820396917976 7.676102154243335 7.674705923306367
15724800.0 273.2432900833 273.2468799252 273.2460121836 273.2371799919 272.6761553774 271.9218878131 271.3446196844 29.013234215616464 55.63888835473718 47.75461649101976 25.11675314936932 7.6842821069187375 7.676214275714047 7.674767753774914
15811200.0 273.2433929953 273.2468790735 273.2460101713 273.237169136 272.6910911276 271.9504589473 271.3800694888 29.45110776450378 55.631899573952396 47.735703854061526 25.095426626841753 7.684721435558315 7.676323067239633 7.674828790941946
15897600.0 273.243540671 273.2468782537 273.2460081615 273.2371596542 272.704617828 271.9769982551 271.4136541712 30.1097947604426 55.62516972849616 47.716816078279415 25.07707012177421 7.6851457579668025 7.676428991446627 7.674888974524688
15984000.0 273.2436142332 273.2468774552 273.2460061531 273.237151289 272.717040565 272.0017920096 271.4455135402 30.451819724841847 55.61861340178376 47.69794382373383 25.06111705800054 7.685559949910567 7.676532486005682 7.674948314331355
16070400.0 273.243633804 273.2468766637 273.2460041469 273.2371438588 272.7285711539 272.0250739383 271.4757910427 30.54441846602776 55.612111663717386 47.67909347189565 25.047168663965945 7.685967481569634 7.676633929305225 7.675006854188663
16156800.0 273.2436400445 273.2468758731 273.2460021421 273.2371372286 272.7393641309 272.0470346483 271.5046227435 30.574089372613674 55.60561570074255 47.66025948806684 25.03492817175347 7.68637099081092 7.676733640999823 7.675064652286903
16243200.0 273.2436879753 273.2468750922 273.24600014 273.237131296 272.74953723 272.0678309309 271.5321332131 30.80431201419636 55.599197578773094 47.64145172961146 25.02417132486144 7.686772624282338 7.676831891587509 7.67512177123704
16329600.0 273.2437047977 273.2468743174 273.2459981401 273.2371259805 272.7591832384 272.0875933563 271.5584347151 30.886101934731556 55.59282762395677 47.622667828664575 25.014721069418876 7.6871742313307365 7.6769289130261305 7.675178273414334
16416000.0 273.243723235 273.2468735461 273.2459961423 273.2371212168 272.7683769806 272.1064319751 271.5836277755 30.976339269360057 55.58648390281275 47.60390550861075 25.006434817967442 7.6875774677458 7.677024907305317 7.675234218870664
16502400.0 273.2437294364 273.2468727772 273.2459941466 273.2371169517 272.7771801794 272.124440606 271.6078022746 31.006831714717844 55.58015822479667 47.585164861069146 24.99919566162579 7.687983878891792 7.67712005325788 7.675289664617803
16588800.0 273.2437302195 273.2468720088 273.2459921531 273.2371131403 272.7856475635 272.1417004126 271.6310387316 31.010687147653517 55.57383427129727 47.56644794686513 24.992906138908356 7.688395126956106 7.677214513731974 7.675344664646638
16675200.0 273.243740905 273.246871242 273.2459901612 273.2371097438 272.7938276461 272.1582831454 271.6534097217 31.063409865343974 55.56752241645295 47.54774761491806 24.98748127036612 7.688812961009914 7.677308444499795 7.675399270797858
16761600.0 273.2437442178 273.2468704771 273.2459881721 273.2371067295 272.80175682 272.1742512807 271.6749807487 31.0797979825629 55.561223545707264 47.529075952613844 24.982850297301216 7.68923881716577 7.677401988076329 7.67545353271865
16848000.0 273.2437449438 273.2468697123 273.2459861848 273.2371040666 272.8094682129 272.189659685 271.6958109349 31.083392548174906 55.55492373045062 47.51042268094532 24.97894666102529 7.6896742754558245 7.677495276797949 7.675507497675095
16934400.0 273.2437455902 273.2468689479 273.2459841998 273.2371017274 272.8169930427 272.2045574082 271.7159538775 31.086593500587455 55.54862597079909 47.49179457733307 24.975710815874557 7.690121133602702 7.677588438378328 7.675561211033208
17020800.0 273.2437462301 273.2468681839 273.245982217 273.237099682 272.8243764915 272.2189906734 271.7354588044 31.089762779416677 55.54232861060935 47.47318826617801 24.973079607824296 7.690582633970255 7.67768161126774 7.675614717875189
17107200.0 273.2438154879 273.2468674338 273.245980239 273.2370973144 272.8331086564 272.2332724986 271.7544285459 31.43734931502308 55.5361447811766 47.45462959953772 24.969812991847135 7.691175819907172 7.677776767788547 7.675668227627407
17193600.0 273.2440065699 273.2468667208 273.2459782605 273.2370939108 272.8387974746 272.2469294203 271.7728567413 32.44435335985829 55.53026396015484 47.43606953162922 24.964480502608986 7.69155043108064 7.67787064731697 7.6757216572302776
17280000.0 273.2440461208 273.2468660249 273.245976283 273.2370895895 272.8433609062 272.2596894251 271.7906334019 32.66188183411982 55.52452383099115 47.417520449917625 24.95733014078582 7.691855209492361 7.677961029987401 7.675774605330969
17366400.0 273.2440895979 273.2468653373 273.2459743085 273.2370842387 272.847441782 272.2716500883 271.8077097152 32.9047059048934 55.518850144846944 47.399001974611714 24.94815042309486 7.692134749287466 7.678048195586576 7.6758268215577745
17452800.0 273.2444112757 273.2468647087 273.2459723353 273.2370777208 272.8512128704 272.2829477804 271.8241018302 34.82637934830393 55.513661353368256 47.38049775446562 24.936681232214564 7.6923994682936545 7.67813279421315 7.675878242924523
17539200.0 273.2446103214 273.2468641313 273.245970364 273.2370698708 272.8547140678 272.2936801966 271.8398510866 36.13078851806942 55.50889502043619 47.36201417583264 24.922614129647062 7.692650333224033 7.678215279888015 7.675928890399351
17625600.0 273.2446620609 273.2468635705 273.2459683944 273.237060485 272.8579330834 272.3039067245 271.8550005801 36.48479873579449 55.504264220453116 47.34354901362434 24.905571044097204 7.692884357170946 7.678295873745825 7.67597880097352
17712000.0 273.2447213855 273.2468630217 273.245966428 273.2370493106 272.8608389504 272.3136595472 271.8695864064 36.89838811296185 55.49973076173924 47.32511708747112 24.885087224819614 7.693097043314449 7.67837461699649 7.676027998732244
17798400.0 273.2447681364 273.2468624831 273.2459644621 273.2370360222 272.863401593 272.3229543457 271.8836361 37.23012225760639 55.495281472476705 47.30669160254455 24.86056803977862 7.693284030937439 7.678451434291347 7.676076486826272
17884800.0 273.244785711 273.24686195 273.2459624996 273.2370202011 272.8655991845 272.3317984751 271.8971699982 37.35615262365372 55.490876978414114 47.2883004696114 24.831257877677615 7.693441804734395 7.678526188397127 7.676124249198799
17971200.0 273.2447894007 273.2468614179 273.2459605386 273.2370012824 272.8674075579 272.340194327 271.9102030083 37.38270456160012 55.486478567916734 47.26992541236555 24.796145517252977 7.693566717934082 7.6785987024436295 7.676171254404841
18057600.0 273.2447897455 273.2468608855 273.245958579 273.2369784903 272.8687720579 272.3481357503 271.9227448207 37.3851871194047 55.482077975221216 47.25156740797172 24.753858896371923 7.693652273903283 7.67866872439478 7.676217454495252
18144000.0 273.2447899956 273.246860353 273.2459566211 273.2369507268 272.8695712249 272.3555976192 271.9347973217 37.38698819711369 55.477675373386674 47.233227180261984 24.702481774509476 7.69368567803165 7.678735825897489 7.676262773385397
18230400.0 273.2449606917 273.2468598491 273.2459546656 273.2369164037 272.8695828574 272.3625209851 271.9463490409 38.650488560965286 55.473508303140015 47.214911537780964 24.63929158563582 7.693645028651499 7.6787992508820215 7.676307082591956
18316800.0 273.2449967004 273.2468593592 273.2459527112 273.2368732168 272.8684625685 272.3687975428 271.9573674575 38.925724393323556 55.46945614782999 47.19660937126353 24.56043492383845 7.693498773877119 7.678857746522981 7.676350166218698
18403200.0 273.245029711 273.2468588757 273.2459507593 273.2368179959 272.865778425 272.374262879 271.9677918313 39.18068632383732 55.46545581825642 47.17833376321575 24.460833437329278 7.693212408967311 7.678909472223468 7.6763916850282925
18489600.0 273.2450497311 273.2468583968 273.2459488087 273.2367471427 272.8612559484 272.378731912 271.9775357845 39.33654006383082 55.461492829485 47.16007223497405 24.335250485267142 7.6927755048671225 7.678952327100838 7.676431178236557
18576000.0 273.2450579823 273.2468579198 273.2459468596 273.2366584045 272.8553515306 272.3821335325 271.9865200581 39.401042852093596 55.45754526602855 47.14182736557867 24.181661433110882 7.692248950518764 7.678985288993565 7.676468193323414
18662400.0 273.2450607123 273.2468574434 273.2459449118 273.2365527338 272.8494638712 272.384683619 271.9947398095 39.42241824438452 55.45360192250918 47.12359828564838 24.00420580577506 7.691760055790393 7.6790101964637865 7.676502575608609
18748800.0 273.2451620397 273.2468569835 273.2459429653 273.2364333655 272.8449809071 272.3868595935 272.0023119422 40.22781468480453 55.44979406220286 47.10538335895844 23.810771154204563 7.6914078298792665 7.67903158479467 7.676534695774453
18835200.0 273.2451865805 273.2468565326 273.2459410206 273.2363033889 272.8423291997 272.3891356071 272.0094406196 40.42635410518301 55.446060637326156 47.087188163339405 23.60835946503568 7.691205403107114 7.679054090622565 7.67656533442325
18921600.0 273.2451881691 273.2468560817 273.2459390762 273.2361647071 272.8412327351 272.3917898837 272.0163347284 40.43925168839884 55.44232608227807 47.06899837136363 23.40144386924923 7.691119864666674 7.67908051176193 7.676595340641652
19008000.0 273.2451885083 273.246855631 273.245937133 273.236018209 272.8412479279 272.3949053516 272.0231502716 40.44200706874279 55.438592291785234 47.05082355630821 23.192532725524632 7.691114187041253 7.6791117666015225 7.6766253748945275
19094400.0 273.245211469 273.2468551836 273.2459351906 273.2358641476 272.8420065066 272.398451547 272.0299783364 40.62906999469401 55.434886042542225 47.032657687282274 22.982989102609725 7.691160954791268 7.679147665822061 7.6766558400932485
19180800.0 273.2452172189 273.246854738 273.2459332482 273.2357024059 272.8432532286 272.4023544333 272.0368589832 40.676096780856575 55.43119297647543 47.01449583930706 22.77357163896142 7.691242302583035 7.679187579489701 7.67668692749084
19267200.0 273.2452186108 273.2468542934 273.245931308 273.2355326426 272.8448208676 272.4065339803 272.0438003482 40.68749187851968 55.427508491057836 46.99635627783388 22.564726754603775 7.691346962304443 7.679230798834464 7.676718690953127
19353600.0 273.2452189707 273.2468538485 273.2459293673 273.2353543543 272.8466004625 272.4109191356 272.0507937118 40.690438533671845 55.423820074672534 46.97821636478002 22.35672260766284 7.691467765610905 7.679276683003107 7.676751108251677
19440000.0 273.2452607171 273.2468534098 273.2459274267 273.2351669148 272.8485197788 272.4154515714 272.0578230326 41.03419424966128 55.42018291972521 46.96007896040435 22.149737036989293 7.691600023712712 7.679324698489215 7.676784121114424
19526400.0 273.2452737333 273.2468529754 273.245925486 273.2349695827 272.850529616 272.4200849676 272.0648702345 41.14214531420508 55.41658119795888 46.94194429953595 21.943891934471846 7.691740555226284 7.679374415414827 7.676817658103489
19612800.0 273.245310368 273.2468525466 273.2459235451 273.2347615002 272.8525954237 272.4247829762 272.0719178247 41.44791908704449 55.41302482057199 46.923810950267026 21.73927535500569 7.691887112588259 7.679425490593353 7.676851646462965
19699200.0 273.2453198969 273.2468521208 273.2459216032 273.2345416847 272.8546921779 272.4295171086 272.0789500194 41.527917861924685 55.409492429746976 46.90567007473402 21.535953366685508 7.692038040494795 7.679477649250396 7.6768860176315386
19785600.0 273.2454411406 273.2468517138 273.2459196617 273.2343090202 272.8568011954 272.4342649313 272.0859530859 42.56203041491314 55.406116393397134 46.8875366622865 21.333984362139525 7.692192067644099 7.67953066917379 7.676920709291674
19872000.0 273.2455615126 273.2468513309 273.2459177182 273.2340622303 272.8589081048 272.4390086399 272.0929153132 43.616777830221594 55.40293861852015 46.86938858860759 21.133412974721686 7.692348175852771 7.679584368144272 7.676955665759247
19958400.0 273.2456056295 273.2468509594 273.2459157742 273.2337998672 272.8610015153 272.4437339629 272.0998268213 44.009783415167306 55.39985561997131 46.85123756342671 20.934287816607913 7.692505514971082 7.67963859420422 7.676990837555435
20044800.0 273.2457094089 273.2468506041 273.2459138284 273.2335202773 272.8630721141 272.4484293254 272.1066793129 44.94653602476763 55.39690669757978 46.83307365699085 20.736655075078765 7.692663345159275 7.679693218196872 7.677026180651489
20131200.0 273.2457287407 273.2468502559 273.2459118806 273.2332215745 272.8651120341 272.4530852139 272.1134658269 45.12278467528669 55.394016158577905 46.81489378520076 20.540566875056598 7.69282099623566 7.67974812804687 7.677061655622129
20217600.0 273.2457500721 273.246849911 273.2459099314 273.2329016051 272.8671143947 272.457693685 272.1201805053 45.317851251953655 55.391152654511174 46.79670338336548 20.34608518502731 7.692977837395727 7.679803224296291 7.677097226842217
20304000.0 273.2457678643 273.2468495692 273.2459079792 273.2325579015 272.8690729518 272.4622479807 272.1268183866 45.481008007612246 55.38831506417634 46.77848909150817 20.153280427823468 7.693133253511759 7.67985841652578 7.677132861678624
20390400.0 273.2457850854 273.2468492306 273.2459060246 273.2321876399 272.8709818218 272.4667422217 272.1333752223 45.63930724871423 55.3855030324743 46.76025538375903 19.962240060308382 7.693286625348035 7.679913620410646 7.677168529783118
20476800.0 273.2458226872 273.2468488982 273.2459040677 273.2317875801 272.872835255 272.4711711634 272.1398473238 45.98617442680647 55.38274212117383 46.742003426270365 19.773067485024733 7.69343731248424 7.6799687553156994 7.677204202481456
20563200.0 273.2458359853 273.2468485686 273.2459021061 273.2313539892 272.8746274308 272.4755299857 272.1462314219 46.10922744220087 55.380003890891 46.723711111233825 19.585877809335912 7.693584636768002 7.680023742106569 7.677239852152852
20649600.0 273.2458429734 273.2468482404 273.2459001411 273.2308825569 272.8763522634 272.4798141071 272.1525245371 46.173967265487775 55.37727778681782 46.7053901210792 19.40080145040048 7.6937278656423755 7.680078501052404 7.677275451628686
20736000.0 273.2458498266 273.2468479135 273.2458981718 273.2303682645 272.8780032063 272.484019022 272.1587238684 46.23750754474473 55.37456122753021 46.68703268934649 19.217969226027545 7.693866194400604 7.680132949925804 7.677310973653757
20822400.0 273.2458627976 273.2468475881 273.2458961972 273.2298052114 272.8795730332 272.4881401449 272.1648266902 46.35789860564912 55.3718576160161 46.668629370046354 19.037500654608596 7.693998725521045 7.680187001987301 7.677346390342709
20908800.0 273.2458787911 273.2468472655 273.2458942171 273.2291863806 272.881053571 272.4921726373 272.1708302361 46.506572418822515 55.36917625450042 46.65017785890042 18.859489945384983 7.694124443013802 7.680240563633118 7.677381672511406
20995200.0 273.2458863124 273.2468469442 273.2458922304 273.2285033326 272.882435376 272.4961112305 272.1767315927 46.57657260719721 55.36650565919113 46.631668273475874 18.683991534275947 7.69424218078813 7.680293531831275 7.677416789017918
21081600.0 273.245889187 273.2468466233 273.2458902365 273.2277458297 272.883707323 272.49995001 272.1825275722 46.60333940013617 55.36383827650542 46.61309540030901 18.511014168489318 7.694350582712465 7.68034579088906 7.677451705959192
21168000.0 273.2458916086 273.2468463028 273.245888235 273.2269014042 272.884856098 272.5036821614 272.1882145673 46.62589473634531 55.36117356999255 46.59445583719586 18.340522727203737 7.694448053929286 7.68039720849415 7.6774863856753335
21254400.0 273.2458875831 273.2468459813 273.2458862241 273.2259549076 272.8858655936 272.5072996696 272.1937883878 46.58840352063659 55.358500004244284 46.5757312319038 18.172447713594917 7.694532704406167 7.680447630933162 7.677520785595116
21340800.0 273.2458824744 273.246845659 273.2458842039 273.2248881213 272.8867162214 272.5107929574 272.1992440555 46.54084584147458 55.35581996283093 46.55692434652016 18.006705452701947 7.694602288306647 7.680496877208648 7.677554856744798
21427200.0 273.2458803727 273.2468453357 273.2458821719 273.2236795774 272.8873842117 272.514150486 272.2045755761 46.52128767312045 55.353131267047274 46.53801196362756 17.843212059824886 7.694654149547175 7.680544732424924 7.677588542040458
21513600.0 273.2458802904 273.2468450124 273.2458801253 273.2223219711 272.8878093547 272.5173289873 272.2097495373 46.52052154818523 55.350442293047095 46.51896649876082 17.682187414657825 7.694682111553165 7.6805905157358465 7.6776216062869125
21600000.0 273.2458782947 273.2468446884 273.2458780634 273.2207801071 272.8880013256 272.5203409157 272.2147813629 46.501954205025164 55.3477469618608 46.49978364394585 17.52321269407074 7.694686955840878 7.68063433696074 7.677654121946636
21686400.0 273.2458745406 273.2468443634 273.2458759845 273.2190334194 272.8879251565 272.5231693276 272.2196615189 46.46703591817038 55.34504287486918 46.48044563822947 17.366262021763756 7.694665170409473 7.680675881212053 7.677686001948247
21772800.0 273.245874333 273.2468440383 273.2458738866 273.2170705328 272.8875471191 272.5257950784 272.2243789636 46.465105718054836 55.34233757218052 46.460936114494665 17.21128846548396 7.6946136186785745 7.680714794201002 7.677717146598121
21859200.0 273.2458742866 273.2468437132 273.2458717675 273.2148993438 272.8868428761 272.5281993062 272.228921719 46.464674037340124 55.339632109065924 46.44123310733348 17.058192211659254 7.694530429188349 7.680750719729113 7.677747447048613
21945600.0 273.2458923772 273.246843391 273.2458696235 273.2125591915 272.8858091959 272.5303675656 272.2332782697 46.63305463093814 55.336950154505224 46.4213030297603 16.90678241707514 7.694416179916508 7.680783364353185 7.677776794682979
22032000.0 273.2458941988 273.246843068 273.2458674504 273.2101294873 272.8844777596 272.5322955158 272.2374399047 46.65002635133585 55.33426166303852 46.40110620285529 16.756752431032695 7.694275135378811 7.680812588271246 7.677805097537752
22118400.0 273.2458962824 273.246842746 273.245865248 273.2077255628 272.882924873 272.5339949947 272.2414037614 46.66944222125241 55.3315809947281 46.38064262922538 16.60769577617204 7.6941158568454515 7.680838504515905 7.677832302463844
22204800.0 273.2459069295 273.2468424255 273.2458630112 273.2054759939 272.8812682814 272.5354978213 272.2451757527 46.76871560958026 55.32891169184545 46.35986451682438 16.45916054848265 7.693950403257565 7.680861544331249 7.677858417460797
22291200.0 273.2459105369 273.2468421052 273.2458607374 273.2034888643 272.879647034 272.5368544958 272.2487721449 46.80237285052234 55.326244381497695 46.338747311541205 16.310747709081674 7.693792003706922 7.680882442919895 7.677883525400591
22377600.0 273.2459076894 273.246841784 273.245858424 273.2018256139 272.8781916261 272.5381272142 272.2522188338 46.77580473301875 55.32356998370041 46.317267517512505 16.162185142768493 7.693652182165906 7.680902134583097 7.67790778170908
22464000.0 273.2458917024 273.2468414597 273.2458560686 273.2004959051 272.8769987151 272.5393796492 272.2555483307 46.62676828457637 55.32086886795089 46.295403150501684 16.013353033749535 7.693538721149567 7.680921594567449 7.6779313952402015
22550400.0 273.2458852543 273.2468411345 273.24585367 273.1994707381 272.8761205112 272.5406674963 272.2587954894 46.56672137201407 55.318159647444 46.27314356830753 15.864261599560889 7.693455162655827 7.680941690282069 7.677954599024504
22636800.0 273.2458811302 273.2468408077 273.2458512242 273.1987016074 272.8755687028 272.5420326902 272.2619933743 46.52833656392774 55.315436491653955 46.25045175881336 15.715002001844601 7.693401548601708 7.680963088219136 7.677977620719418
22723200.0 273.2458779687 273.2468404799 273.2458487304 273.1981360261 272.8753261575 272.543501828 272.2651702638 46.498921086825995 55.31270553187411 46.22732150301393 15.565707931346802 7.6933756586838635 7.680986225669295 7.678000660178799
22809600.0 273.245876715 273.2468401517 273.2458461872 273.1977263962 272.8753596161 272.5450877255 272.268348141 46.48725908895967 55.30997041509357 46.20373963166645 15.41652139273298 7.693374162466515 7.6810113312712796 7.67802387708562
22896000.0 273.2458836519 273.2468398251 273.2458435941 273.1974334472 272.8756296607 272.5467925575 272.2715425113 46.55180535829245 55.30724807404726 46.17970182879756 15.26757690264062 7.6933934375378294 7.6810384705943955 7.678047388022499
22982400.0 273.2458823961 273.246839497 273.2458409467 273.1972264994 272.8760970616 272.5486112018 272.2747630347 46.54011678537782 55.30451313068913 46.15516726026644 15.118989564483847 7.693430044085253 7.681067595578858 7.6780712695406725
23068800.0 273.2458743014 273.2468391678 273.2458382464 273.1970823341 272.8767261068 272.5505341725 272.2780146218 46.46481164159328 55.3017688172809 46.130150975044565 14.970862201062246 7.693480944428336 7.681098588352886 7.6780955648655675
23155200.0 273.2458664015 273.2468388362 273.2458354893 273.1969836742 272.8774859275 272.5525498277 272.2812986032 46.391379056373104 55.299003894700974 46.104615618300734 14.823275941135035 7.693543567683694 7.6811312944671215 7.678120291473029
23241600.0 273.2458609387 273.2468385035 273.2458326755 273.196917765 272.878350647 272.554645861 272.2846137881 46.340635542678804 55.29622972297202 46.07856403492626 14.676301462264632 7.693615790961526 7.681165545584847 7.678145448155672
23328000.0 273.2458575634 273.2468381698 273.2458298029 273.1968751974 272.8792989733 272.5568102481 272.2879573469 46.309297209583626 55.29344658259881 46.05197669140441 14.529995322625124 7.693695885985619 7.681201174057215 7.678171021050189
23414400.0 273.2458558238 273.2468378355 273.2458268703 273.1968490055 272.8803135599 272.5590317683 272.2913254863 46.29315016735105 55.29065838967224 46.02484279577805 14.384405305586025 7.693782454798779 7.681238021225852 7.678196988356264
23500800.0 273.245855738 273.2468375011 273.2458238763 273.1968339928 272.8813803361 272.5613002362 272.2947139099 46.29235344394571 55.28786907416568 45.99715113988385 14.239571495066201 7.693874368166844 7.681275941261465 7.678223323602776
23587200.0 273.2458577962 273.2468371662 273.2458208178 273.1968262407 272.882487901 272.5636066015 272.2981181911 46.31145797967083 55.28507502838537 45.96887256196542 14.095526070735003 7.6939707124680705 7.681314803131274 7.678249998365614
23673600.0 273.2458500405 273.2468368297 273.2458176943 273.196822758 272.8836269961 272.5659429054 272.3015339645 46.23949067641325 55.282267307104995 45.940004176918215 13.952299172801947 7.694070744870694 7.681354490238231 7.6782769837204015
23760000.0 273.2458405019 273.2468364908 273.2458145031 273.196821223 272.884790078 272.5683022126 272.3049570764 46.15106445391974 55.2794387600215 45.91052070871763 13.809914955625864 7.694173857789556 7.681394899747579 7.678304251406579
23846400.0 273.2458353219 273.2468361505 273.2458112428 273.1968198036 272.8859709635 272.5706784997 272.3083836484 46.103084308230926 55.27659860853173 45.88041117973971 13.668396208789893 7.694279549735652 7.681435941134135 7.678331774380594
23932800.0 273.2458338847 273.2468358096 273.2458079116 273.1968170243 272.887164573 272.5730665734 272.3118101383 46.089776889017585 55.273753099635336 45.8496595420111 13.527763048495748 7.694387404780915 7.681477535249098 7.6783595273690946
24019200.0 273.2458319063 273.246835468 273.2458045075 273.1968116705 272.8883666634 272.5754618924 272.3152332743 46.071462838220135 55.27090159698269 45.81824812169776 13.388033792731878 7.69449707064727 7.6815196116262685 7.678387486407124
24105600.0 273.2458290135 273.2468351254 273.245801028 273.1968027185 272.8895737105 272.5778605715 272.3186501581 46.044690852507294 55.26804092971234 45.78615419838466 13.24922503776215 7.694608249841237 7.681562108948657 7.678415629761715
24192000.0 273.2458224269 273.2468347809 273.2457974704 273.1967892846 272.8907827492 272.580259244 272.3220581874 45.98376735599297 55.26516416146924 45.75335506643158 13.111352562603207 7.694720686844082 7.681604972975231 7.678443937388314
24278400.0 273.2458103739 273.2468344341 273.2457938336 273.1967705879 272.8919912408 272.5826549479 272.3254549945 45.872408285324944 55.26226798273302 45.719840566706225 12.974433010837913 7.694834157240521 7.681648154814025 7.678472390493048
24364800.0 273.2457971541 273.2468340839 273.2457901132 273.1967459173 272.8931970357 272.5850451457 272.3288385119 45.75045872347056 55.25934265865333 45.6855718442556 12.838479680321395 7.6949484654723035 7.681691611537852 7.678500972177307
24451200.0 273.2457847049 273.2468337311 273.2457863078 273.1967146151 272.8943982738 272.5874276149 272.3322068921 45.63580501971192 55.25639498452971 45.65053791172911 12.703508870646603 7.695063436574106 7.681735304452598 7.678529666812401
24537600.0 273.245772009 273.2468333753 273.2457824143 273.1966760547 272.8955933267 272.5898003934 272.335558476 45.51907381967553 55.2534228399531 45.61471080772531 12.569535275422728 7.695178911541211 7.681779198298707 7.67855845985677
24624000.0 273.2457576776 273.2468330164 273.2457784298 273.1966296285 272.8967807732 272.5921617742 272.3388918061 45.38754542841032 55.25042388755792 45.57806533380966 12.436574260932396 7.695294745722854 7.6818232613329585 7.678587338024344
24710400.0 273.2457459387 273.2468326549 273.2457743512 273.1965747368 272.8979593485 272.594510246 272.3422055819 45.28000593396713 55.247402349091466 45.540575028772615 12.304641640922672 7.695410804589158 7.681867464376026 7.678616288952632
24796800.0 273.2457366249 273.2468322911 273.2457701752 273.196510777 272.8991279164 272.5968444666 272.3454986451 45.19481141197201 55.24436133160557 45.50220999717795 12.173753600837903 7.695526961455861 7.681911780442084 7.678645301120948
24883200.0 273.2457255045 273.2468319245 273.2457658979 273.1964371356 272.9002854502 272.5991632475 272.3487699712 45.093244610792546 55.241296742521044 45.462937173531074 12.043926894441055 7.6956430961229945 7.681956184589684 7.678674363840786
24969600.0 273.2457145704 273.2468315553 273.2457615159 273.1963531811 272.9014309998 272.6014655089 272.3520186291 44.99354357566334 55.2382102579763 45.42272753448594 11.915179824885586 7.6957590918540095 7.682000653128065 7.678703466914297
25056000.0 273.2456997677 273.2468311824 273.2457570247 273.1962582555 272.9025636865 272.6037502845 272.3552437941 44.85883301030399 55.23509267885781 45.38154015380449 11.787530678512919 7.6958748351978015 7.682045163814361 7.678732600783398
25142400.0 273.2456883339 273.246830807 273.2457524208 273.1961516703 272.9036826839 272.6060166991 272.3584447294 44.754994998294606 55.23195280096106 45.33934674915054 11.66100059742391 7.695990214232939 7.682089695478409 7.67876175640952
25228800.0 273.2456775508 273.2468304288 273.2457476993 273.1960326967 272.9047872054 272.608263951 272.361620768 44.65724028987697 55.228789681610785 45.29610475216544 11.535610903812522 7.696105117470922 7.682134227753367 7.678790925143732
25315200.0 273.2456635317 273.2468300474 273.2457428559 273.1959005612 272.9058764864 272.610491295 272.3647713036 44.53040838417875 55.22559926557277 45.25177551032008 11.411385225804349 7.696219432158137 7.682178740791904 7.678820098630525
25401600.0 273.2456484299 273.2468296624 273.2457378848 273.1957544362 272.906949779 272.6126980359 272.3678957827 44.39411408234487 55.22237764476178 45.206310756709016 11.288348355378934 7.696333043737107 7.6822232151651875 7.678849268803018
25488000.0 273.2456376675 273.2468292746 273.2457327811 273.1955934359 272.9080063474 272.6148835333 272.3709937163 44.297198661599154 55.21913265081147 45.15966646283559 11.166527976573828 7.69644583543761 7.682267632007189 7.678878427964716
25574400.0 273.2456171859 273.2468288822 273.2457275388 273.1954166064 272.909045431 272.617047127 272.3740645909 44.113266661708536 55.21584876741872 45.111792514470785 11.045953956007494 7.696557684356289 7.682311971528308 7.678907567995821
25660800.0 273.2456024498 273.2468284864 273.2457221521 273.1952229194 272.910066276 272.6191882242 272.3771079798 43.981348759587945 55.21253631437125 45.06263897358705 10.92665931032839 7.6966684647132135 7.682356214785547 7.678936681411493
25747200.0 273.245585439 273.2468280863 273.2457166131 273.1950112599 272.9110681005 272.6213062304 272.380123463 43.82951419301699 55.2091863783507 45.01213752548649 10.808678744136376 7.696778044128719 7.682400342326026 7.678965760597016
25833600.0 273.2455691096 273.2468276823 273.2457109157 273.1947804241 272.9120500911 272.6234005518 272.3831106318 43.68421911306887 55.205803913075954 44.96023611951507 10.692052485572962 7.696886283065398 7.682444334201394 7.6789947978703275
25920000.0 273.2455528062 273.2468272744 273.245705052 273.1945291053 272.913011418 272.6254706346 272.3860691369 43.539610817712784 55.2023879040692 44.906867454273545 10.576823984819955 7.6969930364732315 7.682488170824082 7.679023785963053
26006400.0 273.2455359364 273.2468268623 273.2456990137 273.1942558845 272.9139511533 272.6275158198 272.3889985274 43.39046716470938 55.1989369604199 44.85196070001185 10.463041306366067 7.697098144510507 7.682531829893504 7.679052716433102
26092800.0 273.2455203344 273.2468264464 273.245692792 273.1939592245 272.9148684509 272.629535674 272.39189861 43.25298192953516 55.19545267741929 44.795440004326764 10.350757746318507 7.697201452612415 7.682575293438348 7.679081583224299
26179200.0 273.2455065561 273.2468260268 273.2456863773 273.1936374472 272.9157620313 272.6315291017 272.3947685131 43.13193171265627 55.19193800764016 44.73722491576186 10.240032320187433 7.697302752973665 7.6826185287052295 7.679110373344001
26265600.0 273.2454908704 273.2468256032 273.245679759 273.1932887387 272.9166309645 272.6334957168 272.397608131 42.99454725513869 55.188388497470086 44.67722564580213 10.130930123957254 7.697401872966745 7.682661517669927 7.679139081245923
26352000.0 273.2454738361 273.2468251753 273.2456729262 273.1929111321 272.9174740356 272.6354347405 272.400416967 42.845867732474446 55.18480239050989 44.615349898000176 10.023523193385577 7.6974986033336465 7.6827042332936974 7.67916769729983
26438400.0 273.2454564955 273.246824743 273.245665867 273.1925024967 272.9182899425 272.6373453583 272.4031945101 42.69507575577796 55.181178649412004 44.551496168668216 9.917890385405068 7.6975927201160665 7.682746647147627 7.679196211533955
26524800.0 273.2454402326 273.2468243064 273.2456585682 273.1920605287 272.9190773149 272.6392267773 272.4059403092 42.554177147123156 55.17751852266745 44.485555428179524 9.814117411295335 7.697683986868138 7.682788730668105 7.679224614390215
26611200.0 273.2454221613 273.2468238651 273.2456510161 273.1915827422 272.9198347392 272.6410782961 272.4086540651 42.398211765808924 55.17381865327631 44.417410522887884 9.712296430462057 7.697772157590727 7.682830456787531 7.679252897700708
26697600.0 273.2454032157 273.2468234189 273.2456431954 273.1910664474 272.9205603869 272.6428985307 272.4113347046 42.23538895997544 55.17007709659119 44.34693527229595 9.612525017803433 7.69785693286142 7.682871782347824 7.67928104501418
26784000.0 273.2453844219 273.2468229678 273.2456350898 273.1905087461 272.9212525738 272.6446866407 272.4139818466 42.07457533537124 55.166293554253876 44.27399397535454 9.514904881767976 7.697938025360539 7.682912675740455 7.679309046854329
26870400.0 273.2453677232 273.2468225121 273.2456266818 273.189906512 272.9219093672 272.6464414801 272.4165947997 41.932286231898 55.16247086826827 44.198440665462726 9.41954007189437 7.698015114019283 7.682953097694068 7.679336890247752
26956800.0 273.2453449657 273.2468220506 273.2456179524 273.1892563715 272.9225286657 272.6481618034 272.4191728093 41.73928425517304 55.158598661334516 44.12011861105607 9.326535062591727 7.698087853366167 7.682993005882768 7.6793645613119015
27043200.0 273.2453251896 273.2468215838 273.2456088811 273.1885546849 272.9231081834 272.6498462562 272.4217150506 41.57243377647192 55.154681019371004 44.03885869040888 9.235992947600218 7.698155871920365 7.6830323546230606 7.679392045110772
27129600.0 273.2453056596 273.2468211116 273.2455994455 273.1877975288 272.9236454334 272.6514933632 272.4242206212 41.408461074461975 55.150717749457414 43.9544795904249 9.148014142501957 7.698218770522549 7.683071094561191 7.6794193255923675
27216000.0 273.2452838533 273.2468206335 273.245589622 273.1869806877 272.9241377286 272.6531016438 272.4266887429 41.22632748589788 55.14670441565627 43.866786348437046 9.062695818610319 7.698276122897677 7.683109175342856 7.679446387748527
27302400.0 273.2452615096 273.2468201493 273.2455793844 273.1860996615 272.9245821144 272.6546690968 272.4291179068 41.04075654915964 55.142639324855324 43.77556953892962 8.980132268086733 7.698327469315022 7.683146533327687 7.679473208234828
27388800.0 273.2452403307 273.2468196592 273.245568705 273.1851496945 272.9249753978 272.6561939317 272.4315071329 40.86585161571856 55.138523575509204 43.680604835673535 8.90041608835388 7.698372319589801 7.6831831088582465 7.679499769108823
27475200.0 273.2452203807 273.2468191633 273.2455575536 273.1841258496 272.9253141572 272.6576740606 272.433855086 40.70198749381894 55.134358365799315 43.58165272634538 8.823640046619065 7.69841015747498 7.68321883417654 7.679526048146888
27561600.0 273.2452008072 273.2468186615 273.2455458983 273.1830231332 272.9255947355 272.6591072795 272.4361604246 40.542062345956026 55.130143434584944 43.478458679639736 8.74989914555983 7.698440441512703 7.683253637700381 7.679552022649184
27648000.0 273.2451790772 273.2468181534 273.2455337046 273.1818366936 272.9258132989 272.6604911631 272.4384215424 40.36550894997174 55.12587423956014 43.37075416874056 8.679292440812151 7.698462615766088 7.683287441440248 7.679577666500549
27734400.0 273.245156928 273.2468176387 273.2455209363 273.1805621093 272.925965902 272.6618231586 272.4406367386 40.186629249159296 55.12154900733916 43.25825861413931 8.611924060750846 7.698476121599674 7.68332016326976 7.679602952051335
27820800.0 273.2451287508 273.2468171161 273.2455075557 273.1791957816 272.9260485798 272.6631006202 272.4428042778 39.960655579971515 55.11715655198465 43.140683303671246 8.547902952014681 7.698480413866096 7.683351717825193 7.679627850800468
27907200.0 273.245101097 273.2468165856 273.2454935238 273.1777354494 272.9260575755 272.664320851 272.4449223116 39.74062166246883 55.11269641598087 43.01773610118796 8.487341013530298 7.698474995107386 7.683382017611863 7.679652332467063
27993600.0 273.2450727846 273.2468160468 273.2454788013 273.1761808205 272.925989588 272.6654812025 272.4469889135 39.51714933627515 55.10816622860739 42.889129733163394 8.430349347853836 7.698459452522176 7.683410975635356 7.679676365399293
28080000.0 273.2450397728 273.2468154988 273.2454633497 273.1745342957 272.9258421003 272.6665792064 272.4490021836 39.258900724995144 55.10355667546504 42.75459132605384 8.377032573958589 7.698433505130775 7.683438508922672 7.679699917805834
28166400.0 273.2450029699 273.2468149404 273.2454471324 273.1728017301 272.9256138124 272.6676127649 272.4509603022 38.97395356388188 55.09885974862314 42.61387436157098 8.327481369680278 7.698397062783204 7.683464543582676 7.6797229584245
28252800.0 273.2449678026 273.2468143719 273.2454301166 273.1709931314 272.92530512 272.6685803678 272.4528616536 38.70460237209641 55.094076567379105 42.466772868267896 8.281763699500434 7.698350288587379 7.683489020713149 7.679745458047098
28339200.0 273.2449352829 273.2468137936 273.2454122748 273.1691231525 272.9249186271 272.6694813613 272.4547049597 38.45809071705029 55.08921009959684 42.31313698283594 8.239915505008783 7.698293661520066 7.683511903702842 7.679767391207863
28425600.0 273.2449056459 273.2468132059 273.2453935866 273.1672112104 272.9244596084 272.6703162306 272.4564894425 38.23558177217568 55.08426372830108 42.15288737094258 8.20193195307753 7.698228027132345 7.6835331859568194 7.679788738299977
28512000.0 273.2448788996 273.2468126093 273.2453740402 273.1652810748 272.9239363383 272.6710868734 272.4582149987 38.03653975845833 55.07924086080133 41.9860276345131 8.167760543565885 7.698154625300263 7.683552898472705 7.679809487841239
28598400.0 273.2448497462 273.2468120031 273.2453536339 273.1633598389 272.9233601726 272.6717968052 272.4598823678 37.82149506486273 55.07413576242963 41.81265261747137 8.137297352032027 7.698075081099696 7.683571115680392 7.679829638730087
28684800.0 273.244819586 273.2468113868 273.2453323758 273.1614763102 272.9227453388 272.6724513003 272.4614932775 37.60112286285404 55.06894499701524 41.63295023065262 8.110387355463073 7.6979913556979 7.683587959530799 7.679849202309226
28771200.0 273.2447879779 273.24681076 273.2453102842 273.1596590071 272.9221083311 272.673057332 272.4630505276 37.372461924697596 55.06366441354261 41.447197312241805 8.086829135769921 7.697905648348314 7.683603598403938 7.679868203625929
28857600.0 273.2447571277 273.2468101226 273.2452873863 273.1579340716 272.92146703 272.6736234027 272.4645580081 37.15154577880456 55.05829371768826 41.255748302278725 8.066383482753164 7.697820268739424 7.6836182429095095 7.679886681970792
28944000.0 273.2447256421 273.2468094744 273.2452637166 273.1563234481 272.9208396076 272.6741592021 272.4660206315 36.928380276021926 55.052830281638464 41.05901920980997 8.048784703482855 7.697737491771566 7.683632137180252 7.679904690266814
29030400.0 273.2446953202 273.2468088154 273.2452393149 273.1548436176 272.9202433639 272.6746750932 272.4674441573 36.715657353445 55.047274650646386 40.85746800669644 8.033753037404438 7.697659414517624 7.683645545537762 7.679922293150104
29116800.0 273.2446631283 273.2468081451 273.2452142241 273.1535050384 272.9196937547 272.6751816395 272.4688349825 36.49216769048448 55.04162214152266 40.65157500152146 8.021006599385132 7.697587846802955 7.683658740072284 7.679939564506988
29203200.0 273.2446321493 273.2468074636 273.2451884881 273.1523122751 272.9192036069 272.6756890294 272.4701998492 36.279380038352336 55.03587349699177 40.44182392147881 8.01027159292557 7.697524232441419 7.6836719855479645 7.679956583938436
29289600.0 273.2446045591 273.2468067713 273.2451621502 273.1512646715 272.9187827047 272.6762066299 272.4715455566 36.09174696552867 55.03003347472268 40.22868677303144 8.001290090813262 7.69746961898815 7.683685527526202 7.6799734331763885
29376000.0 273.2445741404 273.2468060677 273.2451352515 273.1503573569 272.9184376922 272.676742638 272.4728786865 35.8869230807799 55.02409590720525 40.012612140857 7.993825198819555 7.697424665484169 7.683699583110613 7.679990192629947
29462400.0 273.2445470738 273.2468053533 273.2451078301 273.1495823747 272.9181722457 272.6773038627 272.4742053704 35.70646714826404 55.018065553064545 39.79401642360974 7.987663820515369 7.697389679625616 7.683714334958201 7.680006938335645
29548800.0 273.2445224399 273.2468046285 273.2450799202 273.1489297621 272.9179873514 272.677895542 272.4755310864 35.54369463173922 55.011945753435704 39.57328009688026 7.982617446993853 7.697364663206734 7.683729926238156 7.680023739278107
29635200.0 273.244496784 273.2468038929 273.2450515524 273.1483885073 272.9178821354 272.6785217711 272.4768606566 35.37564828309293 55.00573369127521 39.350745497910225 7.978521627245883 7.697349416974962 7.6837464716282105 7.680040657197633
29721600.0 273.244474142 273.2468031471 273.245022753 273.1479472689 272.917853769 272.6791849534 272.4781980236 35.22859111936002 54.999433775393015 39.126716882817604 7.97523433843262 7.697343534382331 7.683764042537386 7.6800577435741335
29808000.0 273.2444450263 273.2468023897 273.2449935445 273.1475949273 272.9178983657 272.6798864307 272.4795463596 35.041200593605495 54.99303347817362 38.9014628445928 7.972633942312877 7.697346506546391 7.683782683364821 7.680075040824905
29894400.0 273.244421872 273.2468016217 273.2449639457 273.1473209481 272.9180112724 272.6806265408 272.4809080784 34.893547753285944 54.98654250557427 38.67521771007073 7.970616898884619 7.697357754998778 7.683802412726404 7.680092582285376
29980800.0 273.2443947878 273.2468008423 273.244933972 273.1471156006 272.9181874084 272.6814048074 272.4822848978 34.7223661353953 54.9799529994457 38.4481863033045 7.969095465369472 7.697376668599522 7.68382322814483 7.68011039283446
30067200.0 273.244359696 273.2468000496 273.2449036358 273.1469700642 272.9184215307 272.6822201226 272.4836779209 34.50301673204558 54.973249491748355 38.220545832605076 7.9679955131411555 7.697402631306943 7.683845110609761 7.680128489784454
30153600.0 273.244320065 273.2467992426 273.2448729468 273.1468764565 272.9187084307 272.6830709119 272.4850877232 34.25858522306829 54.9664226894167 37.9924493276298 7.967254535103621 7.6974350418325805 7.683868028695458 7.680146883847913
30240000.0 273.2442805931 273.2467984211 273.244841912 273.14682781 272.9190430725 272.6839552762 272.4865144421 34.01857729784581 54.95947187840265 37.76402890824975 7.966819875339076 7.697473326869532 7.683891942120404 7.680165580205539
30326400.0 273.2442438535 273.2467975857 273.2448105366 273.146818016 272.9194206843 272.6848711101 272.4879578609 33.79824172983836 54.95240114106158 37.53539863694953 7.966647186245087 7.697516949226684 7.683916804734506 7.680184579463431
30412800.0 273.2442044437 273.2467967358 273.2447788236 273.1468417508 272.9198368121 272.6858161962 272.4894174836 33.565140192777 54.9452047328013 37.30665709888736 7.9666991023712255 7.6975654120521675 7.68394256691463 7.680203878552611
30499200.0 273.2441705358 273.2467958723 273.2447467745 273.146894396 272.9202873451 272.6867882772 272.490892601 33.367246602241856 54.937891767177796 37.077888707190674 7.966944111391749 7.697618260160991 7.683969177363655 7.680223471537162
30585600.0 273.2441426516 273.2467949965 273.2447143892 273.1469719567 272.9207685216 272.6877851106 272.4923823483 33.20633953320365 54.930472570282646 36.84916678333303 7.9673556007795785 7.6976750795732665 7.683996584563186 7.680243350287662
30672000.0 273.2441152325 273.2467941085 273.2446816666 273.1470709851 272.9212769233 272.6888045111 272.4938857545 33.04971482367805 54.922947227845455 36.62055472239408 7.967911057044 7.697735495931608 7.6840247378222 7.680263505106532
30758400.0 273.244081618 273.2467932068 273.244648604 273.1471885083 272.9218094591 272.6898443769 272.49540178 32.859844976491864 54.915303410161854 36.3921072718459 7.968591395880879 7.697799172062307 7.684053588027455 7.68028392519944
30844800.0 273.244047213 273.2467922911 273.244615198 273.1473219643 272.9223633448 272.6909027097 272.4969293492 32.667933953800535 54.90753865051973 36.16387146487775 7.969380402902245 7.697865805180545 7.684083088134143 7.680304599069751
30931200.0 273.2440160964 273.2467913621 273.2445814439 273.1474691452 272.9229360802 272.6919776262 272.498467377 32.4964573467306 54.89965816486864 35.93588834164926 7.970264267883051 7.697935124028259 7.68411319355071 7.680325514888919
31017600.0 273.2439832675 273.2467904192 273.2445473367 273.1476281465 272.9235254235 272.6930673614 272.5000147845 32.317677204238244 54.8916579414702 35.708193885865846 7.971231196747329 7.698006885747446 7.684143862206205 7.680346660655226
31104000.0 273.243951417 273.2467894627 273.2445128701 273.1477973243 272.9241293667 272.6941702689 272.5015705129 32.14629683481363 54.88353884635295 35.48081905907692 7.972271088272214 7.698080872965112 7.684175054617625 7.680368024415058
31190400.0 273.2439182493 273.2467884921 273.2444780375 273.1479752573 272.9247461169 272.6952848292 272.5031335456 31.96997603812634 54.87529752746315 35.253791158046724 7.973375265999882 7.69815689172965 7.684206734168904 7.680389594565951
31276800.0 273.2438765778 273.2467875054 273.2444428313 273.1481607153 272.9253740679 272.6964096302 272.5047028978 31.75151809936414 54.866917113408775 35.027134162701834 7.974536253562504 7.698234768124385 7.6842388665914125 7.680411359688237
31363200.0 273.2438340149 273.2467865024 273.2444072435 273.1483526309 272.9260117835 272.6975433715 272.5062776318 31.531871491715563 54.85839477699261 34.80086848933822 7.975747587594947 7.69831434653586 7.684271420137118 7.68043330879036
31449600.0 273.2437931626 273.2467854833 273.2443712653 273.1485500765 272.9266579791 272.6986848567 272.5078568586 31.324317694873034 54.84973273687814 34.575012515474 7.977003661774987 7.698395487542121 7.684304365410233 7.680455431342558
31536000.0 273.2437521373 273.246784448 273.2443348877 273.1487522438 272.9273115035 272.6998329836 272.5094397356 31.119058980417112 54.84092968314863 34.349582543180006 7.978299595867475 7.698478065873133 7.684337675136309 7.6804777172335665
