0.0 269.1345100964 269.8246552691 270.454577311 271.0816245662 272.1286369477 272.5109571575 272.4246202786 8.1260136164113 8.154835193323507 8.190190201749491 6.698330075862731 6.8367733549538485 6.956697740991676 6.921138128822204
86400.0 269.4219641468 269.895491778 270.3798335924 270.9083159264 271.9095102839 272.4049696435 272.3911562776 8.137057773824338 8.158298537334462 8.185376645986445 6.685103816358427 6.7936020381119695 6.913912437761949 6.909000328929566
172800.0 269.5843107084 269.9802809344 270.3837289466 270.8324888031 271.7446713048 272.2880383779 272.341358421 8.143871275249099 8.162594215733469 8.185622729608275 6.6797428312626765 6.767905113696906 6.876108816311697 6.892338797360033
259200.0 269.7361798688 270.0670577129 270.4073210486 270.7921392254 271.6149777525 272.1730111026 272.2820152966 8.15067572938035 8.167170971242948 8.1871242004319 6.676979497816372 6.75064343073553 6.845693056764964 6.874369127963524
345600.0 269.8265503191 270.1235564311 270.4248233597 270.7651611049 271.5120477676 272.0655493971 272.2168732175 8.154942058723687 8.17025496968941 8.18825054723007 6.67517588807015 6.738424841766496 6.821727216451172 6.856632635262647
432000.0 269.8122424064 270.1137889667 270.4064641466 270.7276284787 271.4248382073 271.9672013072 272.1492138014 8.154255179733251 8.169715723279987 8.187069329360847 6.672767773119875 6.728948920295878 6.8026935396960555 6.840057968852
518400.0 269.8930474262 270.1518768567 270.4122209256 270.7038677565 271.3511182289 271.8779651068 272.0814695267 8.158192963709547 8.171833216085426 8.187438450039721 6.671260856149392 6.721483124763093 6.787351131602701 6.825050224273559
604800.0 269.8887688096 270.1472220809 270.3987757074 270.6755588373 271.2862413225 271.7969139964 272.0152404087 8.157980832390567 8.17157229666245 8.18657814185598 6.669511151375876 6.7152863390740105 6.774739469196605 6.81168433797018
691200.0 269.8940044555 270.1416425655 270.382442277 270.6463901918 271.2275555423 271.7229760708 271.9513813661 8.158240469310456 8.1712603321161 8.185541389150478 6.667743446948887 6.709956080338981 6.76417551931229 6.799850059452607
777600.0 269.8891349467 270.1297033548 270.3623397924 270.6161464737 271.1733757464 271.6550254914 271.8902474497 8.157998969083312 8.170595658571939 8.184277802643786 6.665945998384121 6.70524931131601 6.755159567176921 6.789366212821976
864000.0 269.9580675871 270.1627853507 270.3692604708 270.6013049957 271.1261885084 271.5926380571 271.8320146223 8.161468406215619 8.172447045792739 8.184711285965049 6.665066339914086 6.701302709947788 6.747401670831435 6.78005929172682
950400.0 269.9400091696 270.1516052653 270.3560736114 270.5805889279 271.083164153 271.5351829948 271.7767185343 8.160548824493965 8.171817975741508 8.18388669060579 6.663863773110902 6.697823591949856 6.740654542281402 6.771769975218594
1036800.0 269.9792599434 270.1685842969 270.3568449441 270.567036843 271.0447769338 271.4822304387 271.7243273788 8.162557479400487 8.17277471398635 8.183934764040105 6.663080840024294 6.694809291166306 6.734744388331952 6.764360874719173
1123200.0 270.0049160267 270.1828068548 270.3593546852 270.5570669935 271.01081999 271.4334700447 271.6747856563 8.163890496884362 8.173582378783244 8.184091320554518 6.662507793577942 6.69221018488263 6.729543368240119 6.757717356185223
1209600.0 270.0922887101 270.2358976224 270.3866527497 270.5624728247 270.9836654387 271.3890871176 271.6281199544 8.16855404013798 8.176648801153103 8.185807775145932 6.662804377989984 6.690173287425122 6.724996435358663 6.751755601986682
1296000.0 270.1393638613 270.2728523955 270.4105494156 270.5711164689 270.9623411783 271.3491314843 271.5843908379 8.171149580539161 8.1788326512677 8.187331155322502 6.663289283526216 6.688598824455749 6.7210462392088655 6.746410258533115
1382400.0 270.1506233873 270.2859581536 270.4207283689 270.5743069888 270.9439494617 271.313120619 271.543560952 8.171779334040384 8.179617170940363 8.187986056598824 6.663467797843899 6.687259682643368 6.717595925536749 6.741615666606998
1468800.0 270.0991058212 270.2555125853 270.402210693 270.5610870206 270.9240003252 271.2798618355 271.5053609187 8.168926222997394 8.177802796087896 8.186797338862949 6.662715731329659 6.685829121048327 6.714497339404713 6.737290909292025
1555200.0 270.0943741493 270.2444903889 270.3889061082 270.546414809 270.9027694458 271.2484284625 271.4694031651 8.168667764591822 8.177152910054353 8.185950587184939 6.661886099507028 6.684328927975704 6.711643106750036 6.733354121830716
1641600.0 270.0524897593 270.2129785081 270.3634696666 270.5243789609 270.8794444169 271.2180495556 271.4352610451 8.166405538962355 8.175314941619824 8.1843484641848 6.660654848217255 6.682706281499065 6.708950414049352 6.729730159733814
1728000.0 270.0073875345 270.1749769769 270.3311359225 270.4963614864 270.8535870046 271.1880888162 271.402511021 8.164019762115837 8.173137029455368 8.182342986218357 6.659111656767489 6.680937262486546 6.706355662889609 6.726353232880485
1814400.0 269.8505837622 270.0651683821 270.2531489425 270.4413096645 270.8201176843 271.1572058082 271.3705801503 8.156105770002533 8.167069293372705 8.177643441569922 6.656153666609505 6.678693633784311 6.703741904828896 6.723150036149392
1900800.0 269.7554992499 269.9777254005 270.1776736729 270.379555722 270.7798449371 271.1244253892 271.3388516439 8.1515735904154 8.16246225781538 8.17327077849329 6.652937151222105 6.67605734720824 6.701032562464534 6.720050572373672
1987200.0 269.6447197841 269.882337969 270.0958669844 270.3111696263 270.733744381 271.0892381646 271.3067852081 8.146525404034122 8.157647000401534 8.168713764330311 6.649496364519806 6.673120225361775 6.698195814140003 6.716998946967597
2073600.0 269.6486110823 269.8560879614 270.0536330442 270.2617672649 270.6881537982 271.0523946429 271.2741676486 8.146698699367198 8.156358349148368 8.166431441202334 6.647080994953944 6.67029471555544 6.695301601229183 6.713974693409798
2160000.0 269.6531368344 269.8440774259 270.0282286617 270.2262672003 270.6464388981 271.0151691323 271.2411387956 8.146900609644755 8.155773807886728 8.165080730391361 6.645380854071141 6.66777507728957 6.692453044121539 6.710990841203411
2246400.0 269.6891027152 269.8565845254 270.0225672299 270.2058872781 270.6107948273 270.9789015208 271.2080915337 8.148519092141118 8.156382584570881 8.164781943369118 6.644415856133477 6.665669486887309 6.689747837461023 6.7080810760063585
2332800.0 269.7037164122 269.8623501553 270.0183829043 270.1912483087 270.5805050005 270.9444324259 271.1754768442 8.14918387101225 8.156664381117432 8.16456162762584 6.643728696930973 6.663913568394217 6.687238253342679 6.70528059961099
2419200.0 269.7005501798 269.8572359453 270.0092562319 270.1764216754 270.5536149681 270.9119635942 271.1436369999 8.149039483855145 8.15641438615364 8.164082597469552 6.643039355553071 6.662380206677573 6.684926995188352 6.7026121296935335
2505600.0 269.6710876976 269.8341269067 269.9888682796 270.1560525142 270.5276313356 270.8811377755 271.1127140149 8.147705301254001 8.155291909198155 8.163019926956828 6.642102978793092 6.6609213439242145 6.682778302778859 6.700080010146813
2592000.0 269.5739045426 269.7649742717 269.9382119504 270.1178401436 270.49811608 270.8508661758 271.0825547053 8.143420806870104 8.15200121363275 8.160423101150618 6.640375203167722 6.659291641407106 6.680710014365813 6.697664798692305
2678400.0 269.6082308897 269.7679003073 269.9243894394 270.0949573845 270.469657068 270.8210869308 271.0530266259 8.144914188096282 8.152138424091303 8.159725048865718 6.639352370375682 6.657745052528782 6.678714445357755 6.6953502896841375
2764800.0 269.5922299547 269.7528452668 269.9067895457 270.0737282548 270.4427658748 270.7920063067 271.0240962024 8.144215398723073 8.151434321652843 8.158842636969078 6.63841424879359 6.65630564618551 6.676801923477671 6.693129085162426
2851200.0 269.5724839642 269.7332138178 269.8863900822 270.0517595016 270.4167926254 270.763676462 270.9957638177 8.143359463019458 8.150523117693004 8.157828718007904 6.637454094535103 6.654935430565023 6.6749721590591085 6.690996871595407
2937600.0 269.5275901598 269.6970268578 269.8555272688 270.0240422495 270.3901046377 270.7358162303 270.9679704256 8.14143929052116 8.14886368879707 8.156312498150704 6.636258275358907 6.653547934721552 6.673203913583565 6.688945296057175
3024000.0 269.4655809825 269.6465827586 269.8136568002 269.9887339315 270.3611562119 270.7079027977 270.9405563432 8.138844439819922 8.146593086688858 8.154288893340077 6.634758307372844 6.652065853837536 6.671462419902985 6.68695937920689
3110400.0 269.4488775857 269.6209540215 269.7840821944 269.9579356709 270.3317451605 270.6798474159 270.913387332 8.138156528765517 8.145457991091257 8.15288213534949 6.63346875607261 6.650583198293112 6.669741601103853 6.6850269875695725
3196800.0 269.4523391743 269.6124433995 269.767158632 269.9350624063 270.3040562655 270.6520336207 270.8864603654 8.138298711293567 8.14508375998189 8.152085371475474 6.632521762619794 6.649207755253734 6.668064010787185 6.683145896998802
3283200.0 269.4577140039 269.609191722 269.7564874652 269.9178985066 270.2789718116 270.6249455903 270.8598880141 8.138519871171239 8.144941129271668 8.151586007775997 6.631817172774042 6.647978323692716 6.666456643110943 6.6813218718761345
3369600.0 269.5036679937 269.6332946799 269.7644876462 269.9129874969 270.258486589 270.5992902603 270.8339073886 8.140430475830746 8.146003024695174 8.151960161790933 6.631614363532507 6.646985337617539 6.664957723284245 6.679568595756867
3456000.0 269.5241131606 269.6478266078 269.7714127179 269.9113294052 270.2419304928 270.5754872563 270.8087768018 8.141292049301386 8.146648490384088 8.152285096680764 6.631544984280276 6.646189978309804 6.663586910150064 6.677900247827505
3542400.0 269.5512645604 269.665900707 269.7813031304 269.9129374637 270.2287051185 270.5536955499 270.7847046398 8.142447445322947 8.147456860824066 8.152750888793163 6.63160870733948 6.645559110985839 6.66234832699977 6.6763269121729785
3628800.0 269.4322217058 269.5935625469 269.7372506532 269.8861573295 270.2111449617 270.532638888 270.7615454281 8.13747515054437 8.144258280161768 8.150691674665671 6.630527806002911 6.6447298424286565 6.661166098971742 6.674835525291298
3715200.0 269.3322880033 269.5145102821 269.6773605783 269.8430596813 270.1865802053 270.510743103 270.7388300359 8.133480114501051 8.14087150461775 8.147954614847775 6.62881479524373 6.643583234530371 6.659951643810374 6.673393432383031
3801600.0 269.3298409041 269.4923780907 269.6468791612 269.8108166287 270.1599939646 270.48775543 270.7161739801 8.133384238725947 8.139942847314918 8.146588336279628 6.627552455892077 6.642357761888143 6.658692621477107 6.671975061404337
3888000.0 269.3004431697 269.4636445449 269.617541371 269.7812616014 270.1331497267 270.4639844294 270.6934017136 8.132239539549058 8.138749576506894 8.145289890620662 6.626411071163843 6.641136427031407 6.657407561890963 6.670569035079676
3974400.0 269.2897524267 269.4462232348 269.5957020286 269.7565234526 270.1073078196 270.4399130223 270.670515628 8.13182647365165 8.138032794570737 8.144333667563286 6.625466583747262 6.639975555222427 6.65612335738852 6.669175345836095
4060800.0 269.3251842338 269.4603143917 269.5949420517 269.7448331421 270.0851838203 270.4163746682 270.6477079913 8.133202045070743 8.138612172294833 8.144300549571327 6.625022173484979 6.638992668439188 6.654883865785374 6.667805308381638
4147200.0 269.3298752933 269.4622273532 269.5918250948 269.7356798918 270.0662159968 270.393901893 270.6252310696 8.133385585437637 8.138691079767288 8.144164829899129 6.62467605573475 6.638158058343322 6.653715185105413 6.666473157809859
4233600.0 269.256913419 269.4141829232 269.5586228363 269.7111570037 270.0456498101 270.3719745505 270.6031334696 8.130568202671094 8.136727513990841 8.142729999662336 6.62375983201909 6.637262367627257 6.652588428669509 6.665180544861464
4320000.0 269.2614951854 269.4046467258 269.5426174404 269.6922523503 270.0250782628 270.3503780092 270.5813818138 8.130742811361063 8.136342227965201 8.142045346065629 6.623058899396129 6.6363752061047965 6.651491505951387 6.663924330154518
4406400.0 269.2014807132 269.3611610474 269.5088398569 269.6647110534 270.0027095186 270.3286992101 270.5598579677 8.128479596139229 8.134603596841682 8.140615160249514 6.6220492650301 6.635420656580737 6.650402970052102 6.662696724901235
4492800.0 269.2299951569 269.3667466753 269.5013345243 269.649387708 269.9819382917 270.3072270075 270.5385450249 8.129548491463343 8.134825257141493 8.14030004799301 6.621491072960688 6.634542904897861 6.64933698258435 6.661495983863986
4579200.0 269.2120036662 269.3525354984 269.4870642902 269.6334492606 269.9623422107 270.2861862915 270.5174913526 8.128872722054952 8.134262251919735 8.139703557696132 6.6209150508532 6.633722525113062 6.648303951392054 6.660324051918747
4665600.0 269.1916446388 269.3339148575 269.4693081099 269.615742957 269.9430490591 270.2655576018 270.4967278627 8.128113535716295 8.133529275236477 8.138966157380382 6.620280021208028 6.632922183588781 6.647302032874752 6.659181824474474
4752000.0 269.1857217405 269.323390028 269.4558221855 269.6000536195 269.9243966404 270.2453566184 270.4762759617 8.127893759518752 8.13311732472737 8.138409618347449 6.619720987106954 6.632155158240556 6.646331146235272 6.658069640028706
4838400.0 269.218431098 269.3387188068 269.4590687307 269.5942395826 269.9085465207 270.225996524 270.4562421726 8.129113612232697 8.1337178671079 8.138543321179835 6.619513603565819 6.631508172728342 6.645410037211602 6.656992373029048
4924800.0 269.2559356546 269.3627333927 269.4715561447 269.5964364918 269.8965800261 270.2080233764 270.4368275779 8.130530980104915 8.134665944754307 8.139059224140581 6.619589934157054 6.631022379702364 6.644562985923874 6.655959692384204
5011200.0 269.2977554546 269.3923341984 269.4902883113 269.6048077359 269.8886851338 270.1918768362 270.4182718028 8.132135532181042 8.13584692089525 8.139838018436635 6.619885650734807 6.630702845899673 6.643808546724985 6.654982897151178
5097600.0 269.3324872013 269.4195623345 269.5097450174 269.6158845983 269.8841481856 270.1777332612 270.4007776912 8.133487922965955 8.136945500562128 8.140653228704283 6.620279299724409 6.6305192625351665 6.643152701929687 6.654070969698994
5184000.0 269.3087814208 269.4103547637 269.5077788887 269.6164100907 269.879381067 270.1650447782 270.3843567425 8.132562895010476 8.136572671546936 8.140570556856451 6.6202981283371365 6.6303272191316776 6.642568261925333 6.653222789540278
5270400.0 269.3310871517 269.4228006706 269.5147079719 269.6193691125 269.8749435941 270.1534441149 270.3689263716 8.133433054501138 8.137076950910979 8.140862206464119 6.62040345681869 6.630148875113768 6.6420371467704875 6.652432562229789
5356800.0 269.3522693791 269.438146544 269.5249069139 269.6247118221 269.8715036422 270.1428338729 270.3544118362 8.13426640201285 8.137702183847821 8.141292991725912 6.620594225570836 6.630010725777771 6.641554042712972 6.651695156800922
5443200.0 269.3372749828 269.4317007443 269.5226683654 269.623924621 269.867440134 270.1328846521 270.3406964111 8.133675783983984 8.13743909754109 8.14119828533328 6.6205660333180125 6.629848115173682 6.641103330181746 6.651003555318314
5529600.0 269.3595816654 269.4443654005 269.5295493925 269.6266591926 269.8637880293 270.1235140536 270.3276849014 8.134555685379848 8.13795665134108 8.141489678442337 6.620663670099555 6.629702168132632 6.640680843661847 6.650352067545281
5616000.0 269.3956158203 269.4690899746 269.5455262042 269.6353149431 269.8619730798 270.1149551768 270.3153707968 8.135993442683954 8.13897465600132 8.142169436783304 6.620974091135046 6.629629379984461 6.64029664862153 6.64973959360314
5702400.0 269.4053674438 269.4802423576 269.5554663436 269.6423977986 269.8611460742 270.107252801 270.3037664935 8.13638605932135 8.139437171911181 8.142594617878457 6.621229195524523 6.629595963665378 6.639952273505853 6.6491660285174925
5788800.0 269.3919168159 269.474600566 269.5542528774 269.6431631308 269.8594806867 270.1000735627 270.2928041681 8.135844910576038 8.139202932859684 8.142542619354293 6.6212569374331265 6.629529433342409 6.63963245161322 6.648627375040387
5875200.0 269.3219033739 269.4297900811 269.5266070825 269.6276112489 269.8534099296 270.0924817502 270.2822196965 8.133073878126659 8.137361243634043 8.1413649789032 6.620697884841665 6.62928865858007 6.639295464199931 6.64811019219135
5961600.0 269.2931122649 269.4019998052 269.5030383041 269.6095838103 269.8437521038 270.0838834652 270.2716900198 8.131956106873455 8.136235544034143 8.140371496872547 6.620053814745081 6.628907073735659 6.638915298618072 6.647598491650737
6048000.0 269.3275159967 269.4158143839 269.504645563 269.6041398184 269.8348581211 270.074694073 270.2610923516 8.133293234800592 8.136793575387099 8.140438943557779 6.619859469612127 6.628556868110542 6.6385107439779985 6.647086286068739
6134400.0 269.327759444 269.4165963413 269.5034794015 269.6002464612 269.8271051899 270.0653911599 270.2504648827 8.133302760212887 8.136825253750086 8.140390002603127 6.619720853433547 6.628252592116627 6.638103016140457 6.646575434505396
6220800.0 269.3544938129 269.4324601783 269.5115930448 269.6021803695 269.8214063617 270.0564608224 270.2399460231 8.13435431584589 8.13747005874344 8.140730995101986 6.61978889989909 6.628029407616149 6.637713331703532 6.646072534273347
6307200.0 269.3692556346 269.444115965 269.5194179948 269.6057432945 269.8174602576 270.0481886904 270.2296909675 8.134939676041636 8.137946432560064 8.141060926143926 6.619915080788554 6.627875045594981 6.637353856181615 6.645584838269092
6393600.0 269.3916759477 269.4603308352 269.5304418804 269.6118455639 269.8152261111 270.0407450269 270.2198363996 8.135835246136152 8.13861285031183 8.141527533175829 6.620131934997315 6.62778757272193 6.637031597541799 6.645118578278933
6480000.0 270.8431965078 270.3711146612 270.0881467248 269.9217854527 269.8853726621 270.0471442794 270.2134340649 8.218879937718443 8.184847778761764 8.168293072133787 6.631964521283854 6.630558132162217 6.637308571253502 6.644816903539217
6566400.0 270.3277171613 270.2438380905 270.1366282958 270.0351286478 269.9611493178 270.066157735 270.212425761 8.182169799289614 8.177114564271141 8.170961395255404 6.636717219493995 6.633656303028407 6.6381365445099085 6.644769481783801
6652800.0 270.1270507261 270.1232381593 270.0956997632 270.0560902468 270.0141398395 270.089749565 270.2161619781 8.170464889352527 8.17023735768185 8.168704635391485 6.637620043743956 6.635889450617688 6.639174491126856 6.644945321883782
6739200.0 270.0495107742 270.0618871251 270.0619217575 270.0535299364 270.0464225546 270.1120366563 270.2227404896 8.166246371401632 8.166892925985469 8.166875704998333 6.637507451668446 6.637277704990733 6.640166008293664 6.6452557404139645
6825600.0 270.3506699039 270.2409833124 270.1692397394 270.1185316531 270.0821995254 270.1336751118 270.2310454568 8.183587464182382 8.176946894535979 8.172792398341986 6.6403791446919405 6.638841383366886 6.641139058275965 6.645649107363023
6912000.0 270.3683213632 270.2920349693 270.2277168624 270.1731014753 270.1198526215 270.1556338003 270.2406634061 8.184689492434183 8.179982744709092 8.176151312133353 6.642860998010577 6.640516642798833 6.642137163524475 6.646106746098709
6998400.0 270.1625453156 270.1831058421 270.1815869296 270.1683772808 270.1446910392 270.1758194123 270.2508923258 8.172449974027847 8.173599419228477 8.17349342705729 6.64264174194969 6.641638766995326 6.643064311715037 6.64659592756673
7084800.0 270.0281122228 270.0828437599 270.1165406276 270.1365898909 270.1539562502 270.19178677 270.2606741491 8.165109681244425 8.168024158551681 8.169848130563079 6.64119161691703 6.6420609321352515 6.643804355586637 6.647066130779827
7171200.0 269.9589862781 270.0190643587 270.0652266259 270.1024804866 270.1525370701 270.202639155 270.2690710488 8.161515394834769 8.164616432222868 8.167053335567433 6.639661395979588 6.641996390683892 6.64431072885456 6.647471651531478
7257600.0 269.9190551759 269.9783067346 270.0281957438 270.073412935 270.1456063861 270.2088300358 270.2755589497 8.159491374314655 8.162492261792794 8.165078990804812 6.638377272135811 6.641681032946971 6.6446008379155685 6.647786182798157
7344000.0 269.911406326 269.9619572252 270.0081226423 270.0538261731 270.1373576292 270.211537165 270.2800595783 8.159107906353304 8.161651528021203 8.164023243248623 6.637521868724691 6.641307010039885 6.644727981030329 6.648004991757467
7430400.0 269.9157911545 269.9584658916 269.9994485045 270.042583606 270.1301190564 270.2120461689 270.2828083257 8.159327570918792 8.161472823913915 8.163570119797999 6.63703431873299 6.640979974818309 6.644751906354173 6.648138879562099
7516800.0 270.0257525833 270.0243961133 270.0359430982 270.0585446699 270.1296835655 270.2122953348 270.2843871112 8.164985045537993 8.16489734610786 8.165489164262743 6.63772622772065 6.640960218227629 6.6447636204448255 6.648215866299361
7603200.0 270.0207180484 270.0340428531 270.0489381172 270.0693726791 270.1326318626 270.2131235692 270.2853668213 8.164719589066204 8.16540741625498 8.166180582156432 6.638199121120238 6.641093203343652 6.644802569003305 6.648263671843376
7689600.0 269.9950650454 270.0216151953 270.0451035745 270.0705297619 270.1350867818 270.2142794946 270.286047071 8.163376764235572 8.164750739310792 8.16597611315774 6.638249952618918 6.641204157441265 6.644856954840166 6.648296879317619
7776000.0 270.0034470323 270.0252784392 270.0473077625 270.0725941061 270.1371442707 270.2154946915 270.2865392247 8.163813736733868 8.164943901796327 8.166093601034682 6.638340477473312 6.641297269886768 6.644914163677379 6.648320911888974
7862400.0 270.0762533204 270.0717107881 270.0763711091 270.089546711 270.142449549 270.2172729632 270.2870221294 8.16768341974472 8.167421780214058 8.167654420260316 6.6390868825150475 6.641537700668411 6.644997944290004 6.648344498780463
7948800.0 270.0671969636 270.0763005857 270.0860879782 270.0999857201 270.148615084 270.2196585269 270.2876350052 8.167194691137182 8.167669730576623 8.168181152908526 6.639549760255142 6.6418179641863855 6.645110455112092 6.648374442462891
8035200.0 270.0676068465 270.0794023729 270.0915260356 270.1067835298 270.1542943021 270.2223760838 270.2884083161 8.16721676449246 8.16783760709647 8.168477023393645 6.639852485757299 6.642076918047361 6.645238789640895 6.648412238217571
8121600.0 270.0662993732 270.0804832768 270.0945421245 270.1112448085 270.1590706973 270.2251284592 270.2892922858 8.16714636857188 8.16789616751341 8.168641457919335 6.640051725148117 6.642295293914445 6.645368948880555 6.648455461029489
8208000.0 270.2167587704 270.1754708992 270.153865619 270.1460145215 270.1703097821 270.2290454972 270.2905107456 8.17555049893997 8.173165071414118 8.171925515424752 6.641618995055056 6.642811040574828 6.645554498699265 6.6485150716699435
8294400.0 270.9349025785 270.6426688241 270.4514402453 270.3204705255 270.2186545821 270.2406702076 270.2937210526 8.226707409848162 8.203253243861408 8.189984200540348 6.649921702437612 6.645063506000162 6.646107342793595 6.64867231012172
8380800.0 270.8614045929 270.7017298714 270.5580396055 270.4303327324 270.2782860052 270.2607069652 270.300280428 8.22039693612313 8.207652430659765 8.197190275945456 6.655548080400085 6.6479203477997375 6.6470679853832735 6.648994400824491
8467200.0 270.6178114792 270.5825803941 270.5238021643 270.4506847165 270.322715893 270.2840595841 270.3099005512 8.201465304414391 8.19893268131296 8.194828548045352 6.656618556416686 6.650106570556163 6.648200164093925 6.649468782588296
8553600.0 270.873325598 270.7273982172 270.6146772173 270.5149467903 270.3662059366 270.3090585744 270.3219219323 8.221399871899635 8.20961380114951 8.201200642859252 6.660109226503561 6.652296772224951 6.649427443734692 6.650064938353508
8640000.0 271.0452189465 270.8690110549 270.7265181289 270.6003628133 270.4157339208 270.3363568377 270.3360798359 8.236786013492303 8.221017212111647 8.209524583602642 6.664951558733867 6.6548543582544974 6.650786051945797 6.650771890915639
8726400.0 270.7973542747 270.7558621461 270.691801032 270.6120556916 270.4529785529 270.3633841837 270.3516741027 8.215138121493615 8.211825190715727 8.206880606909092 6.665623635633519 6.656822543840984 6.652150598459723 6.651556704363507
8812800.0 270.6670342202 270.6611015566 270.6357884686 270.5920965661 270.473749842 270.3870732704 270.3675248384 8.205067290669104 8.204609561269837 8.202729682645097 6.664458809085335 6.657936811414937 6.653362866777266 6.652361108819593
8899200.0 270.5946808849 270.5985006945 270.5894292907 270.5660461543 270.4823812943 270.4059687662 270.3824976269 8.199808368026194 8.200062678829608 8.199396632782058 6.6629639357205965 6.658402941100614 6.654340947505745 6.653127233129046
8985600.0 270.5291221024 270.5437147328 270.5468174002 270.5379490906 270.4829533402 270.4199381718 270.3958152156 8.195230722111631 8.196217245079373 8.196411079246749 6.661378004567659 6.658433139798858 6.655070494230427 6.653813854696731
9072000.0 270.5264363283 270.5285458552 270.5275290466 270.5205360873 270.4807590483 270.4299247418 270.4071835418 8.195046818034648 8.195173693363849 8.1950834089698 6.660408186977324 6.65831364450661 6.6555954456129625 6.654403889414284
9158400.0 270.4150596333 270.4539406092 270.4768285658 270.4879310425 270.4733315245 270.4362285767 270.4164794599 8.187658318843804 8.190168740909511 8.191661659087956 6.658617808551999 6.657911471134407 6.6559282871260095 6.654889068183784
9244800.0 270.3633687729 270.404236575 270.4341449807 270.4551110731 270.4618713647 270.4391301443 270.4236610296 8.184379242925655 8.186947006076338 8.188854826455113 6.65684857398938 6.657294565096339 6.656081875549098 6.6552655741679025
9331200.0 270.4286453192 270.4307827566 270.4382014332 270.4470228667 270.4532642009 270.4400439529 270.4289960217 8.188535454758908 8.188656807687071 8.189118750856787 6.656417197092074 6.656833914940843 6.656130296657239 6.655546224888211
9417600.0 270.3879186495 270.4078179291 270.4226320685 270.4346627765 270.4457691468 270.4398104475 270.4328497064 8.18592523294091 8.187176240841264 8.188108940975615 6.6557620343880055 6.656434586697168 6.656117921312177 6.655749459270167
9504000.0 271.1897792266 270.8980082537 270.7139629962 270.5900472454 270.4770122487 270.4456697576 270.4370831204 8.251246649481834 8.223482581013322 8.208561956635426 6.664349484467943 6.658110761372775 6.656428933127586 6.6559732136241205
9590400.0 270.9556446124 270.8590249294 270.7565486411 270.6568530096 270.5159046841 270.4581344368 270.4431415966 8.228544833118514 8.220178927869977 8.211857418934112 6.668277640103606 6.660238932559654 6.657093898124532 6.656294333933888
9676800.0 271.5163606403 271.2109862128 270.9884884675 270.8084463551 270.5764620703 270.479102174 270.4523630154 8.290641482316701 8.253481276909135 8.23146570895774 6.677829937118407 6.663648734487976 6.65822286125118 6.656785155078525
9763200.0 271.4158553329 271.2353389043 271.0645604555 270.8991035517 270.6389984865 270.5067890295 270.4652457955 8.277350546127135 8.256116169125221 8.238591463744775 6.683978321142976 6.667297486117444 6.6597339241015385 6.657475043468835
9849600.0 271.1710335636 271.1087505561 271.0203464899 270.9105197634 270.6838006489 270.5359689715 270.4809157451 8.249283377017067 8.242933943860816 8.234403868854987 6.684757923291466 6.669993443811676 6.661352125002474 6.658320843553264
9936000.0 271.2384449855 271.1329187436 271.0351594847 270.9308379631 270.718233507 270.5638642042 270.4981183464 8.256476265430415 8.245355489315264 8.235792349140489 6.686193360601025 6.672114642871613 6.662924357865648 6.659257901724172
10022400.0 271.1808510598 271.1063696884 271.0279253038 270.9387337749 270.7442289953 270.5892312431 270.5157657284 8.250308123124624 8.242697694966244 8.235112463038885 6.686752882304103 6.673745212559002 6.664376117181385 6.6602286139372495
10108800.0 271.0571411705 271.0287293121 270.9843139347 270.9221888342 270.7593896881 270.6108899854 270.5329059306 8.23792221552679 8.23521074364197 8.231085468808166 6.6855663916774075 6.674707013456008 6.665632654901846 6.661180717018791
10195200.0 270.9815847478 270.9673581281 270.940406071 270.8972826666 270.7652849406 270.6282030437 270.5487729885 8.230879349145651 8.229574728479442 8.227150934586138 6.683811354661325 6.675082132314754 6.666648578977692 6.662070389689943
10281600.0 270.9318175849 270.9225752362 270.9040829576 270.8724645033 270.7650928713 270.6412908236 270.5628830479 8.226436308767981 8.225608467222992 8.22398277267851 6.682093082015931 6.675068116922372 6.667423464508846 6.662868342919271
10368000.0 271.5839521517 271.3100897233 271.1268978686 270.9873871355 270.7923544502 270.6562097947 270.5762675317 8.300283216489017 8.264524824854165 8.244724789645558 6.690310596472987 6.67683272915682 6.668314123138496 6.663631258565886
10454400.0 271.310038952 271.2278257262 271.129356229 271.0221680519 270.8219832634 270.6736586017 270.5898500317 8.264539771846307 8.255297979820932 8.24497240757285 6.692912559124447 6.678784188865336 6.669365903665829 6.664411507511331
10540800.0 271.3258093821 271.2318241473 271.1409739157 271.0437565161 270.8477582799 270.6921976131 270.6038749176 8.266378818179453 8.255732817822949 8.24614867706926 6.694560040363609 6.680511143825444 6.670495524763508 6.66522364604989
10627200.0 271.2112758208 271.1673004587 271.1102382089 271.0378646439 270.8646890804 270.7097356825 270.6179795269 8.253532631522894 8.248875606186852 8.243058442013185 6.694099360181092 6.681659908198344 6.671575863782892 6.666047128219552
10713600.0 271.1408367202 271.1131811554 271.0744345338 271.0205219407 270.8730127186 270.72478223 270.6315576861 8.24617818615777 8.243374674614849 8.239544703014147 6.692771682674142 6.682228083871539 6.672511955907401 6.666846334607539
10800000.0 271.1499248817 271.1070122978 271.0637890032 271.0120900286 270.8777395132 270.737240654 270.6441799529 8.247105410592805 8.242761419572284 8.238517270339612 6.692133309898358 6.682551754881261 6.673293583468321 6.667595037117682
10886400.0 272.0116568395 271.6275533507 271.3709160294 271.1771156401 270.9191199835 270.7542729678 270.657173656 8.379804907185397 8.30681431180399 8.271725713040077 6.705392038059818 6.685446361487845 6.674371921403233 6.668371644010684
10972800.0 271.6850957132 271.549178925 271.3979959576 271.2406896466 270.9650576471 270.7763834237 270.6716568974 8.315925937447098 8.295225131206962 8.275061626603843 6.710916225280983 6.688753087633387 6.67578886379474 6.669244392436507
11059200.0 271.7089744834 271.5639315567 271.425865108 271.2818477741 271.0060601407 270.8012306303 270.6878093163 8.31985480575978 8.297341457622087 8.278575657536262 6.71463922754689 6.691791227480819 6.677404763072125 6.670226700848227
11145600.0 271.5812716455 271.498293287 271.4019774996 271.287975548 271.0359001193 270.8258047401 270.7050197032 8.29988914394872 8.288142047294897 8.27555856258558 6.715186829019393 6.6940544716169965 6.679028062737307 6.671283934141728
11232000.0 272.1897242528 271.8530906945 271.6111482413 271.4079640653 271.0832643541 270.8529198516 270.7234739812 8.427515028334765 8.345777181489245 8.304289420468981 6.72692430396759 6.697754116237194 6.680849049558015 6.672429926459593
11318400.0 271.8940067983 271.7633436382 271.6131814455 271.4487043824 271.1274468791 270.8818478858 270.7432203148 8.35396231999613 8.329148197455153 8.304596866731407 6.731139241237648 6.701318029505252 6.68282731205977 6.673670574125474
11404800.0 271.6996930257 271.6405420772 271.5528132004 271.4364006094 271.156038269 270.9093124466 270.763552682 8.318316284281229 8.308820745927813 8.295717527638901 6.729802420810192 6.703681259264431 6.684740475351416 6.674963935517038
11491200.0 271.5639141501 271.5355168217 271.4829255968 271.4018672067 271.1687212552 270.9325956311 270.7833504236 8.297361326177905 8.29329090988518 8.286040583043984 6.726214347489349 6.7047405041076615 6.686389845612462 6.676239108444597
11577600.0 271.4533134258 271.4442622938 271.4143122111 271.3587049861 271.1690697134 270.9504561345 270.8015735871 8.282167212321152 8.28096736079532 8.277108785326632 6.721893311418963 6.704762902933663 6.68767260578706 6.677426942148072
11664000.0 271.4365830321 271.4104181439 271.3771482875 271.3275862974 271.1639853132 270.9633436115 270.8176341136 8.279996565707808 8.276642813940361 8.272486743500359 6.718878800372936 6.704329271879208 6.688607844147736 6.678485212760902
11750400.0 271.442422504 271.4022868081 271.3612580331 271.3098527304 271.1584726037 270.9726100809 270.8314543637 8.280750606491942 8.275622377091684 8.270554147697244 6.717196670069189 6.703863445180885 6.689285380893597 6.6794045647821845
11836800.0 272.0631735773 271.7703996512 271.5722468125 271.4172334442 271.1800168373 270.9840242843 270.8442631375 8.392406771854418 8.330397131143444 8.298520824272705 6.727821431426329 6.705688195172393 6.6901258618893396 6.680263926358465
11923200.0 271.8034404787 271.6996597138 271.5809322761 271.4532287018 271.2059956656 270.9984779287 270.8571473671 8.336398357377034 8.318287414782786 8.29979033596901 6.73157846649202 6.707925790003507 6.691199635639572 6.681135531419183
12009600.0 271.7655037231 271.6724859204 271.5750969475 271.4653026734 271.2273786802 271.0142883231 270.8704179162 8.329553440408016 8.313866179177875 8.298936268504717 6.732856045178356 6.709798723775217 6.6923865373810445 6.682040906299845
12096000.0 272.6232134941 272.1737445714 271.8696087433 271.629569542 271.2780930142 271.0358011383 270.8851766874 8.631143523401033 8.422683733690643 8.348995596360194 6.752044402295656 6.7143797397133245 6.694022641189865 6.683057050769384
12182400.0 272.4178360017 272.1795904653 271.9490850202 271.7237616414 271.3363777134 271.0633995864 270.9023243659 8.512205141238182 8.424427114466582 8.365536536971234 6.764433299381917 6.719876474537538 6.696158133368711 6.684250091071222
12268800.0 272.1367968767 272.0389139553 271.9028313774 271.7367626412 271.3804208864 271.0930011318 270.9215565459 8.412040718380155 8.386337816038832 8.355719480050734 6.76614230708002 6.724199036307329 6.698495735087384 6.685604342243768
12355200.0 272.2934809149 272.1049156 271.9396445573 271.7689811691 271.4176356359 271.122374542 270.9421110629 8.461868046105225 8.403259277395707 8.363487701983377 6.770714894309743 6.727976402709656 6.700865222504743 6.687071025164394
12441600.0 272.0919240903 272.008005293 271.8989490335 271.7635964725 271.4435838094 271.1495296289 270.9630464879 8.399832265856594 8.37891761198661 8.35492008186475 6.769886309758416 6.730676643379051 6.703101552726111 6.688585877277408
12528000.0 271.9807819097 271.9237766578 271.8455193009 271.7394219141 271.4576175521 271.1729042447 270.9834006248 8.372650820190257 8.360126701585298 8.344280041045028 6.7664195023912255 6.732155947327777 6.705062953835191 6.690079455149908
12614400.0 271.8657018818 271.8355536514 271.7832530168 271.7029423965 271.4609532551 271.1915903618 271.0023363751 8.348275884745474 8.34239573220705 8.332668445365218 6.76138587763258 6.732501364944491 6.706655869694562 6.691487780462455
12700800.0 272.5757804793 272.2245683076 271.990833881 271.8027429504 271.4856669673 271.2103583059 271.0203330726 8.598138384647148 8.43838260884936 8.374892173221976 6.775682350858019 6.735183690619423 6.708278639159371 6.6928434593096835
12787200.0 272.6526524052 272.3597531374 272.118578125 271.9001893626 271.5270214476 271.2326950158 271.0385560125 8.653937105747753 8.48719941857425 8.40692893169019 6.791228861831626 6.739810463485494 6.710240633887716 6.69423362407916
12873600.0 272.8358779802 272.4988623653 272.231456052 271.9901821464 271.5742193808 271.2574431057 271.0571690107 8.860797783796919 8.552385288301497 8.440574471446926 6.807290973086429 6.745311184591339 6.712454457163808 6.695672057096385
12960000.0 272.7387017965 272.5348554313 272.3103750099 272.0742486581 271.6286901548 271.2869040301 271.0772700918 8.733914187268914 8.572720222749954 8.467983953726895 6.824027724524409 6.751972708608183 6.7151465722343815 6.697246979062451
13046400.0 272.8726092899 272.5911046718 272.3554295358 272.1253100819 271.6800971186 271.32009511 271.0994818121 8.925163267389483 8.608308274762571 8.485412822165134 6.835121479471297 6.758584663153386 6.718256293287111 6.69901385855497
13132800.0 272.9092119511 272.6484370016 272.4153984592 272.1821670207 271.7274953189 271.3544102693 271.1234317488 9.003285223381827 8.650512759900677 8.511027731057956 6.848567962867154 6.764992760432124 6.7215606311336265 6.700951130070097
13219200.0 272.9226646486 272.6799448996 272.4576231637 272.2299702101 271.7729582438 271.3889462452 271.1486281755 9.036585903393231 8.676893666767379 8.53100575403518 6.860778756905308 6.771444948397802 6.724982274764388 6.70302626587431
13305600.0 272.8842886435 272.6880523727 272.4844304955 272.2668795222 271.8145448575 271.4231906195 271.174626662 8.948346795298681 8.684110293940092 8.544654116246921 6.8708362805639895 6.7776273042107995 6.728474841886055 6.705208517804608
13392000.0 272.8308611404 272.6593692352 272.4820433124 272.2841944943 271.8492214426 271.455986994 271.2009217768 8.852871658192107 8.659380634316657 8.54340584263771 6.875668244273506 6.7829974807118765 6.7319175075971565 6.707459479491694
13478400.0 272.9223096893 272.6995341204 272.5039801134 272.3040454968 271.8790608965 271.4871747524 271.2270459844 9.03566989978637 8.694658410673192 8.555133010005433 6.881518233754843 6.787787595495422 6.735284379785602 6.709740910702753
13564800.0 272.9386651337 272.7266729867 272.5326942429 272.3316245173 271.9069969794 271.5161566152 271.2526079154 9.080218328484758 8.721257051336476 8.57140815092862 6.890038309797723 6.792431618260075 6.738498255271895 6.7120182260242975
13651200.0 272.9460166662 272.7430978863 272.5545467374 272.3567152042 271.9345677153 271.5436120834 271.2773816103 9.101947904162314 8.738618698047642 8.58456697268066 6.8981394599038195 6.797172106548746 6.741621920509256 6.714269209513665
13737600.0 272.9507183146 272.7551738957 272.5720386908 272.3784121467 271.9607854326 271.5700044418 271.3014321418 9.116464482114754 8.75206150987874 8.595627886674853 6.9054440526399095 6.801829587403284 6.744700275582119 6.716497189326658
13824000.0 272.9544092426 272.7649090665 272.586716917 272.3973539483 271.9852230541 271.5953530949 271.3248307689 9.128221474130891 8.7633510126976 8.605300291995633 6.912068126284111 6.806308947815143 6.747729635684872 6.7187064738296245
13910400.0 272.9567000299 272.7730249101 272.599418237 272.4141363316 272.0078575851 271.6195860347 271.3475732161 9.135685495380388 8.773091536871616 8.613977044232026 6.918143516623489 6.810583008021811 6.750695024719319 6.720894477985645
13996800.0 272.9594056515 272.7800170253 272.6105088287 272.4291164009 272.0288231333 271.642679174 271.3696321677 9.144672111923807 8.781736454867122 8.621800110566923 6.923739522402333 6.814654781683615 6.753586541109094 6.723056243661714
14083200.0 272.9622191011 272.7867320615 272.6207320313 272.4428016675 272.0483177296 271.6646763787 271.3910011478 9.154219973302677 8.790270227929678 8.629225813704405 6.929004963079737 6.8185429796842225 6.75640266615743 6.725188654451393
14169600.0 272.9645933678 272.7928425 272.6301395252 272.4554308519 272.0665090294 271.6855961867 271.4116557203 9.162444165977417 8.798241711537779 8.636249650216085 6.933999759897198 6.822264116087059 6.759138911425471 6.727286650546945
14256000.0 272.9471280915 272.7946123574 272.6378934929 272.4669127623 272.0835311501 271.7054925016 271.4315821088 9.105334375739163 8.800588526582404 8.642182345315153 6.938653984948388 6.825830732862508 6.761795678972224 6.729346058396054
14342400.0 272.8578166698 272.7553664373 272.6248909718 272.4686287795 272.0981948449 271.7241569381 271.4506509587 8.897799377092543 8.752280777655004 8.632307925191764 6.939232039173565 6.828966458220272 6.7643378175107 6.7313503138332305
14428800.0 272.9388912417 272.7662482734 272.6204927119 272.4671044407 272.1102153637 271.7418730511 271.4691551862 9.080869882373246 8.764937216554959 8.629049553227926 6.938525853850516 6.831578218280281 6.766796920217489 6.733327407146885
14515200.0 272.9593275639 272.7898678608 272.6369359089 272.4771572065 272.1208011713 271.7581357632 271.4868617077 9.14441010829212 8.79433601114386 8.64144248411231 6.942780653065121 6.833919035811084 6.769095065419549 6.735249763090401
14601600.0 272.9661953298 272.8024078594 272.650451191 272.4897108644 272.1327355117 271.7733184208 271.5036861522 9.168082062039552 8.811135544842665 8.65207883224816 6.948180744940693 6.836610958506665 6.771276858931615 6.737104719894903
14688000.0 272.9700526909 272.8105617165 272.6609280752 272.5013353156 272.1454662497 271.7880630259 271.5197611766 9.181961888173953 8.822549866796772 8.660622458171353 6.953296108767802 6.839536433983167 6.7734301695752395 6.738903534365295
14774400.0 272.9726955723 272.8167818972 272.6695840739 272.5117795409 272.1582050059 271.8025695367 271.5352830205 9.191729345799878 8.831534652435183 8.66788885073098 6.957999092023326 6.842518774662447 6.77558275536632 6.74066561580374
14860800.0 272.9745515982 272.8218119587 272.6770192597 272.5212181715 272.1705823948 271.8168089767 271.5503731908 9.198718931269045 8.838984463640513 8.674287371968846 6.962342873857894 6.84547063410188 6.777729439729439 6.742402970004182
14947200.0 272.9759897813 272.8260727924 272.6835726047 272.5298208115 272.1824591978 271.8307121924 271.5650800134 9.204210898210292 8.845428879801123 8.68005208459961 6.966383508035882 6.848354894315851 6.779858539484952 6.744119763703683
15033600.0 272.9773606609 272.829860311 272.6894835532 272.5377380385 272.1937985078 271.8442276735 271.5794169867 9.20950895018086 8.851263982578654 8.68535581767588 6.970174225569813 6.851157495301218 6.781960443549903 6.74581630441137
15120000.0 272.9782206715 272.8332570771 272.6949141902 272.5451020656 272.2046106132 271.8573268679 271.59338471 9.212864633143234 8.856584942801796 8.690318440636922 6.973764731523434 6.853875672848834 6.784028684268422 6.74749141001339
15206400.0 272.9793629419 272.8363156287 272.6998828152 272.551964582 272.2149244479 271.8699932567 271.6069816922 9.217360426860784 8.861449095716555 8.694936508120522 6.977168061697773 6.856511585743082 6.786058361671359 6.749143629391088
15292800.0 272.9806682141 272.8393873356 272.7046262639 272.5584450363 272.2247692695 271.8822409836 271.620209382 9.222552782192157 8.8664055546416 8.699416453554806 6.980435720199241 6.859067917326689 6.788049504429203 6.750771850880658
15379200.0 272.9817664798 272.8423034778 272.7091577712 272.5646234574 272.2341918913 271.8940765964 271.6330727657 9.226967917648906 8.871178799821115 8.703762891298535 6.983601085535114 6.861552559642755 6.79000097180844 6.752375402196191
15465600.0 272.9826373861 272.844994455 272.7134429094 272.570511335 272.2432327982 271.905516592 271.6455787124 9.230499579208429 8.875643453508513 8.70793448034814 6.986663655812955 6.863972369822591 6.791913335369412 6.753953869554659
15552000.0 272.9833678001 272.8474752408 272.7174793162 272.5761136003 272.2519184061 271.9165801926 271.6577370061 9.233482626282623 8.879811491543155 8.711919910651998 6.989620203154424 6.866330936117679 6.793787769200847 6.755507246254873
15638400.0 272.9838680709 272.8497511797 272.7212813185 272.5814440442 272.2602675824 271.9272848742 271.6695584538 9.23553698252377 8.88368023829924 8.71572472641832 6.99247270727352 6.868630156430505 6.795625308039362 6.757035709986247
15724800.0 272.9847110746 272.8519287665 272.7248731123 272.5865159095 272.2682983539 271.9376482107 271.6810559863 9.239019623648504 8.887422776325804 8.719365480220215 6.995223318114764 6.870871982835215 6.797427150175361 6.758539776104697
15811200.0 272.9857378414 272.8542046943 272.7283960762 272.5913984552 272.2760287799 271.9476845079 271.6922404864 9.243297216772772 8.8913779595557 8.722981101703986 6.997906824318894 6.873058679143557 6.799194061625821 6.7600197587757265
15897600.0 272.9867223916 272.8564561525 272.7318474815 272.5961352512 272.2834886551 271.9574089188 271.7031230086 9.24743637797643 8.895335324514862 8.726567044052453 7.000544278058452 6.875196214952285 6.800927078141709 6.7614760545181545
15984000.0 272.9876192105 272.8586304617 272.7352001737 272.6007295569 272.2907046627 271.9668387485 271.7137149495 9.251239084832681 8.899200092217002 8.730092750696247 7.003134736629169 6.877290031755721 6.8026277505691946 6.762909166788709
16070400.0 272.9883725308 272.8606951858 272.7384345043 272.6051769393 272.2976944356 271.9759912201 271.7240281383 9.25445750287622 8.902909917626374 8.73353431306979 7.00567305973166 6.8793432381551485 6.804297756779624 6.7643197210138695
16156800.0 272.9893102277 272.8627056574 272.74155187 272.6094741203 272.3044693237 271.9848816867 271.7340744307 9.258494882691995 8.906560229944757 8.736889630788403 7.008154834102572 6.881357297050274 6.805938567632656 6.765708411232943
16243200.0 272.9899668309 272.8646730515 272.7445986576 272.6136471315 272.3110396772 271.9935235361 271.7438654409 9.261342858114226 8.910169228855592 8.740205924115395 7.010593358070601 6.883333542889842 6.8075514082967645 6.767075962388094
16329600.0 272.9902458088 272.866372333 272.7474713287 272.6176722138 272.3174177539 272.0019287227 271.753411796 9.262558166326524 8.913316265024887 8.743366767334793 7.0129715049697525 6.885274040063159 6.809137337995399 6.768423022636882
16416000.0 272.9908791797 272.8680027046 272.7501850072 272.6215250256 272.3236052192 272.0101083723 271.7627236895 9.265329039935914 8.916362105076422 8.746383582315712 7.015272156285449 6.887177672274652 6.810697350545171 6.769750235281054
16502400.0 272.9918978988 272.8697926779 272.7528820503 272.6252619139 272.3296042449 272.018070984 271.7718105802 9.269820251837555 8.919736361892344 8.749412174871694 7.017528113660708 6.889043558760207 6.812232017042023 6.771058191903042
16588800.0 272.9924382775 272.8715480473 272.7555703798 272.628931443 272.3354318732 272.02582044 271.7806791686 9.272220091922039 8.923076610306213 8.752461524549176 7.019767582033761 6.890875637337003 6.81374106961771 6.7723471314928405
16675200.0 272.9927177084 272.8730381538 272.7581010606 272.6324866324 272.3411044955 272.0333707741 271.7893371963 9.273465854193468 8.925936724181822 8.755360382911801 7.021958870317357 6.892677795194646 6.815226275450645 6.773617481223636
16761600.0 272.9931889039 272.8744829611 272.7605091858 272.6359044239 272.3466231864 272.0407325901 271.7977948958 9.275574000324198 8.928731788441617 8.758144777451818 7.024085956404833 6.89444909002809 6.816688824777586 6.77487007934265
16848000.0 272.9935474951 272.8758857477 272.7628440197 272.6392121453 272.3519879841 272.0479126732 271.8060599364 9.277184663414483 8.931466459760596 8.760868940321819 7.026164586595025 6.896188322895146 6.818129218097773 6.776105433139935
16934400.0 272.9940027751 272.8772406976 272.7650965588 272.6424152422 272.3572053673 272.054916473 271.8141388063 9.279237530217502 8.934127673559841 8.763520301455893 7.028196403297983 6.897896445348095 6.819547734074675 6.7773239105371434
17020800.0 272.9944670955 272.8786031019 272.7673034435 272.6455302964 272.362282096 272.0617501666 271.8220378928 9.281340341876772 8.936823390053616 8.766140359930764 7.03019086386858 6.899574573552149 6.8209448403982 6.778525897180468
17107200.0 272.9948860319 272.8799145588 272.7694522499 272.6485647475 272.3672254172 272.0684178226 271.8297604888 9.283245632699181 8.939437344571214 8.768713109710777 7.032151399689415 6.901224085450629 6.822320612814166 6.77971133405465
17193600.0 272.9956333656 272.8812796954 272.7715666818 272.6515250141 272.3720452274 272.0749300507 271.837317398 9.28666348557837 8.942178383397948 8.771265842444746 7.0340811906306255 6.9028473246462525 6.823676524272026 6.780881346038484
17280000.0 272.9963104178 272.8827141621 272.7736994824 272.6544431579 272.3767485989 272.0812913449 271.8447119111 9.289781190344224 8.945080992267773 8.773862293344079 7.036001029029786 6.904445815644838 6.825012834981524 6.782035935482474
17366400.0 272.9967777632 272.8840467611 272.7757857406 272.6573137896 272.3813475128 272.0875085447 271.8519497038 9.291945154010198 8.947798271916295 8.776423308581977 7.037906123925082 6.906022868918385 6.826330336208247 6.783175497654822
17452800.0 272.9971362257 272.8852949877 272.7777982307 272.6601140178 272.385847221 272.0935891647 271.8590367357 9.293611606443283 8.950361906360024 8.778913934545194 7.039780079401743 6.907579537038044 6.827630012961527 6.784300501337178
17539200.0 272.9974684292 272.8864571565 272.7797270242 272.6628331563 272.3902471312 272.0995389941 271.8659783355 9.295161171160167 8.952764979568995 8.781319813932281 7.041614586883907 6.909114877099936 6.8289125300928255 6.785411343520901
17625600.0 272.9976626574 272.8875549533 272.7815855908 272.6654721664 272.3945465831 272.1053631797 271.8727807158 9.296069475112425 8.95504944142337 8.783655763087841 7.043409323382504 6.9106279266750805 6.830178452681275 6.786508590572408
17712000.0 272.9978336435 272.8885537286 272.7833535945 272.6680249207 272.3987450232 272.1110637955 271.8794469218 9.296870511988589 8.957140203301389 8.785894182416367 7.045158728839042 6.912117767509374 6.831427705217328 6.787592322380441
17798400.0 272.9982399521 272.8895815528 272.7850719381 272.6704987771 272.4028435414 272.1166458525 271.8859837667 9.29877935452764 8.959304190102708 8.788085137613193 7.046867078496862 6.913584058221127 6.832660877173256 6.788663252953434
17884800.0 272.9985985607 272.8906437057 272.7867832116 272.6729217873 272.406844972 272.1221108874 271.8923936361 9.300470416618506 8.961553815163299 8.79028235287073 7.048553465093234 6.915027141328581 6.83387781567237 6.789721395832267
17971200.0 272.998787694 272.8916300692 272.7884507706 272.6752952567 272.4107572284 272.1274620961 271.8986799119 9.30136469716308 8.96365520200904 8.792438275259851 7.050217739356669 6.91644925668216 6.8350787515858435 6.790766941876527
18057600.0 272.9992474376 272.8926115852 272.7900671163 272.6776076569 272.4145847262 272.1327036751 271.9048461052 9.303545439478002 8.965758117105757 8.794542122010332 7.051850864950162 6.917851402791336 6.836264164449816 6.791800119586512
18144000.0 272.9998160502 272.8936983478 272.7917033851 272.6798846294 272.4183298218 272.1378394843 271.9108957567 9.306256284212514 8.968100457320412 8.796686235464373 7.053471211066089 6.919233873066264 6.837434485185245 6.792821179069263
18230400.0 273.0002460932 272.8947659826 272.7933397464 272.6821404831 272.4220004813 272.1428732872 271.9168324806 9.308316644040824 8.970415972893461 8.798845057575393 7.055088513963136 6.920599126687829 6.838590148249038 6.793830399587082
18316800.0 273.0005864225 272.8957742191 272.7949390665 272.6843610522 272.4256035551 272.1478095846 271.9226597654 9.309953417874883 8.972615903662216 8.80096926808134 7.056691779188899 6.921949253815372 6.839731784391962 6.794828055725697
18403200.0 273.0008942677 272.8967329361 272.7964911706 272.6865350026 272.429140604 272.1526527156 271.9283810726 9.311438737836394 8.974719832243457 8.803044392485402 7.0582721723300486 6.923284382875413 6.840860016197077 6.795814433648199
18489600.0 273.0011585428 272.8976507527 272.7979983831 272.6886594514 272.4326110107 272.1574048261 271.9339985971 9.312717474481207 8.976745111244188 8.80507248390418 7.059827039097276 6.924603833035485 6.841974978401018 6.796789614864656
18576000.0 273.0014503093 272.8985385392 272.7994622286 272.6907335564 272.436013994 272.16206993 271.9395169687 9.314133151904427 8.978714557012125 8.807054600027943 7.0613551581472835 6.925906862761364 6.843077262252176 6.797754117932888
18662400.0 273.0017277644 272.8994156623 272.8008962359 272.6927626998 272.4393509968 272.1666512207 271.9449405402 9.315483224212933 8.980670510678399 8.809008265379967 7.0628600697029835 6.927193588262634 6.844167289126902 6.7987084338278985
18748800.0 273.0020750489 272.9002836428 272.8023014328 272.6947502542 272.442623698 272.1711501956 271.9502713711 9.31717837337114 8.982616107944438 8.810934271734386 7.064343756684355 6.928464243983078 6.845245092991455 6.799652665923138
18835200.0 273.0023834188 272.9011589998 272.8036934328 272.6967038072 272.4458345129 272.1755688836 271.9555118405 9.318688534268713 8.98458843456413 8.81285361736961 7.065811623641609 6.9297193708979234 6.846310845697679 6.800586983874741
18921600.0 273.0027446509 272.9020138061 272.8050594695 272.6986235902 272.4489866123 272.1799093904 271.9606641515 9.320463540581265 8.986524422532195 8.814748331389522 7.067263290859814 6.9309598377132255 6.847364750521706 6.801511536196496
19008000.0 273.0030725741 272.9028804423 272.8064151835 272.7005137483 272.4520825162 272.1841743139 271.9657308324 9.322080482256577 8.988497342927355 8.81663977352222 7.068701694762519 6.932186276381483 6.8484071445352885 6.802426540112779
19094400.0 273.0033852609 272.9037111464 272.8077438943 272.7023734783 272.4551249018 272.188366001 271.9707141571 9.323627293065389 8.990398128777686 8.818504323597033 7.070125703293125 6.933399414256476 6.849438319079155 6.803332177622946
19180800.0 273.0035901391 272.9045153273 272.8090466323 272.7042002259 272.458115336 272.1924868037 271.9756163912 9.324643452676787 8.992247314116003 8.820342889345495 7.071532981460651 6.934599545864545 6.850458581295803 6.804228639236248
19267200.0 273.004181722 272.9053416413 272.810320978 272.7059903234 272.4610546407 272.1965389796 271.9804399236 9.327589474501835 8.994156784797736 8.822151503491835 7.072920211566407 6.935786678538297 6.851468229202712 6.805116148096109
19353600.0 273.0043511777 272.9062246468 272.811632076 272.707770705 272.4639441109 272.2005243686 271.9851869173 9.328436621766189 8.996207870625195 8.824022821752932 7.074308941283784 6.93696103571853 6.852467469558999 6.8059948958361085
19440000.0 273.004067436 272.9068038044 272.8128302507 272.7095098359 272.4667890066 272.2044449156 271.9898593611 9.327018973433036 8.997559164130125 8.825742404091743 7.075672541533054 6.938124500789169 6.853456546829674 6.806865050890284
19526400.0 273.0044452952 272.9074164774 272.8139407534 272.7111697505 272.4695842419 272.2083030134 271.9944594117 9.328907776662781 8.998993865794338 8.827344282496746 7.076980365019358 6.93927462395914 6.85443583119728 6.807726821826464
19612800.0 273.0047364957 272.9081751626 272.815097269 272.7128030902 272.4723233258 272.2120991808 271.9989890299 9.330368374522514 9.0007779581932 8.829020908678116 7.07827531202179 6.9404083888591215 6.855405227337939 6.808580389405608
19699200.0 273.005182968 272.9089042413 272.8162451864 272.7144219742 272.4750126609 272.2158332401 272.0034496118 9.332616239642864 9.002500276121262 8.830693591611197 7.079566178714141 6.9415282003801995 6.856364463248629 6.809425835406642
19785600.0 273.0058258938 272.9097769797 272.8174385549 272.7160364516 272.477658171 272.2195067104 272.0078423768 9.335871328081645 9.004572159842759 8.832441582330334 7.080861382537025 6.942636264614287 6.857313705465054 6.8102632136508925
19872000.0 273.0060944656 272.9106126906 272.8186553454 272.7176608337 272.4802667345 272.2231220052 272.0121687864 9.337237480046925 9.00656664089168 8.834233494746739 7.082172411333537 6.943735269715114 6.858253362731117 6.811092629642339
19958400.0 273.0060745395 272.9112793872 272.8198055566 272.7192616293 272.4828436937 272.2266822891 272.0164306318 9.337135998025204 9.008165185075349 8.835936363717773 7.0834709445180275 6.944827276617511 6.859184055030872 6.811914258707665
20044800.0 273.0062928266 272.9118857973 272.8208775239 272.7208089875 272.4853853216 272.230190582 272.0206300619 9.338248928848827 9.009624946448985 8.837531341118758 7.084732014986655 6.945910450634205 6.860106382896607 6.812728353178138
20131200.0 273.0068328126 272.9126186178 272.8219586324 272.7223228625 272.4878852789 272.2336481586 272.0247692032 9.34101283967641 9.011396386765737 8.839147750044594 7.085972573736541 6.946981828023619 6.8610205018569665 6.8135351700901134
20217600.0 273.0072298234 272.9134080025 272.8230799206 272.7238364655 272.4903452024 272.2370550482 272.0288496452 9.343054826616934 9.013313664829784 8.840832609336733 7.087220294214192 6.948041919827654 6.8619262426387415 6.814334869734359
20304000.0 273.0073374934 272.9140925018 272.8241773024 272.7253414792 272.4927717955 272.2404121112 272.0328725903 9.343610075257908 9.014983898363257 8.842489874090468 7.088467460949732 6.94909345385314 6.862823658655894 6.815127542432286
20390400.0 273.0075012443 272.9147052383 272.8252168934 272.7268114015 272.4951665247 272.2437213592 272.0368393538 9.344455719852482 9.016485139612682 8.844067524841542 7.0896912608452896 6.950136859045311 6.863713118449275 6.815913305839631
20476800.0 273.0074458004 272.9152685526 272.8262175844 272.7282440806 272.4975258684 272.2469843671 272.0407514406 9.344169242648565 9.017870422855015 8.845593239608064 7.090889806834343 6.95117037222202 6.864594883695149 6.816692320764517
20563200.0 273.0075403384 272.9157506641 272.8271502349 272.7296290803 272.4998471448 272.2502016653 272.0446102356 9.344657835045249 9.019059940404254 8.847021531814166 7.0920535145327674 6.952192594277232 6.8654689405023035 6.817464730021667
20649600.0 273.0077353254 272.9163086471 272.8280784368 272.7309781265 272.5021272418 272.2533732627 272.0484168668 9.34566708367877 9.020441201679985 8.848449105947449 7.093192566131687 6.953201906754078 6.866335134922674 6.818230630210018
20736000.0 273.0080828701 272.9168941225 272.8290090723 272.7323089933 272.5043673863 272.2564988291 272.0521720995 9.34747106450098 9.021895793020542 8.849886571037505 7.094321916273279 6.954198650296917 6.867193219623387 6.818990048839064
20822400.0 273.0082965987 272.9175379542 272.829967813 272.7336353776 272.5065717787 272.2595787188 272.0558765719 9.348583716527648 9.023501642911386 8.85137393218206 7.0954533896157495 6.95518451155178 6.868043134725566 6.819742990532419
20908800.0 273.007771178 272.9179215377 272.8308567575 272.7349413053 272.508745388 272.2626141324 272.0595309869 9.345852897258787 9.024461522115228 8.852758935795448 7.096572111311965 6.956161554618742 6.868885057580511 6.820489475625845
20995200.0 273.0078865624 272.918240261 272.8316301009 272.7361761793 272.5108858655 272.2656062268 272.0631343189 9.346451318820758 9.025260888810879 8.853968496127303 7.097633134356962 6.957128480791437 6.869719160097094 6.821229171540848
21081600.0 273.0080331397 272.9187200046 272.8324343341 272.7373771221 272.5129847445 272.2685558706 272.0666904695 9.347212556110831 9.02646718028276 8.855231005502214 7.098670021721943 6.958081194646468 6.87054553970528 6.821962760389029
21168000.0 273.0077197706 272.9191086877 272.8332284601 272.7385652992 272.5150443881 272.2714623303 272.0701994411 9.345586535195585 9.027447232064722 8.856482314462783 7.099700597986265 6.9590206070523735 6.871363846423859 6.822690129667844
21254400.0 273.007227961 272.9192351432 272.8338951294 272.7396950525 272.5170660295 272.2743234632 272.0736589369 9.343045302643079 9.02776661412071 8.857536390625556 7.100683100333193 6.95994706310196 6.872173326632027 6.823410686780517
21340800.0 273.0076217017 272.9195941437 272.8345590856 272.740774055 272.5190473991 272.2771434482 272.0770735738 9.345078773921898 9.028674739350416 8.858589462330405 7.101624958814987 6.960859238897287 6.8729750166836565 6.824125280264361
21427200.0 273.0075137803 272.9199669004 272.8352675206 272.7418519777 272.5209886657 272.2799214519 272.0804433525 9.344520592665335 9.029619887929725 8.859716714765092 7.102570627766962 6.961757031464126 6.873768540644182 6.824833804028789
21513600.0 273.0038651589 272.9197992844 272.8358668091 272.7429004364 272.5228954679 272.2826561716 272.0837669269 9.326010981520925 9.029194606354197 8.860673239950238 7.1034931122286435 6.962642899425268 6.874553383251381 6.825535866814093
21600000.0 273.0030131015 272.918311466 272.8356456796 272.7436002139 272.524741918 272.2853443388 272.087040927 9.321787014629729 9.025439699498133 8.860319980199883 7.104098933460308 6.96350422344726 6.875328454509297 6.826230641616378
21686400.0 272.9999025182 272.9178656292 272.8357297836 272.744234686 272.5264987117 272.2879846961 272.0902698334 9.306670089603987 9.0243214751059 8.860454295392197 7.104652278616047 6.964326743322373 6.876093231358704 6.826918965888502
21772800.0 273.005216606 272.9184233629 272.8359021279 272.7448156668 272.5281832744 272.2905788303 272.0934588041 9.332786159400673 9.025720856259149 8.860729697832362 7.105160261232115 6.965118403672568 6.876848014269426 6.827601839871249
21859200.0 273.0050300149 272.9197620846 272.8368463709 272.74569355 272.5298092334 272.2931151494 272.0965990993 9.331845158634025 9.029100285959974 8.862242567750624 7.105946403519285 6.965885606710207 6.877589252765123 6.828277287639132
21945600.0 272.9908818572 272.9151332304 272.8359355229 272.7461772076 272.5314178506 272.2955925295 272.0996830926 9.265341129662723 9.017537202268617 8.86078308889785 7.106360597986131 6.966647820300533 6.878316417716798 6.82894354126011
22032000.0 273.0010080172 272.9154893146 272.8352183147 272.7461972153 272.5329280331 272.298026898 272.1027232784 9.311988959822287 9.018414669300842 8.859638299670536 7.106356449336161 6.967365111747503 6.879034013495431 6.829603179839837
22118400.0 273.0050391555 272.9179972675 272.8362402369 272.7467806697 272.5343205583 272.300402393 272.1057150499 9.331891229031548 9.02465131409262 8.861270641832869 7.10688391348871 6.9680283581975075 6.879737195342327 6.830255095083432
22204800.0 273.0072547756 272.9201358216 272.837766883 272.7478956374 272.5357353122 272.30271512 272.1086558852 9.343183583251712 9.030048951828565 8.863723950137418 7.107899478327967 6.968705648527069 6.880424606884244 6.830898619316383
22291200.0 273.0084643273 272.9217954612 272.8393134747 272.7492570553 272.5372565869 272.3049857363 272.1115444626 9.349458736300381 9.03428947077664 8.866227536730877 7.109141596059141 6.96943780969242 6.881102217269836 6.831533340340316
22377600.0 273.0088404229 272.9229792381 272.8407060998 272.750677408 272.5388838423 272.3072427216 272.1143871464 9.351426174169895 9.037342198445167 8.86849776874372 7.110440355988178 6.97022465029625 6.88177844402934 6.8321605412187045
22464000.0 273.0077576094 272.9237305204 272.8418794827 272.7520477216 272.5405825099 272.3095037568 272.1171938732 9.345782678842845 9.039291893890129 8.87042240848384 7.111696330275267 6.97104953886789 6.882458585500166 6.832782321447738
22550400.0 273.0070541012 272.9233374813 272.8424535984 272.7531887777 272.5423058051 272.3117734782 272.1199734274 9.342150140970615 9.038270699955303 8.871368070511451 7.112739606869822 6.971889702712128 6.883144077378055 6.833400559347771
22636800.0 273.0080813798 272.9240008019 272.8431746007 272.7542205498 272.5440031111 272.3140454089 272.1227333107 9.34746344456709 9.039995669972859 8.872559397374046 7.113687545075967 6.97272023459585 6.883833001791391 6.834016877559332
22723200.0 273.0083802156 272.9246837782 272.8440212873 272.7552859403 272.5456653697 272.3163089708 272.1254737542 9.349019824101815 9.041779626336291 8.873963712019506 7.114673087101754 6.97353677148813 6.884522158477242 6.834631291802714
22809600.0 273.0086379588 272.9252327781 272.8448361073 272.7563545749 272.5473092427 272.3185564213 272.1281934064 9.350366109260461 9.043219462072557 8.875320630691318 7.11566546401254 6.974347581044809 6.8852091637439035 6.8352434616331665
22896000.0 273.0087062437 272.9257537865 272.8456259298 272.7574061664 272.5489393879 272.3207860886 272.1308908819 9.3507234007508 9.04459072287953 8.876641064872619 7.116645603003524 6.975154873170759 6.885893462814552 6.835853033892018
22982400.0 273.0087489222 272.9261466877 272.8463486137 272.7584255042 272.550554013 272.322997382 272.1335651142 9.350946843163895 9.045627945865068 8.877853720353887 7.117598611523401 6.975957664799786 6.886574826207137 6.836459722888717
23068800.0 273.0088698342 272.9265654116 272.8470434968 272.7594097757 272.5521476869 272.3251884637 272.1362143975 9.351580408263466 9.046736317597142 8.879023773774806 7.118521971889312 6.976753128707145 6.887252634858249 6.83706309307054
23155200.0 273.0094948063 272.9270944806 272.8477527404 272.7603793766 272.5537210941 272.3273605871 272.1388414881 9.35486805653895 9.048141192698361 8.880222123447812 7.119435217752202 6.977541520755973 6.887927222527743 6.837663724955832
23241600.0 273.0085245764 272.9276016099 272.8485062336 272.7613606833 272.5552756347 272.3295118241 272.1414448216 9.349773457802096 9.04949246433598 8.881499819708752 7.1203638515654015 6.97832349063553 6.888597935069766 6.838261215124978
23328000.0 273.0094452195 272.9278324748 272.8491072995 272.7622945982 272.5568143435 272.3316414858 272.1440234186 9.354606427272845 9.0501091321528 8.882522449598762 7.121248929039027 6.979100496805223 6.889264497434194 6.838855289639965
23414400.0 273.0075981326 272.9281945603 272.8497664363 272.7632114574 272.5583318172 272.3337503824 272.1465779575 9.34495695924912 9.051078223835317 8.88364737118244 7.122121675366911 6.979869644718835 6.889927103152939 6.839446055161695
23500800.0 272.9762565102 272.9187349075 272.847247321 272.7631655476 272.5597732498 272.3358323316 272.1491047405 9.20523735035915 9.02650472799678 8.879367733552176 7.122038651503666 6.980602220604159 6.8905837398859795 6.84003260279736
23587200.0 272.9456336307 272.9017284941 272.8389888385 272.7599276841 272.560615122 272.3378097523 272.1515864527 9.10078763916789 8.98587716773326 8.86570049682763 7.118854734377234 6.98102548447399 6.891209721262369 6.8406108322188635
23673600.0 272.9884105847 272.9061422676 272.8359067949 272.7572113368 272.5611060828 272.3397000297 272.1540358193 9.254621131844806 8.996016075971873 8.860737166925398 7.116254796364208 6.981267963285078 6.891810235096777 6.841183621677742
23760000.0 272.9916828573 272.912685918 272.8378410482 272.7567398813 272.5613227435 272.3414330218 272.1564251 9.268869079322403 9.011559500256162 8.863843593360517 7.115840279388981 6.981371020280091 6.892362611924865 6.841744378945301
23846400.0 272.9577102293 272.90275623 272.835232673 272.7559874247 272.5616295828 272.3429930678 272.158712908 9.139019367269931 8.9882139683758 8.859661187900208 7.115117338503129 6.981523405923596 6.892861369055281 6.842283200762747
23932800.0 272.9798569193 272.9014305956 272.8324002168 272.7543893103 272.5618790288 272.3444678089 272.1609273483 9.219318999948404 8.985202509608353 8.85517736269449 7.113599905011352 6.981645936739562 6.8933341715305545 6.842806504891639
24019200.0 272.9729880336 272.9046509158 272.8332940728 272.7539876532 272.5620598032 272.3458579428 272.1630652769 9.192824000908177 8.992560009059657 8.856585920961813 7.113239915543007 6.9817335081954255 6.893781027045845 6.843313381852563
24105600.0 272.9301301713 272.8884974413 272.8276198949 272.752037557 272.562211676 272.3471607083 272.1651170918 9.056357524076812 8.957022094659413 8.847743120293842 7.111391680440656 6.981806500365211 6.894200840403123 6.843801378408117
24192000.0 272.8869827039 272.8629399303 272.8141088812 272.7456143245 272.5615883972 272.3483001386 272.1670710756 8.953910696736187 8.906988093020916 8.827587506457515 7.105446964118395 6.981475385122785 6.894568849330818 6.844267513409934
24278400.0 272.8475984858 272.8343963592 272.7962093172 272.7356543166 272.5598066001 272.3491623972 272.1689111123 8.880070219127674 8.858388653302326 8.80266657829436 7.096554977415209 6.980545720076318 6.894847854915793 6.844707726614827
24364800.0 272.8608262789 272.8257276982 272.7843320478 272.7263152637 272.5570559817 272.3496508157 272.1705942408 8.903198225234098 8.844902297627888 8.787139897134034 7.0885593942347915 6.979126219684839 6.895006093046185 6.845111478081975
24451200.0 272.8239089195 272.8046355261 272.7693085655 272.7157080769 272.5534119587 272.3497055228 272.1720768178 8.84218898368638 8.814214264997064 8.768540428456742 7.0797974696060875 6.9772660596712655 6.895023826008706 6.8454679811039245
24537600.0 272.951516388 272.8400443161 272.7715510932 272.7090600988 272.5493802641 272.3495102462 272.173437814 9.118979623625618 8.867475142417238 8.771246968498296 7.074541423544964 6.975231224183301 6.894960536542788 6.845795954723901
24624000.0 272.9757998942 272.87241056 272.789969471 272.7137771082 272.5459737263 272.348905215 272.1745658051 9.203482433475804 8.924729378783672 8.79441465055003 7.078450299510788 6.973537715516342 6.894764590461598 6.846068282341643
24710400.0 272.929034753 272.8661583733 272.7949017324 272.7185434646 272.5451109276 272.3482840236 272.1754248479 9.053394550573886 8.912918515834075 8.800919541141404 7.082345776247183 6.9731207546690825 6.894563639151698 6.84627599236706
24796800.0 272.887094332 272.8462308758 272.7881868564 272.7174955611 272.5448093189 272.3479631447 272.1761973947 8.954143047410188 8.877714521989741 8.792096111368714 7.081442286913565 6.972976255589593 6.894459927481253 6.846463020577644
24883200.0 272.8465024115 272.8210141489 272.7750514443 272.7117952802 272.5438863816 272.3477789307 272.1769499676 8.878221240954952 8.83779162759756 8.77551952466283 7.076778421893023 6.972519103490452 6.894400415252519 6.846645425185
24969600.0 272.9385490484 272.8474812331 272.7809834809 272.7117876747 272.543002629 272.3476651144 272.1776948343 9.079884727804073 8.87982166063029 8.782897109433506 7.076812313116482 6.972083285861036 6.894363655884296 6.846826168354193
25056000.0 272.8911283286 272.8383081721 272.7788665876 272.7106805192 272.5422078872 272.3476004163 272.1784349922 8.962639054772243 8.864656012245442 8.780244279746265 7.075929949379232 6.9716924092157 6.89434276370107 6.847005972672808
25142400.0 272.8443785347 272.8152491753 272.7680197657 272.7056408896 272.5409807886 272.3475190966 272.1791616364 8.874666507070351 8.829297747118572 8.766995644140836 7.071913786767572 6.971088099425597 6.894316507683967 6.847182692098901
25228800.0 272.8061240066 272.7887548768 272.7519498233 272.6967788154 272.5387913999 272.3472937159 272.1798458361 8.81633512928297 8.792886991667672 8.748361929473116 7.065039727006944 6.970013390038911 6.894243758708206 6.847349268612197
25315200.0 272.7683616225 272.7600974025 272.7323143839 272.6846344791 272.5352900586 272.3467652353 272.1804370838 8.767502115333308 8.757718847500204 8.727055547401111 7.055969627038885 6.968307924209485 6.894073293221035 6.847493355424062
25401600.0 272.7862599136 272.7551160651 272.7214576636 272.6745233381 272.5309207246 272.3458478083 272.1808813142 8.7897086115103 8.751995721270061 8.715902443193649 7.048721390728634 6.96620379983551 6.89377776518495 6.847601700034588
25488000.0 272.9212190273 272.8024051454 272.7328306732 272.6723361276 272.5266015824 272.3446774668 272.1812093495 9.032869041716255 8.811131851356876 8.727596638683956 7.047258529097858 6.964150249618335 6.893401492271788 6.847681752835871
25574400.0 272.9370573513 272.841133203 272.7575862015 272.6815757675 272.5238585737 272.3432893661 272.1813691562 9.075615624715207 8.869255256869806 8.754768397045709 7.053967466144318 6.9628668135892955 6.89295625936851 6.847720766181997
25660800.0 272.882867449 272.8284680043 272.7616405981 272.6880120774 272.5239454415 272.3421770402 272.181388708 8.94544598549269 8.849107158532531 8.759461840067447 7.058672149179387 6.962920280491751 6.892600301216218 6.84772553998144
25747200.0 272.8241777605 272.7982681829 272.749480007 272.6851014556 272.5240997916 272.34156841 272.1814462332 8.842595804158087 8.805491542066664 8.745596938301064 7.056463775353496 6.962996564626852 6.892405839800353 6.847739586284829
25833600.0 272.7738780586 272.7638523443 272.7299114612 272.6759648119 272.5228801427 272.341078939 272.1815612321 8.77417886559828 8.762105202015361 8.72455019708336 7.049814007732366 6.962421066018551 6.892249608188707 6.847767670019158
25920000.0 272.7433478892 272.7353372944 272.7092255584 272.6634761077 272.5199354884 272.3404129779 272.1816804849 8.738934603626982 8.73028832633468 8.70382843998325 7.0410855606948175 6.961039480561041 6.892037268877291 6.84779679780659
26006400.0 272.6803532561 272.6932108341 272.681047373 272.6459825299 272.5149026656 272.339290339 272.1817104752 8.6772934166193 8.688800626961891 8.677816607384393 7.029436525330077 6.958703476837193 6.891679905858794 6.847804123833614
26092800.0 272.6256527708 272.6490748495 272.6484248754 272.6240890765 272.5075220037 272.3374568502 272.1815352589 8.632960016731458 8.651022289885587 8.650457103676331 7.01571270805713 6.955331716505462 6.891097839178657 6.847761326687622
26179200.0 272.5865666124 272.6111069189 272.6164009129 272.6001804683 272.497912751 272.3347223264 272.1810346975 8.605280104386555 8.622273238954625 8.62605411784263 7.0016926302900115 6.951033310877732 6.890233339800152 6.847639126254442
26265600.0 272.5548325053 272.5785528433 272.5866656326 272.5759992726 272.4864841107 272.330990877 272.1801029657 8.584822424613959 8.599918160444563 8.60526587269059 6.988421299586766 6.9460486869512055 6.889060590566721 6.847411914971905
26352000.0 272.5266498498 272.5495633014 272.5591765476 272.5523401122 272.4737233873 272.3262589621 272.1786618586 8.567966808766883 8.581545842090666 8.587447257430311 6.97622444058378 6.940637828748748 6.887584765210356 6.8470611253698985
26438400.0 272.5001816939 272.5227269729 272.5334029437 272.5294050319 272.4600523649 272.3205894153 272.1766656072 8.553135784676472 8.56567484194866 8.57182403606038 6.965070259142178 6.935011885455009 6.885832992707127 6.846576478809091
26524800.0 272.4760551861 272.4979485099 272.5092203707 272.5073177047 272.4458055948 272.3140829145 272.1740987695 8.540377595287552 8.551890823185722 8.558022235508723 6.954894135526882 6.929326567956624 6.883844398070604 6.845955470617921
26611200.0 272.4505535257 272.4732338613 272.4856151201 272.4857249973 272.4311787303 272.3068486623 272.170967894 8.527609199567403 8.538895867048389 8.545276058150744 6.945436621911838 6.9236676209821315 6.8816601843300855 6.845201251177234
26697600.0 272.4289101145 272.4507262166 272.463385208 272.4649114782 272.4163470353 272.2989954482 272.1672975432 8.51730292008269 8.527659798859233 8.533872517578544 6.936743365940666 6.918103758227559 6.879320366901563 6.84432162785075
26784000.0 272.3880356249 272.4186796346 272.4366710538 272.4422508962 272.401045318 272.2905774654 272.16311577 8.499038741472537 8.51255690195746 8.520873123218815 6.927713912078261 6.912537309266925 6.876847616231131 6.843325372936481
26870400.0 272.3422304763 272.3811618218 272.4057130277 272.4168940117 272.3848532362 272.2815719603 272.1584352147 8.480225546535749 8.496077736779524 8.506684210753512 6.918106905182444 6.906828867381175 6.874241784350874 6.842217700414278
26956800.0 272.2881272948 272.3371285486 272.3697876771 272.3880770274 272.3673062771 272.2718844886 272.1532453001 8.459946848083604 8.478196902464882 8.491278625406261 6.907772785970845 6.900842796814984 6.871483038378419 6.8409985287781545
27043200.0 272.2645641595 272.3076020385 272.3397711791 272.3606547329 272.3488267546 272.2614757621 272.1475270765 8.451695922175931 8.466992529744635 8.479192662074102 6.898463388296159 6.894751956132965 6.868568811099153 6.8396661188480286
27129600.0 272.2466444402 272.2849009193 272.3148416635 272.335922566 272.3301135933 272.250418652 272.1412776329 8.445636230602853 8.45876716009426 8.469649279860574 6.890468704516898 6.888794708081526 6.8655280571736075 6.838222774980882
27216000.0 272.2267603581 272.2633034503 272.2920530105 272.3130757556 272.3115956645 272.2388531813 272.1345214794 8.439117765126781 8.451233775048296 8.46128822108608 6.883397037701315 6.883096244149379 6.86240631226836 6.836677264056745
27302400.0 272.2094343624 272.2438207219 272.2712389751 272.2918852957 272.2935093021 272.2269345628 272.1273063714 8.433605543145143 8.444668051598704 8.453934716155723 6.877089314453721 6.877708905521012 6.859250203911678 6.8350435323215235
27388800.0 272.1905034865 272.2242675311 272.2511420316 272.2716966425 272.2759010246 272.2147956415 272.1196929354 8.427752519345807 8.43828598125571 8.44707586319314 6.871291306944726 6.872624277468875 6.856097345956658 6.83333805911468
27475200.0 272.1723791585 272.2053792781 272.2317931014 272.2523190291 272.2587550235 272.202536222 272.111744274 8.422307304242269 8.432308165551271 8.440684059189666 6.865909361643608 6.867817482314329 6.852974261799807 6.831577342824155
27561600.0 272.1487493617 272.1837052337 272.2112618195 272.2327218791 272.241883647 272.1902065047 272.1035159078 8.41542905992546 8.425663636833727 8.434116759083297 6.860639477533252 6.8632200046431615 6.8498932024292625 6.829775626540119
27648000.0 272.1271403005 272.1625467931 272.1907877904 272.2131591608 272.2251744695 272.1778234967 272.0950507153 8.40934670511094 8.419387214643937 8.42777675419194 6.855543025022521 6.858790163515328 6.846857409329423 6.82794387187712
27734400.0 272.1071673348 272.1424328725 272.1709252126 272.1939464562 272.2086195396 272.1653965462 272.0863813224 8.403892124422457 8.413603027690463 8.421815202304838 6.850689150545259 6.8545169869732305 6.843868015746398 6.826090411771564
27820800.0 272.088955254 272.1236211302 272.151976779 272.1753290369 272.1922734537 272.1529405892 272.077530694 8.399051923432008 8.408346353456338 8.416293021779742 6.846121721058377 6.850405898896644 6.8409273338708365 6.824221199786241
27907200.0 272.0667739467 272.1029434172 272.1322900314 272.1565678172 272.1760535082 272.1404635444 272.0685262991 8.3933208294058 8.402730835137659 8.410718161039698 6.841648423306262 6.846428304525632 6.8380358508118295 6.822342869676842
27993600.0 272.048588247 272.0841533071 272.1135139318 272.1382569803 272.1599869012 272.1279740941 272.0593861594 8.388750526748243 8.397768874330664 8.405548345183687 6.8374016727347815 6.842584166036169 6.835194144944971 6.820459821206574
28080000.0 272.0258685055 272.063234405 272.0938083614 272.1196425653 272.143975468 272.1154677284 272.0501236432 8.383195752274839 8.392395317582784 8.400270056331703 6.833200136168819 6.838844334115551 6.832399787148986 6.818575313494756
28166400.0 271.9889557114 272.0336527714 272.0690449127 272.0984022905 272.1275046412 272.1028681601 272.0407353034 8.374517491710126 8.385053286185139 8.393840667881335 6.82854251733093 6.835088361772593 6.829634865012118 6.816689099021123
28252800.0 271.9954007286 272.0268480904 272.0556748665 272.0820783136 272.1115355974 272.0902354905 272.0312291067 8.376002990684885 8.383405146074953 8.39045953461513 6.825054543561417 6.831531634197701 6.826911826569996 6.814803202660381
28339200.0 272.0153660017 272.0333142124 272.0526290939 272.0724823436 272.0973004679 272.0778220146 272.0216607806 8.380683981873556 8.384970932578623 8.389697859557804 6.82303896410786 6.828428815542903 6.824282576916661 6.812928853838294
28425600.0 271.955159344 271.9974555356 272.0289101232 272.054705497 272.0829259297 272.0655987762 272.0120717269 8.366923634403587 8.376452861970472 8.383871840901884 6.819380875516763 6.825358236979787 6.821737411873575 6.811073971089037
28512000.0 271.9177229106 271.9648569207 272.0020724692 272.0330552367 272.0674742659 272.053346074 272.0024479378 8.358875619978619 8.36904372567524 8.377496572205219 6.815043257768178 6.822125423767513 6.819228503556715 6.809235556293335
28598400.0 271.894678947 271.9403829027 271.9784804347 272.0116638155 272.0512182186 272.0409027612 271.9927450521 8.35409987957487 8.363677152764538 8.37207236670719 6.810877454751078 6.818797535378867 6.816722802472838 6.807405060247714
28684800.0 271.8679201231 271.9153602091 271.955075675 271.9902274244 272.0344303191 272.0282025388 271.9829188393 8.348714999538702 8.358354416382356 8.366849132921422 6.806817669582337 6.815436694654002 6.814208042988959 6.8055743748090265
28771200.0 271.8340219802 271.8860571863 271.9292135847 271.9674082576 272.017020816 272.015196276 271.9729282241 8.342128292205135 8.352321210079019 8.361251330303364 6.802617056961393 6.812029898711216 6.811676119190229 6.80373637318123
28857600.0 271.8009127308 271.8561133214 271.9022824384 271.9435287613 271.9989336179 272.0018373469 271.9627358083 8.335933617476801 8.34636688271989 8.35560624354419 6.798348250155485 6.808571932482983 6.809120004171066 6.801884961003277
28944000.0 271.7735518385 271.8291973257 271.8766555748 271.9198794338 271.9803815231 271.9881186513 271.9523137143 8.33098232634949 8.341186633990697 8.350400020026463 6.794242001272964 6.805107951138807 6.806540600473429 6.80001607142042
29030400.0 271.7517387342 271.8061557275 271.8534563414 271.8974476031 271.9617354997 271.9740948054 271.9416529417 8.327138482557855 8.33687500837675 8.345819372801976 6.7904534255647295 6.801707645318181 6.803950142965939 6.798129198442105
29116800.0 271.7389741229 271.7894238884 271.834477529 271.8775254481 271.9435234854 271.9598951419 271.9307730793 8.324930176262633 8.333812275016976 8.342161589095065 6.787171351559086 6.798461988716531 6.80137352653442 6.796228861560778
29203200.0 271.7327883902 271.7782544708 271.81985389 271.8606566355 271.9262417515 271.9457001504 271.9197237616 8.323870669493417 8.331798679917213 8.339396197224437 6.784450634114888 6.795448502711792 6.798842978128893 6.794324522404592
29289600.0 271.7185915192 271.7639940617 271.8047712896 271.8446002722 271.9098013931 271.9316543374 271.9085728474 8.321464754105206 8.329262950178887 8.336590903778733 6.781910028865064 6.792639703327921 6.796382238666309 6.792428245130957
29376000.0 271.7131439627 271.7545434554 271.7926202966 271.8304930237 271.89430751 271.9178705096 271.8973906327 8.320550951278191 8.327603720810277 8.334364620517876 6.779715440037001 6.790042638975406 6.7940080047797595 6.79055187154008
29462400.0 271.704904101 271.7447065194 271.7811348165 271.8174619344 271.8797021703 271.9044252851 271.8862423553 8.319178483208125 8.325894291810926 8.33228730493694 6.7777190842647626 6.787637634092934 6.79172978294443 6.788705786557418
29548800.0 271.704935966 271.739947746 271.7729587796 271.8066437028 271.8661597382 271.8914007977 271.8751907523 8.319183768391675 8.325073690486452 8.330824251091844 6.77608318705619 6.78544394787608 6.789557401027702 6.786899421486725
29635200.0 271.6939771175 271.7300390128 271.7628075801 271.7956140382 271.8533535445 271.8788154621 271.8642849786 8.317376253550162 8.323378153390193 8.32902560052601 6.77443593938497 6.783400892113128 6.787489741035284 6.785139540098941
29721600.0 271.6796381242 271.7171865654 271.7506911764 271.7836687409 271.8408666593 271.8666142274 271.8535509166 8.31504150607935 8.321204891936462 8.326904158097033 6.772674711539263 6.781437483654273 6.785513996367114 6.783428877456105
29808000.0 271.6614003538 271.7013091952 271.7363920313 271.7703972991 271.8283244901 271.8546850047 271.8429831778 8.31212032490969 8.318559766394566 8.324435359074608 6.7707449042422665 6.779493267134699 6.783609052490911 6.781765140338649
29894400.0 271.653337449 271.6906834393 271.7245591568 271.7580396275 271.8159234994 271.8429682351 271.8325671116 8.310845753529287 8.316813463658528 8.322420237713626 6.7689721916861165 6.777597684352547 6.781763214987776 6.780144711229844
29980800.0 271.6299900573 271.6720713351 271.7086425214 271.7438013139 271.8032944797 271.8313812357 271.8222771061 8.307211827385949 8.313799681964028 8.319748498429648 6.766959083984789 6.775694023160964 6.779961834610419 6.778562463314154
30067200.0 271.5929969748 271.6435350436 271.6860007829 271.7254931189 271.7896649609 271.8197296166 271.8120572397 8.301620554147888 8.309286741998136 8.316022472013202 6.764415391671176 6.773669252000628 6.778173955524218 6.7770089185587565
30153600.0 271.5657436052 271.6182214587 271.663403452 271.7059055444 271.7750227367 271.8078467587 271.8018335997 8.297626007680766 8.305388408863642 8.312388094033954 6.761746840149962 6.771527432316455 6.7763743846181175 6.77547232897192
30240000.0 271.5386452067 271.5932816628 271.640700337 271.6856808385 271.7595642809 271.7956420397 271.7915354197 8.293754066542878 8.301640067032848 8.30881837708592 6.759047098179246 6.769302701992622 6.774550530768831 6.7739419276034845
30326400.0 271.523035818 271.575155984 271.6217616897 271.6670931417 271.7438890642 271.7831496463 271.7811202724 8.291567324048948 8.298971345478074 8.305901006191444 6.756613586010756 6.767083895448978 6.7727087865870805 6.7724115639776015
30412800.0 271.5015484138 271.5550103405 271.602470717 271.6487058012 271.7281467127 271.7704357244 271.7705736474 8.28860756471015 8.29605821768421 8.302984033554704 6.754250538682741 6.764892196205404 6.770859866558223 6.770879397422776
30499200.0 271.4928561897 271.542241822 271.5874703411 271.6326402816 271.712820887 271.7576253616 271.7599114483 8.28742648362315 8.29423997620676 8.300752892202013 6.752220166160977 6.76279270298317 6.769022333402477 6.769348019123097
30585600.0 271.471072318 271.5233410373 271.569963308 271.6159495248 271.6976795021 271.7447834018 271.7491587622 8.284506530756916 8.291587501964838 8.298188792580456 6.750144839293493 6.760750851091543 6.767205289906549 6.76782120531362
30672000.0 271.4486591486 271.5028963739 271.5511015907 271.5984368502 271.6824522939 271.7319038608 271.7383321805 8.281560359664782 8.288769403551278 8.295473070608306 6.748003271740978 6.758729091827638 6.765407524235089 6.7663013783574035
30758400.0 271.4300335088 271.484293245 271.5329677007 271.5810735076 271.6671651648 271.7189796242 271.7274390875 8.279155549470486 8.286249900977605 8.29290661678989 6.745914958490154 6.756730471685561 6.763627724340462 6.764789580686229
30844800.0 271.4127102397 271.4668166267 271.5156181017 271.5641450077 271.6519278746 271.7060207505 271.7164859093 8.27695334132364 8.283920734783678 8.290490847408332 6.743911597109479 6.754768558210637 6.761866956069908 6.763286675547434
30931200.0 271.3792300921 271.4398762595 271.4929108127 271.5444974378 271.6361648411 271.6929482988 271.7054611667 8.27278822485315 8.280399782157744 8.28738599405143 6.7416266890373695 6.752770002852135 6.760114367248023 6.761791070005692
31017600.0 271.3420195451 271.4085279043 271.4663191365 271.5219768386 271.6193803787 271.6796089176 271.6943240809 8.268294090770883 8.276404987436733 8.28382935656291 6.739058524904861 6.750675791134908 6.758349894540845 6.760297333150072
31104000.0 271.3142633333 271.3815513377 271.4411374752 271.4992322644 271.6018016 271.6659123993 271.6830253381 8.265030270999455 8.273051820222692 8.280537356196076 6.736517356690137 6.748518755502993 6.756562740237936 6.758799153778076
31190400.0 271.2921466324 271.3586611822 271.4184438818 271.4775699312 271.5839197316 271.6518803759 271.6715343875 8.26248159614801 8.270265596717309 8.277631729471745 6.734144500922075 6.746361454768856 6.754757026208961 6.757292958283065
31276800.0 271.2657189089 271.3340542916 271.3952526604 271.4558588792 271.5658403559 271.637560546 271.6598406809 8.25949457674095 8.267328767373096 8.274720225317056 6.731811729561677 6.744217150655191 6.752939981914593 6.755777925307251
31363200.0 271.2478398523 271.3143350465 271.374852226 271.4355966947 271.5479079473 271.6230443154 271.6479572177 8.257508821406235 8.265017594323508 8.272205921264614 6.7296739182995315 6.7421257747744505 6.751123902375272 6.754256284472066
31449600.0 271.2454233788 271.3050943656 271.3612975309 271.4193947558 271.5309386381 271.6085383031 271.635935073 8.257242558730795 8.263947193653213 8.270558934583736 6.727990378440786 6.740178240454346 6.749334528313285 6.752734966185999
31536000.0 271.2493485949 271.3022548229 271.3532811486 271.4073991422 271.5155644278 271.594315192 271.6238682938 8.257675319227873 8.2636198707807 8.269593583895663 6.726758228161295 6.738439472755594 6.747604161100535 6.751225928568828
31622400.0 271.2474708467 271.2978130076 271.3459784412 271.3972139955 271.5016933404 271.5805739044 271.6118660045 8.25746812950048 8.263109344101434 8.268719725245639 6.725721997125657 6.736891245390164 6.745954575745638 6.749742427269409
