single point
       alpha_p                      0.01250000000000000    1.000000000000000    0.000000000000000
       alpha_m                      0.0004562290000000000    1.000000000000000    0.000000000000000
           n_p                      1.493563302533000    1.000000000000000    0.000000000000000
          wr_p                      0.1556396437287000    1.000000000000000    0.000000000000000
         por_p                      0.4629822245884800    1.000000000000000    0.000000000000000
         por_m                      0.3928623279401000    1.000000000000000    0.000000000000000
        perm_p                      1.336660000000000e-11    1.000000000000000    0.000000000000000
        perm_m                      4.573732224180000e-14    1.000000000000000    0.000000000000000
         pen_s                      0.02000000000000000    1.000000000000000    0.000000000000000
          z_bg                      0.04344834548550000    1.000000000000000    0.000000000000000
           z_s                      0.005000000000000000    1.000000000000000    0.000000000000000
          b_bc                      268.4500000000000    1.000000000000000    0.000000000000000
