single point
       alpha_p                      0.009036105207536000    1.000000000000000    0.000000000000000
       alpha_m                      0.0004562290000000000    1.000000000000000    0.000000000000000
           n_p                      1.489797834061000    1.000000000000000    0.000000000000000
          wr_p                      0.1723254260534000    1.000000000000000    0.000000000000000
         por_p                      0.4315031045513600    1.000000000000000    0.000000000000000
         por_m                      0.3704293417114400    1.000000000000000    0.000000000000000
        perm_p                      1.336660000000000e-11    1.000000000000000    0.000000000000000
        perm_m                      7.747924089440001e-14    1.000000000000000    0.000000000000000
         pen_s                      0.02000000000000000    1.000000000000000    0.000000000000000
          z_bg                      0.04419437913860000    1.000000000000000    0.000000000000000
           z_s                      0.005000000000000000    1.000000000000000    0.000000000000000
          b_bc                      268.4500000000000    1.000000000000000    0.000000000000000
