single point
       alpha_p                      0.01149711300570620    1.000000000000000    0.000000000000000
       alpha_m                      0.0004562290000000000    1.000000000000000    0.000000000000000
           n_p                      1.496401325486000    1.000000000000000    0.000000000000000
          wr_p                      0.1418794730131000    1.000000000000000    0.000000000000000
         por_p                      0.4939194788225900    1.000000000000000    0.000000000000000
         por_m                      0.4127698580114300    1.000000000000000    0.000000000000000
        perm_p                      2.280175050790000e-11    1.000000000000000    0.000000000000000
        perm_m                      4.027250440370000e-14    1.000000000000000    0.000000000000000
         pen_s                      0.02000000000000000    1.000000000000000    0.000000000000000
          z_bg                      0.04317549652450000    1.000000000000000    0.000000000000000
           z_s                      0.005000000000000000    1.000000000000000    0.000000000000000
          b_bc                      268.4500000000000    1.000000000000000    0.000000000000000
