single point
       alpha_p                      0.01129458052840050    1.000000000000000    0.000000000000000
       alpha_m                      0.001021516075455000    1.000000000000000    0.000000000000000
           n_p                      1.499289024979000    1.000000000000000    0.000000000000000
          wr_p                      0.1180886562492000    1.000000000000000    0.000000000000000
         por_p                      0.5659020947457500    1.000000000000000    0.000000000000000
         por_m                      0.4477220975965700    1.000000000000000    0.000000000000000
        perm_p                      1.457466295710000e-11    1.000000000000000    0.000000000000000
        perm_m                      1.750000000000000e-13    1.000000000000000    0.000000000000000
         pen_s                      0.02000000000000000    1.000000000000000    0.000000000000000
          z_bg                      0.04108930040940000    1.000000000000000    0.000000000000000
           z_s                      0.005000000000000000    1.000000000000000    0.000000000000000
          b_bc                      268.4500000000000    1.000000000000000    0.000000000000000
