single point
       alpha_p                      0.01250000000000000    1.000000000000000    0.000000000000000
       alpha_m                      0.0005504498492155000    1.000000000000000    0.000000000000000
           n_p                      1.495708957377000    1.000000000000000    0.000000000000000
          wr_p                      0.1455658793898000    1.000000000000000    0.000000000000000
         por_p                      0.4842965953980800    1.000000000000000    0.000000000000000
         por_m                      0.4070670844242900    1.000000000000000    0.000000000000000
        perm_p                      1.765273727570000e-11    1.000000000000000    0.000000000000000
        perm_m                      5.322476842430000e-14    1.000000000000000    0.000000000000000
         pen_s                      0.02000000000000000    1.000000000000000    0.000000000000000
          z_bg                      0.04434308582410000    1.000000000000000    0.000000000000000
           z_s                      0.005000000000000000    1.000000000000000    0.000000000000000
          b_bc                      268.4500000000000    1.000000000000000    0.000000000000000
