single point
       alpha_p                      0.01250000000000000    1.000000000000000    0.000000000000000
       alpha_m                      0.0006159511573476000    1.000000000000000    0.000000000000000
           n_p                      1.492302115721000    1.000000000000000    0.000000000000000
          wr_p                      0.1638329635812000    1.000000000000000    0.000000000000000
         por_p                      0.4501042673014800    1.000000000000000    0.000000000000000
         por_m                      0.3837197715913000    1.000000000000000    0.000000000000000
        perm_p                      1.336660000000000e-11    1.000000000000000    0.000000000000000
        perm_m                      5.295128693250000e-14    1.000000000000000    0.000000000000000
         pen_s                      0.02000000000000000    1.000000000000000    0.000000000000000
          z_bg                      0.04423229600020000    1.000000000000000    0.000000000000000
           z_s                      0.005000000000000000    1.000000000000000    0.000000000000000
          b_bc                      268.4500000000000    1.000000000000000    0.000000000000000
