single point
       alpha_p                      0.01127319679993540    1.000000000000000    0.000000000000000
       alpha_m                      0.0004752783285360000    1.000000000000000    0.000000000000000
           n_p                      1.487227812683000    1.000000000000000    0.000000000000000
          wr_p                      0.1789254048129000    1.000000000000000    0.000000000000000
         por_p                      0.4215238260458200    1.000000000000000    0.000000000000000
         por_m                      0.3623205629459500    1.000000000000000    0.000000000000000
        perm_p                      1.336660000000000e-11    1.000000000000000    0.000000000000000
        perm_m                      3.045046296690000e-14    1.000000000000000    0.000000000000000
         pen_s                      0.02000000000000000    1.000000000000000    0.000000000000000
          z_bg                      0.04311761673790000    1.000000000000000    0.000000000000000
           z_s                      0.005000000000000000    1.000000000000000    0.000000000000000
          b_bc                      268.4500000000000    1.000000000000000    0.000000000000000
