single point
       alpha_p                      0.01127327749868050    1.000000000000000    0.000000000000000
       alpha_m                      0.0004562290000000000    1.000000000000000    0.000000000000000
           n_p                      1.487227872458000    1.000000000000000    0.000000000000000
          wr_p                      0.1789251526442000    1.000000000000000    0.000000000000000
         por_p                      0.4215241134884000    1.000000000000000    0.000000000000000
         por_m                      0.3623207760512700    1.000000000000000    0.000000000000000
        perm_p                      1.376413803110000e-11    1.000000000000000    0.000000000000000
        perm_m                      6.005160319400000e-14    1.000000000000000    0.000000000000000
         pen_s                      0.02000000000000000    1.000000000000000    0.000000000000000
          z_bg                      0.04311760787100000    1.000000000000000    0.000000000000000
           z_s                      0.005000000000000000    1.000000000000000    0.000000000000000
          b_bc                      268.4500000000000    1.000000000000000    0.000000000000000
