single point
       alpha_p                      0.01234222820328810    1.000000000000000    0.000000000000000
       alpha_m                      0.0006881802358659000    1.000000000000000    0.000000000000000
           n_p                      1.497822789728000    1.000000000000000    0.000000000000000
          wr_p                      0.1342159058556000    1.000000000000000    0.000000000000000
         por_p                      0.5135879287462000    1.000000000000000    0.000000000000000
         por_m                      0.4233544493713200    1.000000000000000    0.000000000000000
        perm_p                      1.939174315740000e-11    1.000000000000000    0.000000000000000
        perm_m                      4.146155896940000e-14    1.000000000000000    0.000000000000000
         pen_s                      0.02000000000000000    1.000000000000000    0.000000000000000
          z_bg                      0.04218018677760000    1.000000000000000    0.000000000000000
           z_s                      0.005000000000000000    1.000000000000000    0.000000000000000
          b_bc                      268.4500000000000    1.000000000000000    0.000000000000000
