single point
       alpha_p                      0.01166407193965920    1.000000000000000    0.000000000000000
       alpha_m                      0.001887126441746000    1.000000000000000    0.000000000000000
           n_p                      1.499451265681000    1.000000000000000    0.000000000000000
          wr_p                      0.1090784614026000    1.000000000000000    0.000000000000000
         por_p                      0.5955476957691200    1.000000000000000    0.000000000000000
         por_m                      0.4618788064177400    1.000000000000000    0.000000000000000
        perm_p                      1.581685970590000e-11    1.000000000000000    0.000000000000000
        perm_m                      1.539259847010000e-13    1.000000000000000    0.000000000000000
         pen_s                      0.02000000000000000    1.000000000000000    0.000000000000000
          z_bg                      0.04296321664030000    1.000000000000000    0.000000000000000
           z_s                      0.005000000000000000    1.000000000000000    0.000000000000000
          b_bc                      268.4500000000000    1.000000000000000    0.000000000000000
