single point
       alpha_p                      0.01079251219502400    1.000000000000000    0.000000000000000
       alpha_m                      0.0005449419810989000    1.000000000000000    0.000000000000000
           n_p                      1.487770707797000    1.000000000000000    0.000000000000000
          wr_p                      0.1771793977438000    1.000000000000000    0.000000000000000
         por_p                      0.4234703250031000    1.000000000000000    0.000000000000000
         por_m                      0.3638467186080400    1.000000000000000    0.000000000000000
        perm_p                      1.336660000000000e-11    1.000000000000000    0.000000000000000
        perm_m                      6.359258696440000e-14    1.000000000000000    0.000000000000000
         pen_s                      0.02000000000000000    1.000000000000000    0.000000000000000
          z_bg                      0.04299257911320000    1.000000000000000    0.000000000000000
           z_s                      0.005000000000000000    1.000000000000000    0.000000000000000
          b_bc                      268.4500000000000    1.000000000000000    0.000000000000000
