single point
       alpha_p                      0.01250000000000000    1.000000000000000    0.000000000000000
       alpha_m                      0.0004562290000000000    1.000000000000000    0.000000000000000
           n_p                      1.494882474067000    1.000000000000000    0.000000000000000
          wr_p                      0.1503078789359000    1.000000000000000    0.000000000000000
         por_p                      0.4748765660397900    1.000000000000000    0.000000000000000
         por_m                      0.4010694369323200    1.000000000000000    0.000000000000000
        perm_p                      1.480880767430000e-11    1.000000000000000    0.000000000000000
        perm_m                      5.491515256370000e-14    1.000000000000000    0.000000000000000
         pen_s                      0.02000000000000000    1.000000000000000    0.000000000000000
          z_bg                      0.04383034855960000    1.000000000000000    0.000000000000000
           z_s                      0.005000000000000000    1.000000000000000    0.000000000000000
          b_bc                      268.4500000000000    1.000000000000000    0.000000000000000
