single point
       alpha_p                      0.01152185878912360    1.000000000000000    0.000000000000000
       alpha_m                      0.0004562290000000000    1.000000000000000    0.000000000000000
           n_p                      1.491239615549000    1.000000000000000    0.000000000000000
          wr_p                      0.1675261125532000    1.000000000000000    0.000000000000000
         por_p                      0.4413420949247800    1.000000000000000    0.000000000000000
         por_m                      0.3774226183709100    1.000000000000000    0.000000000000000
        perm_p                      1.336660000000000e-11    1.000000000000000    0.000000000000000
        perm_m                      6.315950826399999e-14    1.000000000000000    0.000000000000000
         pen_s                      0.02000000000000000    1.000000000000000    0.000000000000000
          z_bg                      0.04421911273760000    1.000000000000000    0.000000000000000
           z_s                      0.005000000000000000    1.000000000000000    0.000000000000000
          b_bc                      268.4500000000000    1.000000000000000    0.000000000000000
