single point
       alpha_p                      0.01190026140258220    1.000000000000000    0.000000000000000
       alpha_m                      0.0006936591810993000    1.000000000000000    0.000000000000000
           n_p                      1.497822829785000    1.000000000000000    0.000000000000000
          wr_p                      0.1240269122400000    1.000000000000000    0.000000000000000
         por_p                      0.5413601769010600    1.000000000000000    0.000000000000000
         por_m                      0.4361935055524500    1.000000000000000    0.000000000000000
        perm_p                      1.566506152250000e-11    1.000000000000000    0.000000000000000
        perm_m                      1.750000000000000e-13    1.000000000000000    0.000000000000000
         pen_s                      0.02000000000000000    1.000000000000000    0.000000000000000
          z_bg                      0.04008195611970000    1.000000000000000    0.000000000000000
           z_s                      0.005000000000000000    1.000000000000000    0.000000000000000
          b_bc                      268.4500000000000    1.000000000000000    0.000000000000000
