single point
       alpha_p                      0.01000000000000000    1.000000000000000    0.000000000000000
       alpha_m                      0.001760872209458000    1.000000000000000    0.000000000000000
           n_p                      1.578191042298000    1.000000000000000    0.000000000000000
           n_m                      1.488813349039000    1.000000000000000    0.000000000000000
          wr_p                      0.1486609523617000    1.000000000000000    0.000000000000000
          wr_m                      0.1530050419148000    1.000000000000000    0.000000000000000
         tcs_p                      0.4150158305953400    1.000000000000000    0.000000000000000
         tcs_m                      0.9896091694277800    1.000000000000000    0.000000000000000
         tcd_p                      0.09066121050231001    1.000000000000000    0.000000000000000
         tcd_m                      0.9966328869309800    1.000000000000000    0.000000000000000
          af_p                      1.500877845249200    1.000000000000000    0.000000000000000
          af_m                      1.500428164686800    1.000000000000000    0.000000000000000
         auf_p                      0.4954012235493500    1.000000000000000    0.000000000000000
         auf_m                      0.6998764862999500    1.000000000000000    0.000000000000000
         por_p                      0.5587116154584900    1.000000000000000    0.000000000000000
         por_m                      0.5026882485107600    1.000000000000000    0.000000000000000
        perm_p                      4.774726949700000e-11    1.000000000000000    0.000000000000000
        perm_m                      1.000000000000000e-13    1.000000000000000    0.000000000000000
         den_p                      900.0000000000000    1.000000000000000    0.000000000000000
         den_m                      2300.000000000000    1.000000000000000    0.000000000000000
