single point
       alpha_p                      0.01000000396676150    1.000000000000000    0.000000000000000
       alpha_m                      0.001519148313732000    1.000000000000000    0.000000000000000
           n_p                      1.522031164090000    1.000000000000000    0.000000000000000
           n_m                      1.481990083031000    1.000000000000000    0.000000000000000
          wr_p                      0.2125030125731000    1.000000000000000    0.000000000000000
          wr_m                      0.1563159424606000    1.000000000000000    0.000000000000000
         tcs_p                      0.4340447854962900    1.000000000000000    0.000000000000000
         tcs_m                      0.9608378687000300    1.000000000000000    0.000000000000000
         tcd_p                      0.1026811635734000    1.000000000000000    0.000000000000000
         tcd_m                      0.9868752025305300    1.000000000000000    0.000000000000000
          af_p                      1.503388261359100    1.000000000000000    0.000000000000000
          af_m                      1.499329973808800    1.000000000000000    0.000000000000000
         auf_p                      0.4881584411779000    1.000000000000000    0.000000000000000
         auf_m                      0.6991992628051300    1.000000000000000    0.000000000000000
         por_p                      0.6285296624759300    1.000000000000000    0.000000000000000
         por_m                      0.4862795954559700    1.000000000000000    0.000000000000000
        perm_p                      9.999999999999999e-12    1.000000000000000    0.000000000000000
        perm_m                      1.000000000000000e-13    1.000000000000000    0.000000000000000
         den_p                      900.0000000000000    1.000000000000000    0.000000000000000
         den_m                      2300.000000000000    1.000000000000000    0.000000000000000
