single point
       alpha_p                      0.01000000000000000    1.000000000000000    0.000000000000000
       alpha_m                      0.001809628218734000    1.000000000000000    0.000000000000000
           n_p                      1.580176695687000    1.000000000000000    0.000000000000000
           n_m                      1.488847892651000    1.000000000000000    0.000000000000000
          wr_p                      0.1453911027305000    1.000000000000000    0.000000000000000
          wr_m                      0.1518474491973000    1.000000000000000    0.000000000000000
         tcs_p                      0.4140566006318000    1.000000000000000    0.000000000000000
         tcs_m                      0.9902539845581400    1.000000000000000    0.000000000000000
         tcd_p                      0.09043921537440000    1.000000000000000    0.000000000000000
         tcd_m                      0.9968616786723300    1.000000000000000    0.000000000000000
          af_p                      1.500894547157700    1.000000000000000    0.000000000000000
          af_m                      1.500528939673300    1.000000000000000    0.000000000000000
         auf_p                      0.4958491803578100    1.000000000000000    0.000000000000000
         auf_m                      0.6998764862992300    1.000000000000000    0.000000000000000
         por_p                      0.5554164479302300    1.000000000000000    0.000000000000000
         por_m                      0.5040328035642700    1.000000000000000    0.000000000000000
        perm_p                      4.774726949700000e-10    1.000000000000000    0.000000000000000
        perm_m                      1.000000000000000e-13    1.000000000000000    0.000000000000000
         den_p                      900.0000000000000    1.000000000000000    0.000000000000000
         den_m                      2300.000000000000    1.000000000000000    0.000000000000000
