single point
       alpha_p                      0.01000000396676150    1.000000000000000    0.000000000000000
       alpha_m                      0.001776852585842000    1.000000000000000    0.000000000000000
           n_p                      1.531786892550000    1.000000000000000    0.000000000000000
           n_m                      1.480632072794000    1.000000000000000    0.000000000000000
          wr_p                      0.2061830994024000    1.000000000000000    0.000000000000000
          wr_m                      0.1532638164559000    1.000000000000000    0.000000000000000
         tcs_p                      0.4313657890113800    1.000000000000000    0.000000000000000
         tcs_m                      0.9659378166415400    1.000000000000000    0.000000000000000
         tcd_p                      0.09929747387773000    1.000000000000000    0.000000000000000
         tcd_m                      0.9881905684510400    1.000000000000000    0.000000000000000
          af_p                      1.503079572348500    1.000000000000000    0.000000000000000
          af_m                      1.499451811722200    1.000000000000000    0.000000000000000
         auf_p                      0.4901497853851600    1.000000000000000    0.000000000000000
         auf_m                      0.6991992876810500    1.000000000000000    0.000000000000000
         por_p                      0.6233473315139300    1.000000000000000    0.000000000000000
         por_m                      0.4913162681304900    1.000000000000000    0.000000000000000
        perm_p                      2.897860309910000e-11    1.000000000000000    0.000000000000000
        perm_m                      1.000000000000000e-13    1.000000000000000    0.000000000000000
         den_p                      900.0000000000000    1.000000000000000    0.000000000000000
         den_m                      2300.000000000000    1.000000000000000    0.000000000000000
