single point
       alpha_p                      0.01000000000000000    1.000000000000000    0.000000000000000
       alpha_m                      0.001788071013441000    1.000000000000000    0.000000000000000
           n_p                      1.552206893703000    1.000000000000000    0.000000000000000
           n_m                      1.483020126367000    1.000000000000000    0.000000000000000
          wr_p                      0.1862542755211000    1.000000000000000    0.000000000000000
          wr_m                      0.1545601236560000    1.000000000000000    0.000000000000000
         tcs_p                      0.4245731630640400    1.000000000000000    0.000000000000000
         tcs_m                      0.9778304887133000    1.000000000000000    0.000000000000000
         tcd_p                      0.09634967167957000    1.000000000000000    0.000000000000000
         tcd_m                      0.9923954599488199    1.000000000000000    0.000000000000000
          af_p                      1.501743069545600    1.000000000000000    0.000000000000000
          af_m                      1.499777567469900    1.000000000000000    0.000000000000000
         auf_p                      0.4915726136552200    1.000000000000000    0.000000000000000
         auf_m                      0.6994822512073600    1.000000000000000    0.000000000000000
         por_p                      0.6008447205356400    1.000000000000000    0.000000000000000
         por_m                      0.4962063153970300    1.000000000000000    0.000000000000000
        perm_p                      4.130978019680000e-11    1.000000000000000    0.000000000000000
        perm_m                      1.000000000000000e-13    1.000000000000000    0.000000000000000
         den_p                      900.0000000000000    1.000000000000000    0.000000000000000
         den_m                      2300.000000000000    1.000000000000000    0.000000000000000
