single point
       alpha_p                      0.04003420789677440    1.000000000000000    0.000000000000000
       alpha_m                      0.002549144316367000    1.000000000000000    0.000000000000000
           n_p                      1.592246331442000    1.000000000000000    0.000000000000000
           n_m                      1.491932780529000    1.000000000000000    0.000000000000000
          wr_p                      0.1285234099663000    1.000000000000000    0.000000000000000
          wr_m                      0.1400240150782000    1.000000000000000    0.000000000000000
         tcs_p                      0.4075055734846700    1.000000000000000    0.000000000000000
         tcs_m                      0.9956474691510300    1.000000000000000    0.000000000000000
         tcd_p                      0.08432232379788000    1.000000000000000    0.000000000000000
         tcd_m                      0.9985140163262500    1.000000000000000    0.000000000000000
          af_p                      1.500555002945400    1.000000000000000    0.000000000000000
          af_m                      1.500413594332800    1.000000000000000    0.000000000000000
         auf_p                      0.4977641887876300    1.000000000000000    0.000000000000000
         auf_m                      0.7000000000000000    1.000000000000000    0.000000000000000
         por_p                      0.5285911476437301    1.000000000000000    0.000000000000000
         por_m                      0.5075813706002300    1.000000000000000    0.000000000000000
        perm_p                      2.607784409710000e-10    1.000000000000000    0.000000000000000
        perm_m                      1.000000000000000e-13    1.000000000000000    0.000000000000000
         den_p                      900.0000000000000    1.000000000000000    0.000000000000000
         den_m                      2300.000000000000    1.000000000000000    0.000000000000000
