single point
       alpha_p                      0.005692452711897000    1.000000000000000    0.000000000000000
       alpha_m                      0.001797971178400000    1.000000000000000    0.000000000000000
           n_p                      2.049841691440000    1.000000000000000    0.000000000000000
           n_m                      2.050005354074000    1.000000000000000    0.000000000000000
          wr_p                      0.2266573354967000    1.000000000000000    0.000000000000000
          wr_m                      0.1607283697886000    1.000000000000000    0.000000000000000
         tcs_p                      0.4410243811431700    1.000000000000000    0.000000000000000
         tcs_m                      0.9519400251816300    1.000000000000000    0.000000000000000
         tcd_p                      0.1024627782632700    1.000000000000000    0.000000000000000
         tcd_m                      0.9843197825845700    1.000000000000000    0.000000000000000
          af_p                      1.505098726405400    1.000000000000000    0.000000000000000
          af_m                      1.499398521245900    1.000000000000000    0.000000000000000
         auf_p                      0.4863139831387600    1.000000000000000    0.000000000000000
         auf_m                      0.6988840286331800    1.000000000000000    0.000000000000000
         por_p                      0.6380520429888000    1.000000000000000    0.000000000000000
         por_m                      0.4813605741976100    1.000000000000000    0.000000000000000
        perm_p                      1.336655531800000e-11    1.000000000000000    0.000000000000000
        perm_m                      1.222394756200000e-13    1.000000000000000    0.000000000000000
         den_p                      900.0000000000000    1.000000000000000    0.000000000000000
         den_m                      1900.000000000000    1.000000000000000    0.000000000000000
          b_bc                      268.4500000000000    1.000000000000000    0.000000000000000
