single point
       alpha_p                      0.002500000000000000    1.000000000000000    0.000000000000000
       alpha_m                      0.001813811843615000    1.000000000000000    0.000000000000000
           n_p                      2.049693623786000    1.000000000000000    0.000000000000000
           n_m                      2.050026431085000    1.000000000000000    0.000000000000000
          wr_p                      0.2280234219676000    1.000000000000000    0.000000000000000
          wr_m                      0.1617815907043000    1.000000000000000    0.000000000000000
         tcs_p                      0.4423366444116700    1.000000000000000    0.000000000000000
         tcs_m                      0.9517927684241700    1.000000000000000    0.000000000000000
         tcd_p                      0.1036996383644000    1.000000000000000    0.000000000000000
         tcd_m                      0.9842392715444001    1.000000000000000    0.000000000000000
          af_p                      1.505070120299900    1.000000000000000    0.000000000000000
          af_m                      1.499406870695900    1.000000000000000    0.000000000000000
         auf_p                      0.4857370039590100    1.000000000000000    0.000000000000000
         auf_m                      0.6988840284591300    1.000000000000000    0.000000000000000
         por_p                      0.6384077253838600    1.000000000000000    0.000000000000000
         por_m                      0.4816383481631700    1.000000000000000    0.000000000000000
        perm_p                      1.336656648850000e-11    1.000000000000000    0.000000000000000
        perm_m                      1.187991526820000e-13    1.000000000000000    0.000000000000000
         den_p                      900.0000000000000    1.000000000000000    0.000000000000000
         den_m                      1900.000000000000    1.000000000000000    0.000000000000000
          b_bc                      268.4500000000000    1.000000000000000    0.000000000000000
