single point
       alpha_p                      0.002500000000000000    1.000000000000000    0.000000000000000
       alpha_m                      0.001813812852809000    1.000000000000000    0.000000000000000
           n_p                      2.049693624622000    1.000000000000000    0.000000000000000
           n_m                      2.050026431155000    1.000000000000000    0.000000000000000
          wr_p                      0.2280234200814000    1.000000000000000    0.000000000000000
          wr_m                      0.1617815895441000    1.000000000000000    0.000000000000000
         tcs_p                      0.4423366429956100    1.000000000000000    0.000000000000000
         tcs_m                      0.9517927686455400    1.000000000000000    0.000000000000000
         tcd_p                      0.1036996371584200    1.000000000000000    0.000000000000000
         tcd_m                      0.9842392715444001    1.000000000000000    0.000000000000000
          af_p                      1.505070120383700    1.000000000000000    0.000000000000000
          af_m                      1.499406870678100    1.000000000000000    0.000000000000000
         auf_p                      0.4857370046517500    1.000000000000000    0.000000000000000
         auf_m                      0.6988840284591300    1.000000000000000    0.000000000000000
         por_p                      0.6384077244716500    1.000000000000000    0.000000000000000
         por_m                      0.4816383483578100    1.000000000000000    0.000000000000000
        perm_p                      1.336660000000000e-11    1.000000000000000    0.000000000000000
        perm_m                      1.187986554670000e-13    1.000000000000000    0.000000000000000
         den_p                      900.0000000000000    1.000000000000000    0.000000000000000
         den_m                      1900.000000000000    1.000000000000000    0.000000000000000
          b_bc                      268.4500000000000    1.000000000000000    0.000000000000000
