single point
       alpha_p                      0.002500000000000000    1.000000000000000    0.000000000000000
       alpha_m                      0.001813811625569000    1.000000000000000    0.000000000000000
           n_p                      2.049693622359000    1.000000000000000    0.000000000000000
           n_m                      2.050026430973000    1.000000000000000    0.000000000000000
          wr_p                      0.2280234245322000    1.000000000000000    0.000000000000000
          wr_m                      0.1617815924427000    1.000000000000000    0.000000000000000
         tcs_p                      0.4423366468060700    1.000000000000000    0.000000000000000
         tcs_m                      0.9517927680632901    1.000000000000000    0.000000000000000
         tcd_p                      0.1036996403902700    1.000000000000000    0.000000000000000
         tcd_m                      0.9842392713984300    1.000000000000000    0.000000000000000
          af_p                      1.505070120156900    1.000000000000000    0.000000000000000
          af_m                      1.499406870725800    1.000000000000000    0.000000000000000
         auf_p                      0.4857370027844400    1.000000000000000    0.000000000000000
         auf_m                      0.6988840284438400    1.000000000000000    0.000000000000000
         por_p                      0.6384077267012300    1.000000000000000    0.000000000000000
         por_m                      0.4816383477863300    1.000000000000000    0.000000000000000
        perm_p                      1.336655531800000e-11    1.000000000000000    0.000000000000000
        perm_m                      1.187992436660000e-13    1.000000000000000    0.000000000000000
         den_p                      900.0000000000000    1.000000000000000    0.000000000000000
         den_m                      1900.000000000000    1.000000000000000    0.000000000000000
          b_bc                      268.4500000000000    1.000000000000000    0.000000000000000
