  single point
       alpha_p    5.0000000000000003E-02     1.000000         0.000000    
       alpha_m    5.0000000000000001E-03     1.000000         0.000000    
           n_p     1.600000000000000         1.000000         0.000000    
           n_m     1.500000000000000         1.000000         0.000000    
          wr_p    0.1000000000000000         1.000000         0.000000    
          wr_m    0.1200000000000000         1.000000         0.000000    
         tcs_p    0.4000000000000000         1.000000         0.000000    
         tcs_m     1.000000000000000         1.000000         0.000000    
         tcd_p    7.0000000000000007E-02     1.000000         0.000000    
         tcd_m     1.000000000000000         1.000000         0.000000    
          af_p     1.500000000000000         1.000000         0.000000    
          af_m     1.500000000000000         1.000000         0.000000    
         auf_p    0.5000000000000000         1.000000         0.000000    
         auf_m    0.7000000000000000         1.000000         0.000000    
         por_p    0.5000000000000000         1.000000         0.000000    
         por_m    0.5000000000000000         1.000000         0.000000    
        perm_p    1.0000000000000000E-10     1.000000         0.000000    
        perm_m    9.9999999999999998E-13     1.000000         0.000000    
         den_p     900.0000000000000         1.000000         0.000000    
         den_m     2300.000000000000         1.000000         0.000000    
