0.0 270.15 270.15 270.15 270.15 270.15 270.15 270.15 14.298656560979635 14.298656560979635 14.298656560979635 7.673568863359098 7.673568863359098 7.673568861165598 7.673568857658884
86400.0 268.8641628306 269.5085506411 269.9054171817 270.0415283559 270.1332303051 270.1479476131 270.1496729982 14.298547595347337 14.29859234544521 14.298629004763782 7.673506663040423 7.673558934451079 7.673567639510993 7.673568662903957
172800.0 267.7312290085 268.7579774563 269.5080979582 269.8013116238 270.0618118753 270.1306300921 270.1448655311 14.298495244722499 14.298541510896154 14.298592308304205 7.673383752261194 7.673517915288143 7.673557399284669 7.673565804657604
259200.0 266.7148336105 268.0296072214 269.0746452998 269.5091068866 269.9501208698 270.0950159716 270.1326324774 14.29846428967451 14.298506730617921 14.298560617868157 7.673256636383128 7.673457569843358 7.673536713826326 7.673558573692432
345600.0 265.688138178 267.2870207793 268.6098333047 269.1784170233 269.8037869467 270.0393461364 270.1104963195 14.298441768043855 14.298480362009109 14.298533509333028 7.673135811718901 7.673384781508301 7.673505351880422 7.673545640641426
432000.0 263.7339407204 266.0567771595 267.9231858898 268.7197167007 269.6062839028 269.9591770353 270.0757492335 14.298412754092983 14.298449085382614 14.298502479703453 7.672998863634429 7.673296346541079 7.673462157958135 7.673525724615851
518400.0 263.0046966092 265.323897995 267.3676543363 268.2818547083 269.3777880076 269.8549502499 270.0266856389 14.29840485635512 14.29843523167327 14.298482889445847 7.672892464169037 7.673205839456851 7.673409221219392 7.673498376068403
604800.0 262.1959702898 264.653300197 266.8572912341 267.8635262418 269.1329026469 269.7302508732 269.9630806202 14.298397357792226 14.29842469858133 14.298468011092236 7.6728075489664915 7.673120491610422 7.673350229087333 7.673464206278551
691200.0 260.1496801792 263.3659376022 266.1009788542 267.3241636874 268.8494245016 269.5832238404 269.8842695331 14.29838264887732 14.298408617565414 14.298450015507582 7.672716663811318 7.673034127418131 7.673286100138319 7.673423759157408
777600.0 257.680042475 261.7069778837 265.1170682136 266.6326363983 268.5042688348 269.4072399878 269.7879995557 14.29837019992273 14.298393351082892 14.29843179051811 7.672622654799034 7.672943554302808 7.673216124419036 7.673376987631302
864000.0 255.5192079892 260.0949661328 264.0692712072 265.8562276056 268.0975712409 269.197173467 269.6713744672 14.298362240689004 14.298382320523306 14.298416823305267 7.67253869759813 7.672853051595959 7.6731409486897855 7.67332387880861
950400.0 255.7198256528 259.6778851602 263.4733813655 265.2677051089 267.6901116229 268.9617676314 269.5346642913 14.298362894082576 14.298379907556328 14.298409791908261 7.672486027114727 7.6727760789810775 7.673065878080189 7.673266091538374
1036800.0 256.78138984 259.9841466054 263.2911616782 264.9305054713 267.3375141435 268.7195265495 269.3828033193 14.298366626769445 14.298381664057489 14.298407815773546 7.672459122337405 7.672718244767047 7.672997153998159 7.673206935807751
1123200.0 257.5771239074 260.3594972756 263.2722860485 264.7504669812 267.0539956683 268.4868392247 269.2231326465 14.298369769164843 14.298383934834398 14.298407615351074 7.672445574245266 7.672676624883267 7.672938024257629 7.673149791237916
1209600.0 257.9840209464 260.587882974 263.2686090516 264.6342993192 266.8268525445 268.272193991 269.0624741574 14.298371507372767 14.298385384805949 14.29840757639987 7.672437139803642 7.672646006076989 7.672888601886398 7.673096907984983
1296000.0 257.5458655795 260.3708144876 263.1088192065 264.4702727469 266.6236897748 268.0743659825 268.9047182702 14.298369639493211 14.298384005425891 14.298405911976785 7.672425793923282 7.6726204919981065 7.672846843056879 7.673048969088595
1382400.0 255.9139949489 259.4435256094 262.6241220114 264.1387488253 266.3978302496 267.8825603711 268.7495812264 14.298363541414522 14.298378617915105 14.29840118026255 7.672404326390684 7.672594047687488 7.672809423264405 7.673005259179032
1468800.0 256.7979462279 259.6204357736 262.500543513 263.9395189754 266.1851205307 267.6959996598 268.5966253034 14.29836668894095 14.29837958716975 14.298400044564959 7.6723920682017965 7.672570731789344 7.672775613391395 7.672965150732413
1555200.0 254.4750400085 258.4112656443 261.8940823456 263.5351742858 265.9388952365 267.5061242376 268.4435945872 14.298359073492568 14.298373438928081 14.298394841956076 7.672369031965322 7.672545552690668 7.672743554138477 7.672927695247456
1641600.0 254.5528805684 258.1023874104 261.5297208392 263.1932119206 265.682421695 267.3108611748 268.2886010329 14.298359296944119 14.298372031203067 14.29839198414478 7.67235096070237 7.672521128401423 7.672712813135954 7.672892221739148
1728000.0 256.4037602937 258.894796403 261.670435614 263.1143598321 265.4789278205 267.1223179794 268.1336324136 14.298365243035978 14.298375768810626 14.298393065733915 7.6723468289559165 7.67250288529023 7.672685066602886 7.672858999146984
1814400.0 257.7765558944 259.7276503558 261.9791018052 263.1967696195 265.3476852719 266.9540878988 267.9836619749 14.298370609276894 14.298380187366341 14.298395536353267 7.6723508532833895 7.672491585482999 7.6726617702249715 7.6728287923339415
1900800.0 257.5643710645 259.7979393172 262.0511591997 263.219756333 265.2499913482 266.8076945522 267.8423244393 14.29836971619732 14.298380586228985 14.298396133445744 7.672351982060574 7.672483419668197 7.672642528440987 7.672801925259812
1987200.0 261.3604328941 261.7509827731 262.8560958424 263.6010669762 265.251069213 266.6962395283 267.7151878891 14.29839071806805 14.298393697201101 14.298403387758889 7.67237210962424 7.672483401085978 7.672628478859839 7.672778981034902
2073600.0 264.4156777014 263.7907670099 263.9140184234 264.2194062686 265.3728126658 266.6347560246 267.6098130971 14.298421363973109 14.298413422618312 14.298414901623204 7.672408669170147 7.672493396318521 7.672620939404825 7.672760782067902
2160000.0 264.0433934277 264.1546350275 264.3983641846 264.6415594842 265.5315155862 266.6169971309 267.5295598211 14.298416498323075 14.298417908929112 14.298421128270828 7.672436852512826 7.672507003947837 7.672618788798028 7.672747390960157
2246400.0 266.0759139504 265.3673558818 265.1043309189 265.1353618848 265.7282837817 266.6370317222 267.4749800701 14.298449486609993 14.298435978566312 14.29843158453118 7.672473687367074 7.672524744506944 7.672621215862829 7.672738505566616
2332800.0 263.3341832512 264.327745628 264.9377405196 265.2217011744 265.8649433616 266.6716398715 267.4406217891 14.298408275545652 14.298420176710266 14.298428950783334 7.672480658705507 7.672537674743921 7.672625444695725 7.672733001487478
2419200.0 262.3471309769 263.6384237903 264.6722256786 265.1444985091 265.9259164756 266.7001683558 267.4177584598 14.29839867180106 14.298411648862869 14.298424972418953 7.672474516832481 7.672543622848131 7.672628965643737 7.672729376348199
2505600.0 263.0292872767 263.8323743011 264.7025007869 265.1540632309 265.9605259336 266.7188737272 267.4000336427 14.298405103645244 14.298413917415271 14.298425413088333 7.67247528128658 7.672547045560043 7.672631291629544 7.672726586292768
2592000.0 263.0445413357 263.8828762952 264.735415893 265.1795600378 265.9860111508 266.7301464196 267.3842856847 14.298405257671735 14.298414524106917 14.298425895876772 7.672477321275543 7.672549584349051 7.672632700082827 7.672724122174167
2678400.0 263.3304326049 264.046372544 264.8181517737 265.2322761461 266.012342729 266.7377114953 267.3695664785 14.298408235294161 14.298416535642549 14.298427126711935 7.672481573919461 7.6725522222207765 7.672633648141563 7.672721831471969
2764800.0 264.1238264503 264.497801944 265.0344310707 265.3585042707 266.0555593092 266.7471252782 267.3566608385 14.29841751468758 14.298422495189815 14.29843046592852 7.672491991112194 7.672556589388501 7.672634831087621 7.6727198328276005
2851200.0 264.6682520441 264.8973320828 265.2707960145 265.5170888796 266.1173486577 266.7625317427 267.3470557023 14.298424914817572 14.29842832837353 14.298434330498782 7.672505593743601 7.672562930672831 7.672636774798274 7.672718351238399
2937600.0 267.3433113006 266.3825755656 265.9700746918 265.9182866091 266.244279699 266.7959179988 267.3446597178 14.29848211883534 14.298456233875449 14.298447295042154 7.67254275891687 7.672576322805174 7.67264102004875 7.672717982441728
3024000.0 268.9986531752 267.6233140828 266.7101651901 266.4152842257 266.4368590665 266.8564593223 267.3543158898 14.2985557600772 14.298491403487267 14.298464170577262 7.6725952099973265 7.672597654008842 7.672648836072406 7.672719470654724
3110400.0 267.2584623452 267.1056488838 266.7655758037 266.6129853934 266.6065948095 266.9323326722 267.3760427713 14.298479483863696 14.29847492950461 14.298465595684036 7.672618318787672 7.672617544073187 7.672658851950789 7.672722837879735
3196800.0 259.539323077 263.1133753921 265.2036225935 265.9289888256 266.5656940536 266.9756265029 267.3974103994 14.298379139552766 14.298405958678712 14.298433208218354 7.672544048425674 7.6726126907036125 7.672664680220615 7.672726174867151
3283200.0 259.4199251338 262.0911468666 264.3676473243 265.3355839903 266.402137158 266.9677370633 267.4053944239 14.298378490557218 14.298396468237446 14.29842071244073 7.67249041725167 7.672593813603484 7.672663611894568 7.672727428269788
3369600.0 260.4981073938 262.2924467387 264.1472199621 265.0369456211 266.2311659858 266.9223698973 267.3954448744 14.298384808422435 14.298398192103987 14.29841781379154 7.672466332993458 7.672575035946847 7.67265752251162 7.672725866848718
3456000.0 259.5191182427 261.7600226895 263.789390966 264.7418329777 266.0591710829 266.8526815808 267.3683612723 14.298379028907375 14.298393768640329 14.298413406332871 7.672444314767212 7.672557068793386 7.672648343848048 7.672721644437583
3542400.0 261.3757571039 262.5263185221 263.9483832547 264.7057615115 265.9391965951 266.7774139582 267.3293586975 14.298390831141917 14.29840027920279 14.2984153212458 7.672441619205465 7.672545027987114 7.672638661521212 7.672715634607504
3628800.0 263.5126020662 263.7577563155 264.4510945854 264.9167336026 265.906694285 266.7169295813 267.2868137523 14.29841022728089 14.298413033259227 14.298421849132659 7.6724569293854685 7.672541796763934 7.6726310492333285 7.672709172416088
3715200.0 264.1230623971 264.3640335415 264.8243913802 265.1462629825 265.9339439215 266.6797336103 267.2480831053 14.298417504941812 14.298420663711884 14.298427220555595 7.672474622389873 7.672544427631852 7.672626440381315 7.6727033726473355
3801600.0 264.2090111812 264.5827548839 265.0330750481 265.3138459761 265.9837255388 266.6631366276 267.2169474147 14.298418611561447 14.29842368879474 14.298430444422815 7.672488239962096 7.672549335911089 7.672624401383276 7.672698766489095
3888000.0 265.3555039434 265.25077705 265.3907714795 265.5453840523 266.0611833166 266.6656747149 267.1952924402 14.298435774026268 14.298433993986112 14.298436384561406 7.672508062869733 7.672557132587687 7.672624712499548 7.672695592008304
3974400.0 265.1327680671 265.326961898 265.5471242682 265.6989087449 266.1414419744 266.6819304541 267.1829894772 14.29843204534224 14.298435284048015 14.298439161289688 7.6725219222561245 7.672565409472493 7.672626711076569 7.672693798999781
4060800.0 266.0014589899 265.8232363815 265.827717501 265.8958065186 266.233247981 266.709755634 267.1794804212 14.298447937956954 14.298444362024629 14.298444449742922 7.672540570058505 7.672575123292414 7.672630156079445 7.672693288982097
4147200.0 268.1342486657 267.0592246825 266.4454470932 266.2731733859 266.3741921526 266.7557803257 267.1862430716 14.298511090864748 14.298473592307351 14.298457695434838 7.672579401810978 7.672590564307977 7.672635921844134 7.672694272430264
4233600.0 269.5333282642 268.1136787466 267.0928062872 266.7217640438 266.5654585761 266.8257317167 267.2058714648 14.298594393019153 14.298510219074164 14.298474557489044 7.672631734177853 7.672612618096827 7.6726448498906725 7.672697139859494
4320000.0 267.6819592763 267.4925832641 267.0792212269 266.8729535671 266.7250193273 266.9068804463 267.2368514462 14.298493471674565 14.2984869512771 14.29847416571423 7.6726510308378275 7.672632059219964 7.672655464229058 7.6727017053177216
4406400.0 261.107204493 264.0574777613 265.7237175482 266.2775167507 266.6982556391 266.9575449381 267.2674558976 14.298388892447779 14.29841667496434 14.298442441802198 7.672580016366269 7.672628746442826 7.67266223589162 7.672706263863538
4492800.0 259.7548844876 262.5386042055 264.738387244 265.635179336 266.5358128332 266.9565126802 267.2845417898 14.298380341399207 14.298400391454418 14.298425939653058 7.672516460464401 7.672609187851975 7.672662096791951 7.672708830032818
4579200.0 260.1183038622 262.263563585 264.2868618922 265.2104995861 266.3382118915 266.9116703956 267.2819293749 14.298382460233906 14.298397940734535 14.29841963292313 7.672480103879806 7.672586677834302 7.6726560996081705 7.672708436674715
4665600.0 260.1051638645 262.0971379451 264.0092968081 264.9176875326 266.149494725 266.8395311855 267.2601839276 14.298382381509256 14.298396518617146 14.298416073014913 7.672457235446106 7.67256637852822 7.672646635120928 7.67270517630107
4752000.0 259.3654819997 261.6129341686 263.6615478369 264.6259901091 265.9645046455 266.7503712389 267.2222882449 14.298378198464603 14.298392620481666 14.29841191433787 7.672436089732712 7.672547532478629 7.672635239809846 7.672699553075421
4838400.0 260.258165664 261.8958516866 263.6210140929 264.4887103615 265.8118348789 266.6559367155 267.1728890547 14.298383308402633 14.298394856297463 14.298411449861788 7.672426575357768 7.6725326944736185 7.672623520168578 7.672692332640012
4924800.0 261.1293360259 262.3587134087 263.745146844 264.4788880851 265.7070513601 266.5676069556 267.1176571702 14.298389048851755 14.298398774045586 14.298412885268863 7.672425835585357 7.672522852401273 7.6726128701906235 7.672684403227783
5011200.0 259.4196989146 261.5731191404 263.4185465834 264.2885282986 265.5923425305 266.4815640893 267.0590903201 14.298378489339793 14.298392314844408 14.298409189244953 7.672413302670177 7.672512418425375 7.672602774071497 7.672676156085109
5097600.0 260.3828326912 261.8559852076 263.4183648714 264.2138706219 265.4927862675 266.3988691541 266.9988359376 14.298384080536513 14.298394534279156 14.298409187262655 7.672408483862663 7.672503615129356 7.672593319440574 7.672667839346904
5184000.0 262.5433827533 262.9916559995 263.8509169241 264.3853391505 265.4587364656 266.3313415425 266.9409812065 14.298400435186087 14.298404725708275 14.298414139388067 7.672419488071677 7.672500627476106 7.672585773313662 7.672660009565769
5270400.0 263.3193088022 263.6534036726 264.2259415163 264.604966975 265.479658432 266.2861969738 266.8901303063 14.29840811611405 14.298411820685427 14.298418832119223 7.672434327336988 7.672502403186762 7.672580813381341 7.672653250174301
5356800.0 261.8508523123 263.088713184 264.1074191468 264.6055380354 265.4870935734 266.2541218403 266.8468679109 14.29839449298871 14.298405706385038 14.298417305857871 7.672434395104602 7.672503036810113 7.67257732982866 7.672647587532991
5443200.0 260.0237348284 262.0428675126 263.6585510473 264.3848932541 265.4349505591 266.2179801739 266.8070838052 14.298381897254808 14.298396064333009 14.298411879854802 7.672419509982629 7.672498542198097 7.672573444240081 7.672642450076263
5529600.0 260.3646553507 261.9514760552 263.488259977 264.2327524731 265.3592406901 266.1728614461 266.7668864979 14.298383966990974 14.298395309529896 14.29840995664299 7.672409644536999 7.672492119720581 7.672568651461143 7.672637325948901
5616000.0 259.9369243235 261.676489621 263.2970936704 264.0805017523 265.2714292496 266.1190880281 266.7240767277 14.298381387759521 14.29839311288202 14.29840787892664 7.672400112152261 7.672484825230487 7.672563021717527 7.672631941083616
5702400.0 260.7525602671 261.9976844822 263.3470986724 264.0456224423 265.2017142233 266.0632459238 266.6790747682 14.298386464387288 14.298395689576642 14.298408414376649 7.67239793786913 7.6724791413660975 7.672557268132537 7.672626359236234
5788800.0 262.7543879279 263.0709356508 263.7766394554 264.232668624 265.1932591921 266.0190283988 266.6357344375 14.298402407439067 14.298405525307505 14.298413255639954 7.672409535578717 7.672478434813672 7.672552777820936 7.672621058243477
5875200.0 262.3329493106 263.1149421849 263.9045026933 264.3397056743 265.2080299194 265.9887353198 266.5971564327 14.298398546922638 14.298405974753813 14.298414785993383 7.672416434040991 7.672479608211271 7.672549734368117 7.672616400215688
5961600.0 261.6075498002 262.7783389294 263.8137919685 264.3249818331 265.2086823272 265.9651802345 266.5633531546 14.298392579025498 14.298402636512442 14.298413695875904 7.672415491725764 7.672479655058857 7.6725473860528615 7.672612364699438
6048000.0 261.9373364853 262.8739295116 263.8355931332 264.3323125347 265.2043413593 265.9445833193 266.533252051 14.298395193880957 14.298403561703974 14.298413955882056 7.6724159669072 7.672479300106252 7.672545345554008 7.672608806750538
6134400.0 260.9007475538 262.3658297485 263.6295541682 264.2300717209 265.174476247 265.9207789511 266.50463928 14.29838746137499 14.298398836975588 14.298411547389591 7.672409402395728 7.672476900460204 7.672543002154889 7.67260545536106
6220800.0 262.8219078445 263.2168664731 263.9188121577 264.3409498279 265.1744659949 265.9004686378 266.4778516497 14.298403056020307 14.29840703141443 14.298414959963964 7.672416512213301 7.672476890103611 7.672541015204379 7.672602344467726
6307200.0 263.8645164668 263.9448819941 264.2903879071 264.5519284804 265.2189021193 265.8925250468 266.4555294574 14.298414302765142 14.29841527834912 14.298419679618686 7.672430616627145 7.672480455325697 7.672540241192198 7.6725997716554115
6393600.0 263.3029323991 263.8556722665 264.3697840309 264.6541046093 265.2683105084 265.895079784 266.4389322283 14.298407941155508 14.29841419646041 14.298420741270105 7.672437726882456 7.672484477902219 7.672540489933209 7.672597870063813
6480000.0 264.3531140605 264.3976184823 264.6395383534 264.8256785738 265.3344770078 265.9081435798 266.4287681486 14.29842051673498 14.298421118136249 14.298424500249515 7.672450050669509 7.672489949848502 7.672541764698423 7.672596710293816
6566400.0 264.9967037053 264.8763191827 264.9320162962 265.0290990662 265.4203207366 265.9327403208 266.4257622584 14.298429870353045 14.298428007177462 14.298428862230054 7.672465363341251 7.67249719592766 7.672544177697883 7.67259636799713
6652800.0 265.5745872975 265.3172922069 265.2238175926 265.2450643191 265.5225785996 265.9690725191 266.4304732157 14.29843966116031 14.298435118886232 14.29843354356459 7.672482513738137 7.672506050049391 7.672547772998825 7.672596904601385
6739200.0 265.0864605503 265.2110922298 265.2955496583 265.3589676823 265.6138133217 266.011697667 266.4418967636 14.298431296658121 14.298433332051447 14.298434749025061 7.672491958440585 7.6725141629171345 7.672552038895139 7.672598209012525
6825600.0 264.7690649973 265.0578035908 265.2872732372 265.4054340769 265.6828924408 266.0541089776 266.4577112844 14.298426393459147 14.298430837752871 14.298434608791794 7.672495897866128 7.6725204440774295 7.672556335562994 7.672600022349408
6912000.0 265.6836496966 265.5063806947 265.4948175214 265.5367023722 265.75704183 266.097314797 266.4767130619 14.298441683512534 14.298438426481656 14.298438219404781 7.672507271338412 7.672527318141822 7.6725607672417535 7.672602212809604
6998400.0 265.0356724728 265.3002769711 265.4865798066 265.5827354531 265.817924904 266.1390432026 266.4976509959 14.298430485617653 14.298434829260337 14.298438072268528 7.672511361951926 7.672533070966782 7.672565100564153 7.672604641322309
7084800.0 262.2161768457 263.8362947789 264.9027442821 265.319248418 265.8015069303 266.1642807595 266.5158742238 14.298397531284762 14.298413964270175 14.298428411375102 7.672488703978807 7.6725315224421475 7.672567747156967 7.672606767766931
7171200.0 261.9498475916 263.2494859916 264.4738102169 265.0334738664 265.7402218649 266.1753989125 266.5307739043 14.298395296195595 14.29840737430105 14.29842216244415 7.6724658301383215 7.672525780276829 7.672568919318317 7.672608515313235
7257600.0 265.6927689037 264.9443175644 264.9803067912 265.1608947457 265.6990212918 266.1649845042 266.5355046694 14.29844185536059 14.298429052683668 14.298429613266162 7.672475746116235 7.672521959584112 7.672567821235705 7.672609071861026
7344000.0 268.8753391606 267.056552566 266.030202114 265.7434968107 265.825067379 266.1834727586 266.5410656287 14.298548253782705 14.298473515972931 14.298448531875204 7.672526052049594 7.672533755040639 7.672569772931468 7.672609727121141
7430400.0 269.6431724395 268.01339446 266.7518588729 266.2771695769 266.0292452656 266.240735493 266.5589155491 14.298603827745724 14.298506071347568 14.298465240540311 7.672579944947631 7.67255381107503 7.672575885803149 7.672611838081382
7516800.0 265.2131457267 266.0795810011 266.2311996091 266.2021977515 266.1468023015 266.3075077484 266.5872003989 14.298433366139328 14.298449563747532 14.29845282658508 7.672571763403123 7.672565912640298 7.672583146385387 7.672615207211275
7603200.0 265.1396647158 265.5633556448 265.922745495 266.0608498942 266.197269652 266.3672549713 266.6196817878 14.29843215760024 14.298439456282448 14.2984463363109 7.672557033038369 7.672571239570235 7.672589767408352 7.672619113137834
7689600.0 266.5424952796 266.1735063448 266.0893393197 266.1041353406 266.2268603718 266.4122185479 266.6519091295 14.298460007508568 14.298451567876635 14.298449769422136 7.672561473269857 7.672574400394563 7.672594829583764 7.672623028098152
7776000.0 269.1567708517 267.6486002614 266.7411998076 266.4425826991 266.3204752877 266.4589950804 266.6833428105 14.298566080967609 14.298492289689351 14.298464965644612 7.672598328952737 7.672584574007747 7.672600169939269 7.672626885204899
7862400.0 270.5837681374 268.7942482212 267.4431444508 266.9151316765 266.5031487073 266.5324502822 266.7222904946 14.298718720029337 14.29854355502179 14.29848532206371 7.672656776052881 7.672605285841006 7.672608712434835 7.672631718000787
7948800.0 269.857682693 268.8862073043 267.7958018687 267.2777728777 266.708152807 266.6225089607 266.7677006398 14.298624115759594 14.29854889746238 14.29849761915258 7.6727081300560815 7.672629980787023 7.672619454996782 7.672637429072276
8035200.0 270.2783566016 269.0598265766 267.9818510534 267.4881583273 266.8933207769 266.7304697462 266.8254689083 14.29867295039273 14.298559656058282 14.298504800834568 7.672740963494352 7.672653711761808 7.672632740556757 7.672644815968382
8121600.0 271.6857642009 269.8793394507 268.4226781185 267.79279305 267.0761092771 266.8448181742 266.8931054843 14.299048541122213 14.298626315734673 14.298524135107984 7.672793447515797 7.672678602424814 7.672647321219926 7.6726536425511
8208000.0 273.2095288306 271.0070224549 269.0792961694 268.2368397417 267.2938006465 266.9682847028 266.9678220466 14.653746028605251 14.298804350759628 14.298560921217165 7.672882260804099 7.67271035478491 7.672663685963686 7.672663623386393
8294400.0 270.0449295925 269.9157010196 268.9953362304 268.4224915335 267.5146060049 267.1058149732 267.0518391212 14.298644177816954 14.298630077416641 14.298555552184459 7.672923703336646 7.672745126272102 7.672682722438928 7.672675146300507
8380800.0 270.0743671163 269.4126486349 268.7236244791 268.3374885476 267.6387675585 267.2350944617 267.1415838107 14.298647559758125 14.298584682510905 14.298539606512987 7.672903593248827 7.67276586825156 7.672701445084885 7.672687819921998
8467200.0 268.71497586 268.6914554834 268.4059483716 268.1888128427 267.6852255888 267.3336629868 267.2259195137 14.298539131832213 14.298537850470751 14.298523334055496 7.672870741420751 7.67277383676678 7.67271629378802 7.672700088712803
8553600.0 266.6881858196 267.4817708464 267.829700865 267.8774306926 267.658065807 267.3995671965 267.2986146596 14.298463612232025 14.29848659247473 14.298498889321385 7.672808462107203 7.672769068525221 7.6727265131087465 7.672710955212327
8640000.0 265.8048623619 266.7170972208 267.3449834058 267.5534353456 267.5786301187 267.4320921064 267.3557253188 14.298444003477215 14.298464347486233 14.298482171554276 7.67275136479383 7.672755538539081 7.6727316455675645 7.672719688301906
8726400.0 270.7262095264 268.8228707516 267.8771930406 267.6296278919 267.5211278999 267.4483586884 267.4026261284 14.298744117624295 14.298545192916498 14.298500696992612 7.67276418706826 7.672746008198725 7.672734234980251 7.6727269932736615
8812800.0 267.9737624 268.2728068137 268.0304609804 267.8420784625 267.5757913991 267.4681358688 267.4378790277 14.298504477592461 14.298517159744371 14.298506765451556 7.672801954059124 7.672755069399392 7.6727374037031035 7.672732565033829
8899200.0 269.4204584843 268.6604138125 268.1138794646 267.8925455429 267.6255309659 267.5015771933 267.4716147268 14.298585291439805 14.298536180425842 14.298510227545142 7.6728113791643775 7.672763467340401 7.672742813490591 7.6727379634305075
8985600.0 269.2516214816 268.7652545652 268.2349096283 267.9924640892 267.6849315666 267.5421637744 267.5070131444 14.298572684379396 14.298541918229777 14.298515464981286 7.6728306209387425 7.6727737036944275 7.6727494680510215 7.672743699073049
9072000.0 267.7652780276 267.9892398928 267.9682755488 267.9000007232 267.7077844753 267.5787416027 267.5420148353 14.298496489471995 14.298505097012884 14.298504258914999 7.672812727484006 7.672777693690736 7.672755550526368 7.672749443451107
9158400.0 271.1206740863 269.6705005351 268.6039627737 268.1986586741 267.7904980735 267.6235149761 267.5785561752 14.29883359545385 14.298606269911765 14.298533203268715 7.672872952618183 7.6727924700949455 7.67276310823169 7.672755519485452
9244800.0 273.1919351244 271.1888804184 269.4023441015 268.6732453078 267.9412307407 267.6839150838 267.6188435468 14.464864911916571 14.298852816226349 14.2985838830519 7.6729861444593235 7.672820667637651 7.672773504918083 7.672762313838235
9331200.0 268.1623354007 269.0448019249 268.9285865969 268.6731362221 268.0849162539 267.7649468447 267.6679404351 14.298512293138243 14.29855868814854 14.298551439877901 7.672985211302923 7.672849120371992 7.672787828691579 7.672770732348121
9417600.0 267.4659724522 267.9687937497 268.2918898481 268.3347060715 268.0924076508 267.8307598464 267.7203348855 14.29848607072871 14.298504279547473 14.298518023401794 7.672902532248878 7.672850572382612 7.672799791705555 7.672779888513881
9504000.0 267.8112438387 267.958530278 268.1227369018 268.1640799411 268.0502524306 267.8650315365 267.7646039083 14.298498195701814 14.298503871691187 14.298510602078423 7.672865359518618 7.672842001270525 7.672806142360366 7.672787767138882
9590400.0 269.6764301567 268.9372150414 268.4516253949 268.2734894814 268.0546854743 267.8912511421 267.8018216851 14.29860680501121 14.298551963937662 14.298525534973917 7.672888943538502 7.6728428910042785 7.672811058249509 7.672794494344579
9676800.0 271.0814477165 269.9072304626 268.9305094773 268.5388281589 268.1246237593 267.9269309322 267.8372625503 14.298823129466852 14.298629193388074 14.29855155647656 7.672951035211567 7.672857177613338 7.672817829118371 7.67280099021777
9763200.0 270.3182824025 269.7362491473 269.0112519935 268.6624550928 268.2045031539 267.9724441203 267.8743520318 14.298678359135142 14.298612309802667 14.29855655280531 7.67298241574931 7.672873995930632 7.6728266049571525 7.6728078841102505
9849600.0 269.1092546594 269.0750602838 268.795776429 268.60716774 268.2481702159 268.0170335519 267.9122810791 14.298562892373827 14.298560644906448 14.298543641911472 7.67296796012528 7.672883407456387 7.672835357451511 7.672815037605416
9936000.0 269.3614981791 269.080069823 268.7595813301 268.5869518104 268.2747283519 268.0563290608 267.9492355684 14.298580757961778 14.298560971749838 14.298541600552129 7.672962805957545 7.672889210019928 7.672843201071903 7.672822110215257
10022400.0 269.8849448709 269.3676748924 268.8727482631 268.6444566147 268.3091172779 268.0932310986 267.9848451997 14.298626890027533 14.298581226096506 14.298548100833411 7.67297754366283 7.672896834925249 7.672850680768466 7.672829023623157
10108800.0 270.5756899084 269.8146957964 269.0951849186 268.777456748 268.3660628691 268.1333557571 268.0204123096 14.298717365953857 14.298619835728926 14.298561962918122 7.673013173948684 7.672909723110515 7.672858941716722 7.672836027031912
10195200.0 271.4388974791 270.4255018352 269.424662059 268.9880189599 268.4546800986 268.1825493274 268.0583091928 14.298936738750896 14.298693688898236 14.298585620271865 7.673074448071474 7.672930430749187 7.672869256555729 7.672843599605896
10281600.0 270.8257606687 270.2445349185 269.4681088846 269.0839542565 268.5389384579 268.23761936 268.0992421776 14.2987637644762 14.298668487754778 14.298589064091338 7.673104327499785 7.672950866119631 7.672881054912872 7.67285190977322
10368000.0 272.3959762217 271.1148787553 269.873413546 269.3300994217 268.6514710115 268.3020222337 268.144454081 14.29979488041277 14.298832023159834 14.298625710795866 7.6731888179954515 7.67297941230382 7.672895201513115 7.672861250640366
10454400.0 269.4261935476 269.6590197897 269.4145171672 269.1913960487 268.7009665964 268.3607616547 268.1909864419 14.298585740267841 14.298605239167628 14.298584827964435 7.673139327322662 7.672992372869786 7.672908444343126 7.672871046721361
10540800.0 268.6573473336 268.9404307659 269.0229918639 268.9762889721 268.688649657 268.4017825647 268.2337475864 14.298536016736444 14.298552159815507 14.298557295963215 7.673070296886566 7.672989037104188 7.672917891792259 7.672880216558015
10627200.0 267.8822912353 268.3335666629 268.6575154347 268.738544642 268.6328824119 268.4209773417 268.2684640384 14.298500893029805 14.298519934012308 14.298536025704589 7.67300227229062 7.672974440716123 7.6729223702272105 7.6728877824360495
10713600.0 268.5356356198 268.5392884751 268.6184966543 268.6463395499 268.5813197665 268.4256941776 268.2943698695 14.298529699642474 14.29852988425755 14.298533962495348 7.672977880903882 7.672961302885508 7.672923476448862 7.672893500468054
10800000.0 269.9655505128 269.3605291129 268.9201564374 268.7601120181 268.5784073848 268.4307735513 268.314850387 14.29863537762344 14.298580684654983 14.29855092997468 7.673008186169492 7.672960575879655 7.672924670227735 7.672898065469303
10886400.0 269.6516741929 269.3548387213 268.9916432243 268.8231757716 268.5961208433 268.4413029875 268.3333896448 14.29860458331371 14.29858025498704 14.298555321128786 7.673025681965712 7.672965049715951 7.672927153322999 7.672902232104919
10972800.0 271.1432702375 270.2007036259 269.3712798135 269.0322717368 268.6560647415 268.4639690238 268.3537561062 14.298839814790556 14.29866286042414 14.298581500036113 7.6730878008362575 7.672980460325558 7.67293253734648 7.672906847470089
11059200.0 271.586024595 270.6465775117 269.6757642772 269.2500101728 268.7463187398 268.5014031059 268.378971265 14.298999014086933 14.298729553933455 14.298606744828376 7.67315979837116 7.673004480683645 7.672941547211541 7.672912617607346
11145600.0 271.3922379358 270.6694987124 269.8016983895 269.389237748 268.8385263161 268.5494702776 268.4098707645 14.298919218095602 14.298733647704568 14.298618563807285 7.673210178854667 7.673030080477401 7.672953336813924 7.672919774359091
11232000.0 272.2364150241 271.1741385806 270.080401535 269.5851455849 268.9438000162 268.6070709602 268.4466697088 14.29952341254803 14.298848546687202 14.298648261236773 7.673288267205991 7.673060728448574 7.672967801745899 7.672928423311577
11318400.0 273.2352865294 272.0402501702 270.5498977496 269.8860625851 269.0739271757 268.6728571348 268.4877751669 17.267672023188354 14.299298829563483 14.298713100360184 7.673427757615045 7.673100904961047 7.672984789212854 7.672938249981318
11404800.0 272.1438145439 271.6541940397 270.623985863 270.0617068936 269.2174934037 268.7533092958 268.537217772 14.29940621267795 14.299032132083727 14.298725593530863 7.673520981387892 7.673148388734981 7.673006272489591 7.6729503076765795
11491200.0 270.1697289712 270.3550710384 270.1014565319 269.8571277476 269.2640943053 268.8236239128 268.590174587 14.298658986006126 14.298683483153225 14.298650731097625 7.673411042974314 7.673164399165907 7.673025719842075 7.672963519821638
11577600.0 271.2425977236 270.6692482805 270.1097839276 269.8222253837 269.2894681339 268.879495774 268.6405139262 14.298868946544765 14.298733602557883 14.298651717625674 7.673394014359987 7.673173272038217 7.673041640960019 7.672976373969168
11664000.0 272.1397253213 271.2149242668 270.3323056772 269.9291431141 269.3367601461 268.9301999723 268.6879734287 14.299401544422757 14.298860522076456 14.298680296159302 7.673447838600501 7.673190300320632 7.673056463745214 7.672988765148631
11750400.0 273.2137135233 271.9378342782 270.6926694539 270.1380098295 269.4147876175 268.9831926128 268.7344064471 14.745297889553857 14.299211092599789 14.2987378656211 7.673564568432576 7.67321944119835 7.673072350912006 7.673001152691502
11836800.0 273.2383493818 272.8552936566 271.0965563768 270.3849293906 269.5228391018 269.0439219569 268.78162965 19.129629925350496 14.302295761869184 14.298827112076285 7.673726607005045 7.673261959739006 7.673091074678764 7.673014028033248
11923200.0 276.8058781518 273.2356439822 271.6668447098 270.7852998894 269.6870853863 269.1212381037 268.8334896877 21.72293488031367 17.42436235829351 14.299038621478303 7.674066726559835 7.673331968981323 7.673115750162276 7.673028500454873
12009600.0 276.3792220708 273.2392383396 272.9489694174 271.5178444628 269.9408842009 269.2282206779 268.8960395628 21.704144094914817 19.993935366475505 14.304267014955993 7.675205786406962 7.673455133869867 7.673151539664507 7.673046437529479
12096000.0 274.0580387331 273.4853320813 273.2068197048 271.9774850653 270.2561412013 269.3771355406 268.9772703987 21.553124140888908 20.465802943627523 14.60853070081699 7.676725793295481 7.673639567156935 7.67320482406824 7.6730705548970395
12182400.0 273.520561857 273.3944527601 273.2103855922 272.1532591587 270.5067199292 269.542383789 269.0755130349 21.06217213837091 20.305303499132272 14.67008026791816 7.677663375497075 7.67381811187697 7.67326923732087 7.673101040544379
12268800.0 274.0273502856 273.5637923736 273.2101080131 272.2539306191 270.6961921802 269.7022421877 269.1834006964 20.87044494970476 20.208204816582708 14.664668959653554 7.678366818987436 7.673977658156864 7.673337580089807 7.6731363040106
12355200.0 273.2381948371 273.2398331831 273.1120983788 272.2717494974 270.8279276377 269.8423777227 269.2923232441 18.99911567848232 19.704637777861826 14.325390266880078 7.678427209071876 7.674103834894507 7.673403066724118 7.673173958488367
12441600.0 273.2381382663 273.2382880538 272.7417658007 272.1319890291 270.9152096933 269.9698851032 269.3993906019 18.95262719077144 19.077212020070867 14.301140168924276 7.677297979603239 7.6741946408768245 7.673467798149741 7.673213158354447
12528000.0 275.5598776758 273.5783459711 272.8454350429 272.1379689628 270.9621235422 270.0686268701 269.4972633307 19.841762317442786 19.477720728292525 14.30216032590621 7.677351230512799 7.674246130434498 7.673521702544412 7.67325105431928
12614400.0 277.8878684588 275.2141074782 273.2153216192 272.3765741061 271.0628365872 270.1602182806 269.5872309281 19.271484060368458 19.3666758490982 14.789932633407652 7.679456688652073 7.674368537521597 7.6735749690441795 7.673287773480818
12700800.0 277.9487874057 275.4889282978 273.2297482525 272.4576620678 271.1664389429 270.2533601342 269.6733891917 18.833622762486346 19.24946450790942 15.818732292869413 7.680461831317455 7.674507373074603 7.673632681307289 7.673324765276165
12787200.0 276.4199752766 274.8838800458 273.2324769001 272.5004277043 271.2507535168 270.3425479712 269.7564579154 18.56467713106575 19.13957543532754 16.35776165058313 7.681081016351772 7.674631333467784 7.673691625581596 7.67336225495279
12873600.0 275.9301730709 274.5653526912 273.235170726 272.5350357335 271.3253599475 270.4275540065 269.8373812983 23.094876862957417 21.000672961866837 17.219381344641047 7.6816498054230085 7.674750679799387 7.673751493839046 7.673400630995952
12960000.0 274.7483537614 274.0835797068 273.2387966178 272.5677295006 271.3909638532 270.5065025896 269.9149639924 22.865404999834354 22.579046920098147 19.53856873863803 7.682273727186559 7.674864157324702 7.673810633647551 7.673439271870605
13046400.0 276.5335357576 274.6574942203 273.2405380255 272.6024885418 271.4509641912 270.5796760516 269.9887385559 21.501173121604435 22.27047339728434 21.722747622024293 7.683056160585732 7.674975890016725 7.67386877519695 7.673477820584574
13132800.0 274.504394613 273.9830629231 273.2411119662 272.6362842382 271.5069091891 270.6476690573 270.0584758794 20.794383977845616 21.808164955269056 22.73424806505293 7.683939452990802 7.675087711834129 7.673925926852368 7.673515994772794
13219200.0 274.1081148732 273.7022155482 273.2421552395 272.7003323725 271.5666807302 270.7133531861 270.1254503808 23.56246627938515 23.294922957918413 25.14625829047583 7.6863136427217755 7.675216750680801 7.673984244728407 7.673554356284018
13305600.0 273.653392 273.48165181 273.2427057464 272.7805432643 271.6323648362 270.7785914764 270.190509491 22.361275435311228 23.068922618379037 26.822214973451093 7.691261748141276 7.675371243121548 7.6740454469467165 7.673593325871047
13392000.0 273.2404061752 273.2834681376 273.2429430515 272.8454456265 271.6982570888 270.8435319435 270.2542186269 21.51512500817202 22.596847134942216 27.655095905166032 7.69873772831273 7.675540819691509 7.674109896921235 7.673633227306074
13478400.0 274.1744876411 273.6075722331 273.2431197501 272.8991764159 271.7613016106 270.9075155053 270.3167468169 20.886334908445107 22.144011596250813 28.324625474100564 7.711880660100314 7.675718589004374 7.6741771420741625 7.673674178759119
13564800.0 274.3416752826 273.7217873566 273.2439345507 273.0134841092 271.8352731052 270.9727784006 270.3787522068 24.62988286896164 24.510919416491156 32.056366390388796 7.974479713855189 7.675951471114116 7.674249908546371 7.673716659509996
13651200.0 276.2250635011 274.4666802859 273.2443238171 273.0494318204 271.9002470393 271.0372812247 270.4401742213 22.24537650172896 23.628052385715435 34.28158204710397 8.485336467546011 7.67617858599684 7.674326358983111 7.673760706487441
13737600.0 274.8322798455 274.0615464064 273.2446170888 273.0682533472 271.9543784837 271.0987718568 270.5003770873 23.251049528006416 23.905711649209607 36.17674345528367 9.189564564102366 7.676386370152988 7.674403831422635 7.673805911782168
13824000.0 276.54307544 274.651901514 273.2447791491 273.0805733665 272.0002258886 271.1562487866 270.5586978501 21.563351774833485 23.109701411350017 37.309015814841295 9.95100499653601 7.676577617928786 7.674480679464979 7.673851758228379
13910400.0 275.8350756334 274.4856499339 273.2448279658 273.0902431065 272.0403664022 271.209660183 270.6147176243 20.688413330795996 22.420366935323603 37.66214160322571 10.637719060577247 7.676758225121161 7.674556278034707 7.673897832856345
13996800.0 277.7077865085 275.1843642627 273.2449039417 273.0997724387 272.0770277969 271.2594700748 270.6682996207 20.0315566385911 21.8722705605318 38.222853718057415 11.316968545395792 7.6769354458713455 7.674630727335341 7.6739438986525865
14083200.0 276.1294312605 274.6974090852 273.2449106621 273.1098630492 272.1117555302 271.3063183919 270.7195199129 19.84855791961622 21.497207602757456 38.273102465571974 11.906971022918885 7.677115525930962 7.6747045154495614 7.6739898814614005
14169600.0 276.1606746829 274.6311915194 273.2449301655 273.1211853362 272.1457064593 271.3508669222 270.7685870317 20.765720355980307 21.561866945777673 38.41952793919549 12.443458908491904 7.677304484197517 7.674778337269607 7.674035833801724
14256000.0 277.487508965 275.1417355879 273.2449925648 273.1348229628 272.180108978 271.3938058529 270.8157979227 20.0937438102341 21.367985367488092 38.89396515772221 12.986953269824669 7.6775106587381226 7.674853127433455 7.6740819180695485
14342400.0 279.1170978257 276.167892458 273.9235613666 273.1627454607 272.2218399476 271.4369712813 270.8617959947 19.9237183542271 21.193399480252168 38.14614340369043 14.054341378450097 7.677785204981669 7.674932188222151 7.6741286942375995
14428800.0 277.6893924959 275.8109453438 273.9870684627 273.1918258755 272.2685083829 271.4812978791 270.9072347935 19.913656778573316 21.06543764221228 37.45235942062913 15.04086464338431 7.6781261015165985 7.675017741925696 7.674176833704577
14515200.0 277.1473255146 275.5130309771 273.9282209648 273.2085960089 272.3115682692 271.5256576957 270.9522414453 20.067313651266907 21.022760750139774 36.898767587319696 15.886269974214462 7.678474673700788 7.675108154564344 7.674226527790849
14601600.0 277.7883660486 275.7410231808 273.9830189872 273.2177154306 272.3484037105 271.568571789 270.9965056122 19.939294105998677 20.95632297254782 36.42942843530876 16.733427140027494 7.678802175053641 7.675200571696693 7.674277479912084
14688000.0 276.5118068054 275.2234957565 273.864984699 273.2227077265 272.3794799381 271.6091209687 271.0395962287 20.912118994568505 21.27613479135324 36.17193183534408 17.44138183340047 7.679102363373549 7.675292747481473 7.674329186785026
14774400.0 276.7603075834 275.2319177732 273.8536880126 273.2259395218 272.4061823912 271.6470124833 271.0811770597 21.264393318360195 21.642298422727894 36.14421346969454 18.142181189259386 7.679380198924741 7.675383492671123 7.674381176263548
14860800.0 278.1396340794 275.8532719922 274.0202048313 273.2284508404 272.4297438986 271.6823360976 271.1210690204 20.382007880187167 21.480160219823734 36.03320246041909 18.995717395437083 7.6796426446468535 7.675472416394469 7.674433108157874
14947200.0 278.0011718365 275.9272576019 274.0733530915 273.2303988755 272.4509664783 271.7153278839 271.1592232235 19.81128596168662 21.20751149236574 35.79601534035982 19.876970859870646 7.679894508707001 7.675559526078627 7.6744847747829725
15033600.0 277.6227699068 275.7784959253 274.0487284702 273.2318780028 272.4704198392 271.7462589275 271.195675732 19.378476614794927 20.93144908013621 35.46894229795829 20.704933741023954 7.680139636205404 7.675645008849377 7.6745360695616665
15120000.0 277.8284068379 275.8427711361 274.0690199336 273.2330609668 272.4886296367 271.7754121495 271.2305161716 20.889318147798846 21.26024050015011 35.329537626777906 21.540583232600376 7.680382833736202 7.675729190133653 7.674586963256903
15206400.0 277.9195048422 275.9039722462 274.095614757 273.2340440162 272.5061445425 271.8030876538 271.2638721361 20.796110152003024 21.410057082474605 35.278164233354374 22.39716806217371 7.680630789681102 7.675812562309746 7.674637495149657
15292800.0 278.6680462822 276.2590756238 274.2035755859 273.2349179721 272.5236471915 271.8296291456 271.2959075521 20.41812739945467 21.34953582814896 35.19744273345584 23.341551902263017 7.680894161652014 7.6758958852715775 7.67468778176001
15379200.0 277.2400658106 275.6810744908 274.0697680399 273.2356616861 272.5418947336 271.8554315991 271.3268243585 22.743861320624475 22.664623818631473 36.05428130912201 24.26053844717582 7.6811875060296755 7.675980246976067 7.674738030859585
15465600.0 278.8050231125 276.2840662897 274.2212006502 273.2363928427 272.5620804736 271.8810145615 271.3568820232 21.45680524918823 22.45973222612503 36.554193323553356 25.369841091949777 7.681537555093775 7.676067364544319 7.674788587121357
15552000.0 281.074648836 277.4320680847 274.5702428713 273.2371638954 272.5861619624 271.9071447023 271.3864414872 20.416172382889023 21.949929877091105 36.5706064035874 26.772882172310116 7.681995614984951 7.6761601423342976 7.674840028941536
15638400.0 281.2265749603 277.9133919422 275.0888648247 273.5334272956 272.6222769811 271.9359857727 271.4162826522 19.774621820225434 21.47890639337142 36.27857645514946 27.83724853210849 7.6827857731995355 7.676267301135624 7.674893785616468
15724800.0 277.4428466349 276.3550204519 274.7763006602 273.5346418864 272.6581786719 271.9665809771 271.4465951505 25.095455605405977 24.46896537535437 38.110314615364075 28.941593226677593 7.683695391740395 7.676386833188396 7.674950368828206
15811200.0 277.7297807418 276.0282008916 274.5140600389 273.4833827487 272.6879985246 271.9976873057 271.4774388235 25.021864857720686 25.779350097278446 43.31319206380221 30.78077553139306 7.684558701607765 7.676515036710706 7.675010102425903
15897600.0 277.6493793353 275.9681502604 274.473200165 273.4743865476 272.7121994268 272.0274666027 271.5082000745 26.14569580072102 26.804853289322505 47.97546639826764 34.103275338452924 7.68534780442641 7.676644599005441 7.675071968793776
15984000.0 278.230151427 276.2549537316 274.5863328188 273.4944431937 272.7319614653 272.0550206736 271.5381427601 24.42522908497086 25.662499778717535 48.37092677859843 37.174294918999216 7.68606185435663 7.676770917998313 7.675134514660906
16070400.0 281.0701595425 277.6246408255 275.0885526569 273.5854813586 272.7534040762 272.0815456877 271.5672989279 21.9921682670799 23.960823052062327 46.54648384440048 38.895144914181614 7.686945132398121 7.676898832002634 7.675197749739302
16156800.0 280.1329121209 277.5544928751 275.2067604103 273.6235590568 272.7970862172 272.1117440733 271.5968448739 21.027106032307607 22.920949184303993 44.4911666349512 39.49500246354639 7.689286149588185 7.677052621224498 7.675264313906587
16243200.0 277.7599703215 276.4396544251 274.858981323 273.5733720076 272.8591657998 272.1485301101 271.6283070492 23.078845157342858 23.600336987094806 43.74365240145571 39.665300633537704 7.694397717436043 7.677252813517329 7.675338109515267
16329600.0 279.8970431769 277.1693956841 275.012919008 273.5926373462 272.8955585564 272.1851518695 271.6609645713 21.373953457255958 22.895355798829804 42.69107218719904 40.85711084847532 7.698782794291325 7.677467668590091 7.67541809166549
16416000.0 280.2949944008 277.5171121792 275.1685347 273.6240308596 272.9173751733 272.2180588045 271.6933654211 21.211935900310475 22.50747572027839 41.76701898894031 42.35931001589097 7.702124061616481 7.677675506313825 7.675501080089664
16502400.0 281.8593033554 278.3275141859 275.4854145637 273.6863114489 272.9325979111 272.2468448881 271.7244969233 20.251502488404956 21.95537975914741 40.80225407633395 43.818255578757444 7.704906527517086 7.677870057279818 7.675584461997008
16588800.0 283.5217721927 279.2952590768 275.8983074125 273.7706178863 272.9444585369 272.2721365818 271.7539174978 19.538642550147205 21.452504185989795 39.8461247918394 45.32062319471627 7.707424582834002 7.678051792532641 7.675666766525305
16675200.0 282.9532161115 279.2892000552 276.0137057569 273.828217383 272.9544302798 272.2946753458 271.7815507185 19.42287532197632 21.11314950528381 38.96875886704724 46.69646295839406 7.709855757586526 7.678223035768394 7.675747376223459
16761600.0 283.4561951505 279.6437324622 276.3744419127 274.3609255989 272.964534607 272.3153205184 271.8075569302 18.943449695414454 20.794042130218916 38.12617036603476 46.26761072852113 7.712840486323998 7.678388215491032 7.675826348334133
16848000.0 283.7727313869 279.9616645884 276.6780303905 274.6044803701 272.978865637 272.3354440904 271.8323684412 18.56656083020408 20.512454360574477 37.29777811882319 45.24502249221255 7.7184487004657605 7.678557486962417 7.6759046724771185
16934400.0 284.8507640063 280.5968160591 277.0373448629 274.7959969619 273.0121583856 272.3588695625 271.8572098088 18.1861683655986 20.25992389714083 36.48017602094977 43.65801536231 7.740550864733485 7.678765658382007 7.675986179547794
17020800.0 284.8978774372 280.8059830836 277.2277875767 274.9065645667 273.0549637122 272.38674387 271.8831719523 17.865143789329874 20.038066981291838 35.73442806165837 43.10473032841905 7.808759148960385 7.679030444164886 7.676074867359221
17107200.0 283.8105408767 280.3721706018 277.1274741451 274.9046024741 273.0756309212 272.4135882256 271.9095628255 20.03345879840206 20.34455134209785 35.21064775565964 43.17808966985383 7.870936001117353 7.67930488533688 7.6761689218577756
17193600.0 283.2687739584 279.9228067138 276.9254858778 274.847530999 273.0864998239 272.4371783623 271.9353106687 23.280250009926952 22.94017995580137 36.59597709754021 43.4256603074319 7.9125001860567385 7.679563562529253 7.676264724104669
17280000.0 283.0178196739 279.8237392699 276.8489552831 274.8145037622 273.0932739643 272.4575197093 271.9597559448 21.44847203262441 22.580632461426625 37.278679814628134 43.77179373971384 7.940203073316322 7.679801130691638 7.676359613393644
17366400.0 283.0954892749 279.8135383356 276.8280522077 274.8036707558 273.0978533622 272.4751732316 271.9826557591 21.596614479742943 22.516238179973755 37.75697087747281 44.187149988695296 7.9577500159027235 7.6800192142745685 7.67645220088785
17452800.0 281.6025797374 278.9568932476 276.5196348531 274.8897560302 273.1053389368 272.4915658724 272.0044440531 26.04651955598069 26.100252569694124 42.77744328180296 45.1997582931549 8.017704189701526 7.6802324612855175 7.676543818498955
17539200.0 279.1545093657 277.7925940532 276.0628135812 274.8114023727 273.1194489983 272.5079797754 272.0251890878 26.445156814603223 27.281589968731268 52.02009217750377 48.103077 8.247762422433096 7.680457175593803 7.6766344319054145
17625600.0 278.2500826307 277.0615409749 275.7169198873 274.6870759963 273.1340187109 272.5251257317 272.0454640507 24.21327197353962 25.806585932073542 59.97552859206924 48.103077 8.802507736695642 7.680704842809603 7.676726364798519
17712000.0 280.684379038 277.9315409773 275.9517860359 274.7321236011 273.1447938722 272.54174829 272.0652777841 23.68242982277737 25.163629400279984 63.34231706345239 48.103077 9.78410394296129 7.680958622435295 7.676819611256776
17798400.0 276.6700428593 276.3031415732 275.5039221894 274.5863530663 273.1537089649 272.5577733404 272.0846115388 24.79334526795187 28.352824702879772 63.739495999999995 48.103077 11.348613288360466 7.681217113564965 7.676914027360592
17884800.0 277.3798710088 276.2718630939 275.3251522447 274.4730652479 273.1663244332 272.5758201003 272.1040812162 23.107090039944005 27.946910430749867 63.739495999999995 48.103077 12.80626707908002 7.681525934867136 7.677012724575727
17971200.0 280.2374018474 277.4285813796 275.6579301921 274.5561753514 273.1759365765 272.5947487676 272.1238357259 21.589959579804372 28.92970083596447 63.739495999999995 48.103077 12.612793704455571 7.681871975280554 7.6771167910851785
18057600.0 281.3733932607 278.2484000681 276.0746696778 274.7379415172 273.1782068278 272.6107757772 272.1430014521 20.69617954497342 29.305804911855564 63.739495999999995 48.103077 12.416600980930292 7.682184453263192 7.677221757656114
18144000.0 282.2817090261 278.9184597555 276.4858836689 274.9535598164 273.1782616606 272.6236038873 272.1609082964 20.06326178568476 29.41557711767634 63.739495999999995 48.103077 12.217393397424429 7.682448624437867 7.677323599133689
18230400.0 279.8803540289 277.9732068372 276.4184069291 275.0309242504 273.1776129977 272.6343903115 272.1776981579 25.92567913522441 36.47250736139676 63.739495999999995 48.103077 12.016395864828207 7.68268118418003 7.677422582287944
18316800.0 277.4559136493 276.847043759 275.9664746921 274.888378098 273.1765230403 272.6431509511 272.192979621 24.69040348771528 44.30998148432553 63.739495999999995 48.103077 11.81290708177749 7.682877537178683 7.6775157686606486
18403200.0 279.9296289954 277.3887411651 275.9375475871 274.8037965697 273.1752503364 272.6504409738 272.206828982 23.90042078142667 48.22373675666162 63.739495999999995 48.103077 11.606706965333059 7.683046312173401 7.677602896744233
18489600.0 279.4082660133 277.4673532417 275.9909931606 274.8070089697 273.1739972183 272.6566689548 272.2193696718 23.117513540891657 50.47075808826932 63.739495999999995 48.103077 11.398354339460562 7.683194550372333 7.677684085800658
18576000.0 280.3465559349 277.8938621056 276.1719440321 274.8755325851 273.1728396005 272.6623049293 272.2310174306 22.17471591902335 51.646183362511564 63.739495999999995 48.103077 11.189217845346262 7.683332043580115 7.6777615290800965
18662400.0 281.802894044 278.6427274003 276.5267785231 275.0311846976 273.1718113112 272.6675322432 272.2419266636 21.32729835089488 52.21648710424263 63.739495999999995 48.103077 10.980464274184207 7.68346251118438 7.677835909444211
18748800.0 278.543318489 277.6643039595 276.3873053825 275.0612231948 273.1711557447 272.6726212835 272.2523675829 25.959771659431148 58.17670737783332 63.739495999999995 48.103077 10.774755865189748 7.683592341903905 7.677908832838277
18835200.0 278.8493770792 277.3162081318 276.1251976618 274.957391622 273.1706318076 272.6776033958 272.262308101 24.26755619130183 63.739495999999995 63.739495999999995 48.103077 10.597068338942215 7.683722222920009 7.677979895638997
18921600.0 278.1675529709 277.1107823771 275.9993305209 274.9505879485 273.1721206025 272.6827833998 272.2718814005 24.172701853971017 63.739495999999995 63.739495999999995 48.103077 10.93469804845539 7.683860274287034 7.678049892571736
19008000.0 279.2710770292 277.4246861163 276.0888568753 275.0037629083 273.1755046246 272.6890492405 272.2814300624 23.71974921546142 63.739495999999995 63.739495999999995 48.103077 11.412249638256778 7.684031515627525 7.67812128527779
19094400.0 278.5730689185 277.2924832815 276.07807214 275.0263667544 273.1805728832 272.6967306344 272.291295296 27.308273223284505 63.739495999999995 63.739495999999995 48.103077 11.937158493007736 7.684248066771489 7.678196754671515
19180800.0 277.0408714188 276.6547736963 275.8329523157 274.9454761834 273.1873947068 272.7061512575 272.3017498958 27.64668622300592 63.739495999999995 63.739495999999995 48.103077 12.484282431382868 7.684524143890649 7.678278697108712
19267200.0 278.4008975612 276.9240149123 275.8463046302 274.9216217137 273.1959130696 272.7174769854 272.3130160943 27.024436237914333 63.739495999999995 63.739495999999995 48.103077 13.07076449010299 7.684872379512037 7.678369350469587
19353600.0 280.4737710905 277.8126292803 276.1906433162 275.0433208529 273.2056070884 272.7305458341 272.3252033365 25.98024981047501 63.739495999999995 63.739495999999995 48.103077 13.765054545028626 7.6852981829902145 7.678470274260708
19440000.0 279.6911023917 277.8856988024 276.3504554432 275.1514000645 273.2151026151 272.7446723739 272.3382180092 29.877810052973185 63.739495999999995 63.739495999999995 48.103077 14.641300475509896 7.685790127631651 7.67858148100812
19526400.0 282.096351634 278.8707812876 276.8071648153 275.3696906371 273.2227182076 272.7587115574 272.3517196995 27.839630210308663 63.739495999999995 63.739495999999995 48.103077 15.81216339975474 7.6863151340855245 7.678700778813338
19612800.0 282.075709048 279.2842322631 277.1559515409 275.5903002592 273.2283964891 272.7718676348 272.365294324 28.498653835521644 63.739495999999995 63.739495999999995 48.103077 17.432308245561963 7.686843415743222 7.678824964963879
19699200.0 281.0234077091 279.0721498038 277.2302320021 275.7098792702 273.2323644299 272.7838616772 272.3786146781 25.457159863292443 63.739495999999995 63.739495999999995 48.103077 19.596367796370256 7.6873589738484345 7.678951181814678
19785600.0 281.178477116 279.0872016675 277.2853391331 275.7871545664 273.2326454498 272.7949465054 272.391626239 33.68038235468809 63.739495999999995 63.739495999999995 48.103077 20.504449942502745 7.68786722067558 7.67907886247578
19872000.0 278.8001275608 278.3365912 277.0869339093 275.7660274792 273.232548277 272.8040915781 272.4039632098 45.95879647778095 63.739495999999995 63.739495999999995 48.103077 21.26548565232385 7.688311681586372 7.679204141451267
19958400.0 278.6524715912 277.7895534327 276.7426429519 275.6171593531 273.232384859 272.8113657565 272.4153488253 50.75284316557843 63.739495999999995 63.739495999999995 48.103077 22.013317496222314 7.688682795252457 7.679323587933476
20044800.0 277.3161251431 277.1733615837 276.405156231 275.4363382049 273.2321452412 272.8173299131 272.4257589049 63.71510965729075 63.739495999999995 63.739495999999995 48.103077 22.713684702691207 7.688999491466071 7.679436170178752
20131200.0 276.6360277548 276.5436102777 275.9930794049 275.2039131102 273.2318225308 272.8223664857 272.4352650335 63.739495999999995 63.739495999999995 63.739495999999995 48.103077 23.343778770471346 7.689276140982986 7.679541913777932
20217600.0 276.9933021548 276.3507557171 275.7090667559 274.9889672397 273.2314079217 272.8267176784 272.4439849044 63.739495999999995 63.739495999999995 63.739495999999995 48.103077 23.88566325916083 7.6895222602610085 7.679641478705232
20304000.0 277.0907680043 276.3494025783 275.594367462 274.8596566614 273.2308978999 272.8305278513 272.4520304327 63.739495999999995 63.739495999999995 63.739495999999995 48.103077 24.349841472053356 7.689743422585175 7.679735606344515
20390400.0 276.016608917 275.8671560577 275.3505579478 274.7186332414 273.2302891567 272.8338432839 272.4594299685 63.739495999999995 63.739495999999995 63.739495999999995 48.103077 24.74596105110881 7.689940314622099 7.67982416142512
20476800.0 276.7059730848 275.9582724069 275.2799422136 274.6340962403 273.2295697 272.8368097311 272.4663778189 63.739495999999995 63.739495999999995 63.739495999999995 48.103077 25.102230884183015 7.690120104355594 7.679909100073106
20563200.0 275.3884248279 275.4147583005 275.0272908719 274.5020147411 273.2287181041 272.8394479008 272.4729123988 63.739495999999995 63.739495999999995 63.739495999999995 48.103077 25.41449032376635 7.6902829563703365 7.679990617322393
20649600.0 274.9442893549 275.0081838208 274.7625300685 274.3476864981 273.2277052571 272.8417680173 272.4790614644 63.739495999999995 63.739495999999995 63.739495999999995 48.103077 25.6749933297869 7.690428537134022 7.680068812096962
20736000.0 275.6740743792 275.1361210256 274.6968336217 274.2598737093 273.2265011201 272.8437684795 272.4848434034 62.8752118388029 63.739495999999995 63.739495999999995 48.103077 25.895004886601505 7.690555876066057 7.680143690419319
20822400.0 275.7357671813 275.1864072166 274.6757507377 274.2142645083 273.2250700654 272.8454331021 272.4902671023 63.480830028657415 63.739495999999995 63.739495999999995 48.103077 26.089957357549046 7.690663144398088 7.68021515249482
20908800.0 276.0038117214 275.3083618923 274.7058769415 274.2055441076 273.223370402 272.8467290914 272.4953311823 63.739495999999995 63.739495999999995 63.739495999999995 48.103077 26.27476328817699 7.6907474937448965 7.6802829721283645
20995200.0 275.5710609539 275.1680003823 274.6580742963 274.1825190417 273.2213541137 272.8476077899 272.5000236009 63.739495999999995 63.739495999999995 63.739495999999995 48.103077 26.452593147042368 7.690805105371559 7.680346781427621
21081600.0 275.1350274249 274.9308393883 274.546086619 274.1304184586 273.2189786285 272.8480104418 272.5043227773 63.739495999999995 63.739495999999995 63.739495999999995 48.103077 26.617746054389805 7.69083161994634 7.680406077898227
21168000.0 274.9327241207 274.7501890706 274.4301135595 274.0654901737 273.2162337999 272.8478829296 272.508201913 63.739495999999995 63.739495999999995 63.739495999999995 48.103077 26.76439279566833 7.690823215448881 7.680460279882585
21254400.0 273.3621547905 274.0749252499 274.1456900509 273.9418512018 273.2130216005 272.8472717812 272.5117404695 63.28149189861066 63.739495999999995 63.739495999999995 48.103077 26.889781517333 7.690783034573459 7.680510312123868
21340800.0 273.247730495 273.6579413298 273.8320540554 273.7628072204 273.2096066907 272.8460319664 272.5147948804 61.09295129486364 63.739495999999995 63.739495999999995 48.103077 26.96629052579373 7.690702029804734 7.680553958470024
21427200.0 273.6678344366 273.5812254983 273.6514204814 273.6148641049 273.2063110683 272.8443303879 272.5173575694 58.482932840120334 63.739495999999995 63.739495999999995 48.103077 26.9799460485781 7.690591951569941 7.6805909116001185
21513600.0 274.9216895184 274.1147471147 273.7732516676 273.5946902761 273.2033934483 272.84244485 272.5195379855 54.988535766704366 63.739495999999995 63.739495999999995 48.103077 26.95540941017261 7.690471430700696 7.680622594956351
21600000.0 274.8764633929 274.3073155105 273.8996188396 273.6411994235 273.2011888458 272.840744038 272.5214488291 55.18724799087989 63.739495999999995 63.739495999999995 48.103077 26.92777747777044 7.6903640092950525 7.680650546451818
21686400.0 273.8644992508 273.9704666406 273.8169748746 273.6266753516 273.1995192822 272.8394093445 272.5232856824 54.43916278447358 63.739495999999995 63.739495999999995 48.103077 26.898912643970103 7.690280555901726 7.680677580337799
21772800.0 274.580945202 274.143759877 273.8563739754 273.6365286908 273.1983223228 272.8385204891 272.5251526758 50.61801451525599 63.739495999999995 63.739495999999995 48.103077 26.871158076347186 7.6902253857226865 7.680705224767276
21859200.0 276.0691640919 274.8113953675 274.1302124312 273.7446139228 273.1975177824 272.8380903606 272.5271211948 46.64432242447855 63.739495999999995 63.739495999999995 48.103077 26.86761466028566 7.69019880388537 7.68073455646509
21945600.0 277.040237087 275.471367137 274.4941256427 273.925540008 273.1970337025 272.8380883212 272.529231856 45.91250030757996 63.739495999999995 63.739495999999995 48.103077 26.915561453183276 7.690198678028481 7.6807662179825265
22032000.0 275.5830975996 275.1604322881 274.5244744996 274.0095759431 273.196792487 272.8384619376 272.5315008495 46.33001952618903 63.739495999999995 63.739495999999995 48.103077 27.005648312938327 7.690221762829822 7.680800501670844
22118400.0 274.8667079582 274.7794315004 274.4055414909 274.0008876079 273.1967214484 272.8391518361 272.5339272979 51.07474691488478 63.739495999999995 63.739495999999995 48.103077 27.111227788306195 7.690264539395381 7.680837450890158
22204800.0 274.8977788051 274.6537377661 274.3195061583 273.967459824 273.1967659748 272.8401004649 272.5364997729 56.31991609058571 63.739495999999995 63.739495999999995 48.103077 27.214538727065197 7.69032367709216 7.680876950962731
22291200.0 274.8760304251 274.5907974898 274.2616323106 273.9330966208 273.1968889021 272.8412565129 272.5392013124 59.08431573438669 63.739495999999995 63.739495999999995 48.103077 27.30846020274729 7.690396248953751 7.680918799975899
22377600.0 274.2777052628 274.3094991738 274.1268167218 273.8679736325 273.197056623 272.8425757928 272.5420127017 60.32342105919267 63.739495999999995 63.739495999999995 48.103077 27.3839207545214 7.690479751417026 7.680962755470911
22464000.0 273.4643565497 273.8544969157 273.8941636736 273.7532307158 273.1972300237 272.8440198538 272.544914204 60.23495945964714 63.739495999999995 63.739495999999995 48.103077 27.42607904376722 7.690571997951811 7.681008558932213
22550400.0 273.7269973994 273.7767477615 273.767345374 273.6588229995 273.1973863201 272.8455556932 272.5478865934 63.739495999999995 63.739495999999995 63.739495999999995 48.103077 27.432746208859086 7.690671091709473 7.68105595067534
22636800.0 273.6020460629 273.6737078786 273.6669202055 273.5812849926 273.1975177586 272.8471561816 272.5509120011 63.739495999999995 63.739495999999995 63.739495999999995 48.103077 27.40754112838795 7.69077545299458 7.681104682805898
22723200.0 273.5645454777 273.6045276186 273.5914893465 273.5198629855 273.1976266207 272.8488002575 272.55397459 61.020845337933096 63.739495999999995 63.739495999999995 48.103077 27.355914642892152 7.690883840290769 7.681154530389089
22809600.0 274.0400800783 273.764596273 273.6165179382 273.5033108356 273.1977265929 272.8504729829 272.5570610808 57.081734027215525 63.739495999999995 63.739495999999995 48.103077 27.290162617705292 7.6909953681647 7.6812053010751375
22896000.0 275.0277437591 274.2281160369 273.8002011083 273.5650871446 273.1978414553 272.8521653436 272.5601610958 55.989290415620154 63.739495999999995 63.739495999999995 48.103077 27.23315323108616 7.691109512167767 7.681256842511978
22982400.0 274.8667732991 274.3402319742 273.9130057471 273.6312839245 273.1979817697 272.8538723349 272.5632669703 55.052562611360145 63.739495999999995 63.739495999999995 48.103077 27.196301456922527 7.691225997804571 7.681309041286988
23068800.0 274.0880582409 274.074532122 273.8589139764 273.6372952436 273.1981384973 272.8555902312 272.5663729898 59.23247960658072 63.739495999999995 63.739495999999995 48.103077 27.170516406791585 7.691344625649375 7.681361812074925
23155200.0 273.247387327 273.6214910913 273.6835822715 273.5846269298 273.1982984663 272.8573131872 272.5694766668 59.293464400711834 63.739495999999995 63.739495999999995 48.103077 27.14412329995089 7.691465036776259 7.681415121295036
23241600.0 273.2468630341 273.4319889672 273.5212023315 273.4934250018 273.1984482912 272.8590411487 272.5725744046 55.49984284883488 63.739495999999995 63.739495999999995 48.103077 27.100529548562875 7.691587266021473 7.681468914302223
23328000.0 273.2464906612 273.3612448708 273.4278097585 273.4188168089 273.1985737156 272.8607688311 272.5756605975 52.235416019490515 63.739495999999995 63.739495999999995 48.103077 27.024520796503115 7.691710972382303 7.681523098363374
23414400.0 273.2463043842 273.324823176 273.3724485614 273.368461932 273.1986768917 272.8624878744 272.5787272099 50.50604441266595 63.739495999999995 63.739495999999995 48.103077 26.918764484464074 7.691835572859077 7.6815775331089
23500800.0 274.7843238784 273.929824552 273.5792364054 273.4256889371 273.1987850397 272.8641966518 272.5817742309 47.69357402915967 63.739495999999995 63.739495999999995 48.103077 26.816742755627175 7.691960952100617 7.681632216653162
23587200.0 274.4892398721 274.0388267297 273.6965618775 273.4911574115 273.1989084945 272.8658951206 272.5847997687 46.194554534125274 63.739495999999995 63.739495999999995 48.103077 26.732856959849794 7.692087107138961 7.681687112697576
23673600.0 273.2456865343 273.5545850435 273.5700648107 273.4774019649 273.1990395576 272.8675853241 272.5878081686 44.73867308224838 63.739495999999995 63.739495999999995 48.103077 26.656802930157898 7.692214192524487 7.681742298370618
23760000.0 273.2452008228 273.3961033917 273.4527248522 273.4219534975 273.1991699633 272.8692654966 272.5907933937 40.54219448162812 63.739495999999995 63.739495999999995 48.103077 26.574670448278077 7.692342078508764 7.681797660615622
23846400.0 273.2447861896 273.3346338343 273.3817099281 273.3713406094 273.1992922242 272.8709341657 272.5937532431 37.35959982207221 63.739495999999995 63.739495999999995 48.103077 26.474994841185456 7.692470651400171 7.681853153676947
23932800.0 273.2450096192 273.3054995855 273.3396436574 273.3351184052 273.199405827 272.8725885308 272.596683724 39.02520880953978 63.739495999999995 63.739495999999995 48.103077 26.35680038503196 7.692599687500158 7.681908695712013
24019200.0 273.6054294107 273.4318077474 273.3675528458 273.3303620905 273.1995175064 272.8742295061 272.5995885025 40.554113147806724 63.739495999999995 63.739495999999995 48.103077 26.231683387956497 7.692729247144414 7.681964348946963
24105600.0 274.1862504797 273.7101919249 273.4829290796 273.3714140761 273.1996347687 272.8758570312 272.6024671527 40.19237591788691 63.739495999999995 63.739495999999995 48.103077 26.113623344754295 7.692859315425796 7.682020098787321
24192000.0 273.2450168316 273.4787815397 273.4545700143 273.3822134348 273.1997567841 272.8774738629 272.6053257222 39.080915331526256 63.739495999999995 63.739495999999995 48.103077 26.001948161051804 7.692990106051843 7.682076057529724
24278400.0 273.244098368 273.3504944183 273.3800970208 273.3544833873 273.199880883 272.8790776918 272.6081578925 32.954166640152046 63.739495999999995 63.739495999999995 48.103077 25.89050719690739 7.693121425951238 7.682132096407041
24364800.0 273.2419298019 273.3025953155 273.3323510601 273.3239845708 273.2000027686 272.8806678547 272.6109621831 24.54949597045246 63.739495999999995 63.739495999999995 48.103077 25.770592753418494 7.693253209766326 7.682188178423199
24451200.0 273.2339138003 273.2761622986 273.3011148208 273.2993954862 273.200121829 272.8822447379 272.6137401707 16.762043736572803 63.739495999999995 63.739495999999995 48.103077 25.641257952997826 7.693385477652301 7.6822443272737715
24537600.0 271.6108506321 273.2480788763 273.2739948325 273.2786515421 273.2002385537 272.8838081616 272.6164918711 14.299010726933206 62.34942135596396 63.739495999999995 48.103077 25.503526478198715 7.6935182025367475 7.682300535757728
24624000.0 270.882960411 273.2474186586 273.2617658281 273.2652344007 273.2003538459 272.8853580362 272.6192173312 14.298775853806182 59.48151934260014 63.739495999999995 48.103077 25.35936269462067 7.6936513639902895 7.682356797159881
24710400.0 270.9664236098 273.2469894487 273.2554942757 273.2575950093 273.2004687883 272.8868923735 272.6219120506 14.298794659800281 56.51651830967691 63.739495999999995 48.103077 25.21094927432213 7.693784774694735 7.682413009275619
24796800.0 271.7011466298 273.2467414997 273.2518127762 273.2531680411 273.2005847458 272.8884132185 272.6245808908 14.299056802041347 54.47304969136368 63.739495999999995 48.103077 25.062603853274016 7.693918595530826 7.682469264145373
24883200.0 271.1578842236 273.2464249745 273.2497364668 273.2506647559 273.2007017517 272.8899206791 272.6272240333 14.298843914151622 51.630199853644385 63.73907507414605 48.103077 24.914682316271055 7.694052821967253 7.682525557685191
24969600.0 271.201271282 273.2461166704 273.2495346489 273.249704648 273.2008197071 272.8914148862 272.6298417077 14.298856456102138 48.73870481253261 63.73516457017111 48.103054605136286 24.767307008001026 7.694187451550756 7.682581886835717
25056000.0 270.503251283 273.2456875992 273.2494384722 273.2494136276 273.2009384676 272.8928959558 272.63243415 14.29870560216698 44.74832883114445 63.73014006318316 48.10277615332214 24.620530957810722 7.694322480529298 7.682638248710765
25142400.0 271.6199329947 273.2454189986 273.249370776 273.2492872293 273.2010578755 272.8943639829 272.6350016031 14.299015109329504 42.37098246776685 63.72457854756322 48.102417648569286 24.47438487485362 7.694457903284439 7.6826946406117544
25228800.0 271.7828887769 273.2451606558 273.2493163492 273.2492030559 273.2011777713 272.8958190542 272.6375443348 14.299103900665568 40.21665960437721 63.718538697665366 48.10203985330884 24.328886543068172 7.694593713327073 7.682751060446201
25315200.0 270.1099445807 273.2444903351 273.2492644892 273.2491372534 273.2012980013 272.8972612454 272.6400626046 14.298651736715653 35.33364552821133 63.71121890624298 48.10164549466298 24.184048976789974 7.694729903071345 7.682807506010984
25401600.0 270.7094840529 273.2437721648 273.2492145871 273.2490818088 273.2014184157 272.8986906225 272.642556666 14.298740977912331 31.21886705630321 63.70249543947112 48.101233890886036 24.03987182716589 7.694866463877943 7.682863975016395
25488000.0 271.5345621845 273.2431331348 273.2491674501 273.249033192 273.201538876 272.900107249 272.6450267715 14.298975908793714 28.37715870331405 63.692521842551315 48.10080516492466 23.896357266699233 7.695003386660196 7.682920465235264
25574400.0 270.5048150184 273.2415186843 273.2491155143 273.2489888624 273.2016592574 272.9015111869 272.6474731717 14.298705849138406 23.574419151306913 63.679317966957306 48.1003541673204 23.753515640971685 7.695140662047623 7.682976974450037
25660800.0 270.2036610675 273.236581746 273.2490428049 273.2489457598 273.2017796156 272.9029025124 272.6498961211 14.298663234721582 17.89813369172053 63.65635573465205 48.09985925267473 23.61177763953629 7.695278281872323 7.683033500601906
25747200.0 269.5836271968 272.5038504047 273.2480381572 273.2488465415 273.2018998697 272.9042813054 272.6522958671 14.298598639344377 14.300056580818024 62.230144056754845 48.09857269316483 23.471170949023346 7.69541623821653 7.683090041555089
25833600.0 269.3554979507 271.4562614517 273.2473063743 273.248743494 273.2020202014 272.9056476717 272.6546726725 14.298580304697474 14.298943499357026 58.785763734748784 48.09671376076496 23.332374863187088 7.695554525702319 7.6831465955875
25920000.0 269.5253876348 271.4191851013 273.2468286449 273.2486540671 273.202139725 272.9070040415 272.657032056 14.298593733691431 14.29892920251796 55.21353862764063 48.09458309051387 23.193489272965625 7.695693378293433 7.683203287993221
26006400.0 270.0738485044 271.6750948934 273.2464657351 273.2485726823 273.202258776 272.9083481755 272.6593688219 14.298647499600788 14.299042891310652 52.00596794607626 48.09216592197276 23.05516982935464 7.695832554666362 7.683259987874162
26092800.0 270.0981563316 271.7414703854 273.2461465275 273.2484978119 273.2023772721 272.9096795753 272.6616820017 14.298650341662054 14.299079306194633 49.01961987825794 48.08948952196676 22.917528346080598 7.69597198588458 7.683316663352411
26179200.0 270.2764263038 271.8319447486 273.2458429795 273.2484272755 273.2024951666 272.9109971092 272.6639693378 14.298672692802304 14.299135007897977 46.17321249476218 48.086521556136645 22.780669348556305 7.696111532694493 7.683373249421471
26265600.0 269.9121427556 271.7115084216 273.2454949995 273.2483600312 273.2026122752 272.9123025663 272.6662350222 14.298629705477557 14.299062430863492 43.02971984825388 48.08323739707794 22.644626696277907 7.69625136453919 7.683429840637559
26352000.0 269.5512779173 271.5715860697 273.2450740182 273.2482941832 273.2027285724 272.9135960124 272.6684792653 14.298595894396609 14.298992336514244 39.52578820068975 48.07953206648735 22.50943669166594 7.696391471235247 7.683486434504128
26438400.0 269.6230267687 271.6058921 273.2445937493 273.2482288454 273.2028439705 272.9148775516 272.6707023108 14.298602052275688 14.299008311665231 36.0175951174921 48.07531641719313 22.374965507433675 7.696531846659143 7.683543029453016
26524800.0 269.9856857103 271.7740932905 273.2440720376 273.2481637763 273.2029583755 272.9161472516 272.6729043383 14.298637567030507 14.299098501394845 32.80503973452912 48.07052472348386 22.241080240994293 7.696672480699614 7.683599622333471
26611200.0 269.9766072827 271.8115266913 273.2434288436 273.2480978522 273.2030717775 272.9174052237 272.6750856079 14.298636576359392 14.299121734536746 29.606591262410248 48.06498753255398 22.10787456436916 7.696813368002784 7.683656212140141
26697600.0 268.5860703505 271.3184833157 273.2421613654 273.2480249138 273.2031843034 272.9186515918 272.6772463834 14.298532275400124 14.298893337501864 25.162252623609717 48.05786643171229 21.97577946066514 7.696954504715598 7.68371279805527
26784000.0 268.6583749446 271.3278244829 273.2397616727 273.2479375379 273.2032955486 272.9198864236 272.679386848 14.298536071565158 14.29889648428891 20.611152415381362 48.047655581547254 21.84377054240719 7.697095880712359 7.683769377260021
26870400.0 269.7713865645 271.7588150114 273.2347568286 273.2478231917 273.2034054073 272.9211098158 272.6815072577 14.298615636481694 14.299089359602249 17.055612075888405 48.030920260234446 21.71174069379332 7.697237489071032 7.683825948912588
26956800.0 267.9664703472 270.8675108387 272.6896938698 273.2465911803 273.203515261 272.9223219136 272.6836078338 14.298504187074213 14.298772479462759 14.300804412288427 47.289530443182336 21.583483484515234 7.697379328627524 7.683882511353417
27043200.0 267.5955706645 270.1959517832 271.8531213704 273.2455475968 273.2036244488 272.9235228996 272.6856888686 14.298490440683059 14.298662224259353 14.29914912717793 45.40311211968955 21.45692306904863 7.697521402965515 7.683939064948089
27129600.0 267.7702731909 270.1424354371 271.770742294 273.2447816289 273.2042150445 272.9248601619 272.6877857639 14.298496673443301 14.298655604115947 14.299096428784027 43.358737547993655 21.336097545310672 7.697681426880104 7.68399657757381
27216000.0 266.5943417764 269.6175399643 271.563940476 273.2440078574 273.2048614834 272.9263231649 272.6899140704 14.298461271481896 14.298601542206747 14.298988805193192 41.05447003955715 21.218674466189167 7.697858744490644 7.684055501284051
27302400.0 266.5466554351 269.4953259348 271.5159022954 273.2431059966 273.2053942901 272.9278940259 272.6920945123 14.298460108178729 14.298591235192426 14.298967787017897 38.50229024975522 21.103214502131483 7.698051800740105 7.684116450701449
27388800.0 267.4645902111 269.9279048793 271.7237616395 273.2420652467 273.2057668064 272.9294806639 272.6943125399 14.29848602521871 14.298631326251837 14.299069138177028 36.0779806263083 20.987895714231136 7.698249658306802 7.684179064230366
27475200.0 268.4432790448 270.4850764626 271.9970690128 273.240848312 273.2059861358 272.9310103567 272.6965382293 14.298525129539732 14.298702712906618 14.299259701078817 33.986115480908055 20.87166510727138 7.69844319758812 7.684242525224863
27561600.0 269.5732200253 271.1075763542 272.2842245907 273.2395199009 273.2060630166 272.9324141657 272.6987282073 14.298597750707446 14.298830001260159 14.299593732598833 32.40983429802017 20.753794423592357 7.698623264679147 7.684305594328403
27648000.0 268.735545267 270.8474515684 272.2192968995 273.2371607747 273.2061860798 272.933743701 272.7008756227 14.298540263903028 14.298768229083704 14.299499686903792 30.685878740296488 20.637410780079584 7.698796014402254 7.684368049930107
27734400.0 267.0260066309 270.0344465494 271.8913109211 273.2271031468 273.2060202621 272.9349392855 272.7029613844 14.2984726482553 14.298642954898236 14.299175876566494 28.46560821930446 20.51524495021996 7.698953229424245 7.684429301252038
27820800.0 264.0592234549 268.2463420668 270.6894211175 272.7575275173 273.2071660642 272.9363853667 272.7050631176 14.2984166968971 14.298515952161376 14.298737176469666 25.89175982803273 20.422702643077713 7.699145794584584 7.684491617075822
27907200.0 264.9136959792 268.0484774686 270.2082247531 272.4990351552 273.208645244 272.93813966 272.7072325654 14.298428579672867 14.298507482979812 14.298663736835834 23.195078614571067 20.346115755398596 7.699383020132803 7.684556576707253
27993600.0 263.7471457797 267.537677722 269.9483158493 272.4447832268 273.2098660017 272.940196822 272.7095358662 14.298412908705878 14.298488444591507 14.298633455616303 20.214033875216018 20.27506845696776 7.69966638252551 7.684626262235103
28080000.0 262.2344588225 266.6881027629 269.5006845341 272.3557980118 273.2110305243 272.9424112742 272.7119676652 14.2983976888233 14.298463594282984 14.298591640033834 16.808894161737616 20.212579572825454 7.699977846014252 7.684700650743067
28166400.0 262.2683035512 266.5160262965 269.3707196182 272.3395524217 273.2120589668 272.9446954682 272.7144967675 14.298397981897502 14.29845935462491 14.298581398326998 13.107422896054272 20.155672151303992 7.700306336404851 7.68477891919231
28252800.0 263.0397524722 266.8986837807 269.5891710852 272.4056433927 273.2118203532 272.9467997554 272.717058993 14.298405209267962 14.298469108597123 14.29859905195563 9.561486119820856 20.064764993240285 7.700615655131322 7.684859168646521
28339200.0 263.7839076119 267.2178288472 269.5407175436 271.7065666055 273.2114088747 272.9483986859 272.7195176695 14.298413341484308 14.298478232007248 14.29859494718308 7.676230432335034 19.96457384990049 7.700855115428242 7.684937095669744
28425600.0 264.4984349192 267.3749440455 269.3509691019 271.3315673491 273.212178529 272.9499144557 272.7218550047 14.298422503992239 14.298483103648797 14.29857990477038 7.675060030519213 19.901785083195865 7.7010857441685845 7.685012027521204
28512000.0 265.0808906035 267.6839961316 269.4967226436 271.3820270174 273.2128227862 272.9515306369 272.7241449903 14.298431207199737 14.298493525394212 14.29859131677898 7.675155982034764 19.841005296020686 7.701335629114215 7.685086259179466
28598400.0 264.3988895773 267.4567447233 269.4251511828 271.3828918751 273.2133506047 272.9532009843 272.7264273802 14.29842113540965 14.298485749220319 14.298585598568566 7.675176315070725 19.780996048364443 7.701598310599129 7.68516106335093
28684800.0 263.8377060779 267.1118203064 269.2246340619 271.313475336 273.2138730884 272.9548826478 272.728707651 14.298413981148393 14.298475091823612 14.298570715447243 7.675062343921255 19.7248298176741 7.701867429569719 7.685236627805956
28771200.0 263.0301998348 266.6451015017 268.9526742813 271.2203374917 273.2143162574 272.9565630339 272.7309836666 14.298405112849226 14.298462513248381 14.298552855493861 7.674924443150533 19.669678825657627 7.702141135890247 7.685312892011633
28857600.0 263.3839833037 266.6921633713 268.93506271 271.2262772556 273.2144214679 272.9581575241 272.7332381031 14.298408812946091 14.29846369712666 14.29855178032967 7.674955078470596 19.6032326309506 7.702405396531835 7.685389274964567
28944000.0 263.7009215907 266.8920369631 269.0604006253 271.2919260906 273.2136494329 272.9594852386 272.7354180596 14.298412369431498 14.298468928724265 14.298559638797627 7.675079345564185 19.501219033996584 7.702628903683784 7.685463944312727
29030400.0 264.1137556927 267.0218065961 268.9701542659 270.8643517569 273.2136758334 272.9605405118 272.7374685601 14.298417386411845 14.29847251287261 14.298553931811739 7.674259020005132 19.42426367064337 7.702808838703001 7.685534917800463
29116800.0 263.7199122672 266.7304743108 268.6575802869 270.5220677341 273.2144310882 272.9616821024 272.7394358354 14.298412590327095 14.298464674023672 14.298535979907763 7.673905024617509 19.376269444537773 7.70300581962479 7.68560369373761
29203200.0 264.5776809178 267.0113188863 268.720234124 270.4963645569 273.2151336454 272.9630180147 272.741401463 14.2984236168201 14.298472217433673 14.298539370217929 7.673879610727714 19.33115775572295 7.703239461801634 7.685673090122676
29289600.0 265.9810115047 267.8228758688 269.217892603 270.7607027015 273.2155874459 272.964476967 272.7434080861 14.298447518429967 14.298498612800328 14.298570242098624 7.674111993508277 19.27877476354949 7.703498563681642 7.685744643358317
29376000.0 266.0184386778 268.054982527 269.4533707805 270.9332394359 273.2158288249 272.9659187956 272.7454277323 14.298448288211858 14.298507750698443 14.298587826072733 7.674300169238787 19.21719341055831 7.703758761186194 7.6858173957074625
29462400.0 265.4074677547 267.8304027405 269.3850513669 270.9432325567 273.2158153889 272.9672621084 272.7474275176 14.298436675595944 14.298498896307233 14.298582492166863 7.674319282529833 19.141580236456395 7.704004968026249 7.685890169929077
29548800.0 266.5299357711 268.3600518066 269.6830636759 271.100101552 273.2157748333 272.9684927904 272.7493829629 14.298459704376272 14.298521144113014 14.298607341117735 7.6745164741046175 19.060999174520514 7.704233810843651 7.685962050789964
29635200.0 268.665516285 269.5718069988 270.431612004 271.4987640691 273.2156051289 272.9695979963 272.7512761537 14.298536453313748 14.298597600766655 14.298694516179529 7.675185953801742 18.969425559759078 7.704442049564257 7.686032331824288
29721600.0 269.0187518486 270.0636172641 270.8587381958 271.7786098909 273.2153254735 272.9705683189 272.7530934289 14.298557027065405 14.298646282354884 14.2987705586603 7.675908697064348 18.866111419187117 7.7046270420640255 7.686100441158613
29808000.0 268.2018028186 269.8050792143 270.8041585254 271.8025644124 273.2149306765 272.9713955849 272.7548237496 14.298514006220058 14.298618861783055 14.29875925823406 7.676003133616782 18.747188693323942 7.7047863880042256 7.68616588833878
29894400.0 267.3005797923 269.3060395672 270.5167595236 271.6657277998 273.2142719508 272.9720412029 272.7564502864 14.298480782014144 14.298576596276233 14.298707659021394 7.675610654295605 18.59303961310505 7.704911800422457 7.686227947965577
29980800.0 265.4326336401 268.2223315953 269.82226597 271.2562143279 273.2138690984 272.9725983831 272.7579832948 14.298437116698752 14.298514887259243 14.298620513643085 7.674751250975324 18.129441154163697 7.705020785899649 7.686286922318738
30067200.0 262.3131185768 266.2838631597 268.4787032465 270.3412205414 273.2142149345 272.9733855303 272.7595047275 14.298398372856449 14.298453979645311 14.298526813282258 7.6737490809117395 16.536950391412656 7.705175954712951 7.686345920660903
30153600.0 261.7918343952 265.4480240996 267.6715411104 269.7043713656 273.2142883467 272.9745198894 272.7611000565 14.29839402097862 14.298437374767223 14.298493061007365 7.6733779862608005 14.444763000065025 7.705402078869511 7.68640829281339
30240000.0 262.8281943495 265.6873365675 267.6140689579 269.5450559542 273.2128633801 272.9758328798 272.7627853674 14.298403116853283 14.29844173934196 14.298491042039709 7.673303794518472 12.169436305826387 7.705667581984716 7.686474755228238
30326400.0 262.1431736766 265.3559738611 267.3929455196 269.3989711026 273.2069548142 272.9769256925 272.7644740359 14.298396907574672 14.298435769143824 14.298483659246862 7.673244962463834 9.798160968804828 7.70589171144136 7.686541947506264
30412800.0 262.132508412 265.2326211985 267.2384561733 269.2278215756 273.0171345907 272.9670114594 272.7635899978 14.29839681716657 14.298433677538636 14.29847883701617 7.673178668818632 7.744642998751542 7.703958747068722 7.686506696465067
30499200.0 263.5683591258 265.7773216277 267.3390856564 268.9327092982 271.7965363493 272.7074609949 272.7013506064 14.298410852520728 14.29844345571911 14.298481948211084 7.673070558158429 7.6759065896012 7.684563480701379 7.684381947163999
30585600.0 265.8031429765 266.8988582246 267.8543455039 268.9441255486 271.1338810441 272.3341754401 272.56544798 14.298443970020353 14.29846911332022 14.298499781808182 7.673066886566008 7.6744755988709 7.6785465627392 7.681346036199414
30672000.0 265.6713170707 267.0210265148 267.9290150499 268.862272784 270.7192593853 271.9840504314 272.3873862629 14.298441451793972 14.298472490856991 14.298502665924767 7.673040538062288 7.6739997497595445 7.6764579696782205 7.6790367656259395
30758400.0 262.7932562619 265.5290606671 266.9987978262 268.2399294919 270.2871498936 271.6535613952 272.1888229048 14.298402779741464 14.298438821226727 14.2984718474259 7.672885503350745 7.673660434517062 7.675399654011022 7.677490120268352
30844800.0 262.7779716913 265.0613695801 266.4523820417 267.7080852665 269.8503943116 271.3299072271 271.9783868371 14.298402632994021 14.298430882198423 14.298457826068935 7.672780709897972 7.673410767911299 7.674743143331573 7.676434659614981
30931200.0 263.9732965977 265.4357046789 266.4681945024 267.5075756813 269.4979911812 271.024819544 271.7635423929 14.298415627475835 14.298437157606761 14.298458198804761 7.672745587133251 7.6732535373520125 7.674311218275059 7.675694469808895
31017600.0 263.6873732575 265.2968913764 266.3157685868 267.3021612323 269.202274205 270.7438340597 271.5505685017 14.298412212396501 14.298434758911055 14.298454679422115 7.672712817234336 7.673143889769637 7.674012416449381 7.675161175165992
31104000.0 264.6048806819 265.6765197337 266.4542656599 267.2722841127 268.9847312871 270.4948293674 271.3455905144 14.298424003661475 14.298441535879116 14.298457870374259 7.672707769917964 7.673073283265085 7.673801662168745 7.674769392608266
31190400.0 264.7950931781 265.8282653765 266.5322740221 267.2625010712 268.8235750842 270.2793889214 271.1531408358 14.298426781167379 14.298444446606938 14.298459728004504 7.672706018739878 7.673025654474803 7.6736494958003885 7.674476402682937
31276800.0 260.5759583731 263.6820216231 265.2495375612 266.5040347845 268.5062078362 270.0532883775 270.9651187182 14.298385307757648 14.298412139943816 14.298433946079507 7.672606660963669 7.6729428231360375 7.673513097841947 7.674241132457452
31363200.0 259.7500782922 262.6450534611 264.3092916642 265.742834818 268.0799192623 269.7925010687 270.7699703936 14.298380314169695 14.298401365891085 14.298419906524916 7.672527270779532 7.6728482507886175 7.673379116663869 7.674037157502197
31449600.0 260.5256369961 262.6420514021 264.0154458472 265.3196445097 267.6772989354 269.5114179484 270.5642024004 14.298384984273332 14.298401337864828 14.298416126199148 7.672489556514452 7.672772539364259 7.673256710163628 7.67385619490986
31536000.0 260.5378528317 262.5285299874 263.7964188341 265.0169504007 267.3265320945 269.2291988036 270.3509845171 14.298385062558179 14.298400290051253 14.298413466866268 7.672465056078037 7.6727152154276705 7.673151876121478 7.67369739693586
