single point
       alpha_p                      0.009140336377442999    1.000000000000000    0.000000000000000
       alpha_m                      0.001824911962312000    1.000000000000000    0.000000000000000
           n_p                      2.049968428596000    1.000000000000000    0.000000000000000
           n_m                      2.050085044418000    1.000000000000000    0.000000000000000
          wr_p                      0.2247881700974000    1.000000000000000    0.000000000000000
          wr_m                      0.1598156059331000    1.000000000000000    0.000000000000000
         tcs_p                      0.4401177562330900    1.000000000000000    0.000000000000000
         tcs_m                      0.9520737621707800    1.000000000000000    0.000000000000000
         tcd_p                      0.1015721857137600    1.000000000000000    0.000000000000000
         tcd_m                      0.9843796986009400    1.000000000000000    0.000000000000000
          af_p                      1.505106884208700    1.000000000000000    0.000000000000000
          af_m                      1.499392428424500    1.000000000000000    0.000000000000000
         auf_p                      0.4866892401063500    1.000000000000000    0.000000000000000
         auf_m                      0.6988840286288700    1.000000000000000    0.000000000000000
         por_p                      0.6374778340160800    1.000000000000000    0.000000000000000
         por_m                      0.4809947284025400    1.000000000000000    0.000000000000000
        perm_p                      1.336655531800000e-11    1.000000000000000    0.000000000000000
        perm_m                      9.706641791620000e-14    1.000000000000000    0.000000000000000
         den_p                      900.0000000000000    1.000000000000000    0.000000000000000
         den_m                      1900.000000000000    1.000000000000000    0.000000000000000
